BW = 10000;AVG = 15
+7.100000E+9	-1.896977E-2	+9.419183E-1
+7.100015E+9	-1.926420E-2	+9.413177E-1
+7.100030E+9	-1.896278E-2	+9.409880E-1
+7.100045E+9	-1.887708E-2	+9.410151E-1
+7.100060E+9	-1.846186E-2	+9.407381E-1
+7.100075E+9	-1.772519E-2	+9.408068E-1
+7.100090E+9	-1.793217E-2	+9.412612E-1
+7.100105E+9	-1.814730E-2	+9.411423E-1
+7.100120E+9	-1.803752E-2	+9.408001E-1
+7.100135E+9	-1.826777E-2	+9.406055E-1
+7.100150E+9	-1.764524E-2	+9.412108E-1
+7.100165E+9	-1.748642E-2	+9.411852E-1
+7.100180E+9	-1.802491E-2	+9.413610E-1
+7.100195E+9	-1.777334E-2	+9.409486E-1
+7.100210E+9	-1.751748E-2	+9.408320E-1
+7.100225E+9	-1.724969E-2	+9.417373E-1
+7.100240E+9	-1.701689E-2	+9.413962E-1
+7.100255E+9	-1.670997E-2	+9.414600E-1
+7.100270E+9	-1.645195E-2	+9.411886E-1
+7.100285E+9	-1.650600E-2	+9.407003E-1
+7.100300E+9	-1.682854E-2	+9.413961E-1
+7.100315E+9	-1.688775E-2	+9.413844E-1
+7.100330E+9	-1.664720E-2	+9.409188E-1
+7.100345E+9	-1.617147E-2	+9.408574E-1
+7.100360E+9	-1.545292E-2	+9.406480E-1
+7.100375E+9	-1.561281E-2	+9.407544E-1
+7.100390E+9	-1.555434E-2	+9.409467E-1
+7.100405E+9	-1.483987E-2	+9.412890E-1
+7.100420E+9	-1.519794E-2	+9.413845E-1
+7.100435E+9	-1.525314E-2	+9.411496E-1
+7.100450E+9	-1.414920E-2	+9.417707E-1
+7.100465E+9	-1.407671E-2	+9.413735E-1
+7.100480E+9	-1.495323E-2	+9.415515E-1
+7.100495E+9	-1.429437E-2	+9.411883E-1
+7.100510E+9	-1.389618E-2	+9.414008E-1
+7.100525E+9	-1.385962E-2	+9.415785E-1
+7.100540E+9	-1.429450E-2	+9.417797E-1
+7.100555E+9	-1.451958E-2	+9.417456E-1
+7.100570E+9	-1.399749E-2	+9.411619E-1
+7.100585E+9	-1.353645E-2	+9.410722E-1
+7.100600E+9	-1.347871E-2	+9.408214E-1
+7.100615E+9	-1.284083E-2	+9.407937E-1
+7.100630E+9	-1.274993E-2	+9.407147E-1
+7.100645E+9	-1.272678E-2	+9.410966E-1
+7.100660E+9	-1.317609E-2	+9.414062E-1
+7.100675E+9	-1.243592E-2	+9.415801E-1
+7.100690E+9	-1.257967E-2	+9.422534E-1
+7.100705E+9	-1.268906E-2	+9.416132E-1
+7.100720E+9	-1.248063E-2	+9.414918E-1
+7.100735E+9	-1.212669E-2	+9.413711E-1
+7.100750E+9	-1.185175E-2	+9.409040E-1
+7.100765E+9	-1.205738E-2	+9.411120E-1
+7.100780E+9	-1.177188E-2	+9.414492E-1
+7.100795E+9	-1.179322E-2	+9.413264E-1
+7.100810E+9	-1.125334E-2	+9.412770E-1
+7.100825E+9	-1.120105E-2	+9.405241E-1
+7.100840E+9	-1.120542E-2	+9.414777E-1
+7.100855E+9	-1.111164E-2	+9.412029E-1
+7.100870E+9	-1.085977E-2	+9.404852E-1
+7.100885E+9	-1.004632E-2	+9.403090E-1
+7.100900E+9	-1.024576E-2	+9.415190E-1
+7.100915E+9	-1.017008E-2	+9.414171E-1
+7.100930E+9	-1.023330E-2	+9.412332E-1
+7.100945E+9	-9.927837E-3	+9.416389E-1
+7.100960E+9	-9.431893E-3	+9.414682E-1
+7.100975E+9	-9.717940E-3	+9.416381E-1
+7.100990E+9	-1.048749E-2	+9.412314E-1
+7.101005E+9	-1.005729E-2	+9.413062E-1
+7.101020E+9	-9.422579E-3	+9.412708E-1
+7.101035E+9	-9.814105E-3	+9.413070E-1
+7.101050E+9	-9.254122E-3	+9.407575E-1
+7.101065E+9	-9.477362E-3	+9.408030E-1
+7.101080E+9	-8.922442E-3	+9.407299E-1
+7.101095E+9	-9.368978E-3	+9.411472E-1
+7.101110E+9	-9.009286E-3	+9.416146E-1
+7.101125E+9	-8.492348E-3	+9.411272E-1
+7.101140E+9	-8.469950E-3	+9.412596E-1
+7.101155E+9	-8.242482E-3	+9.408897E-1
+7.101170E+9	-8.200657E-3	+9.412134E-1
+7.101185E+9	-8.362465E-3	+9.409503E-1
+7.101200E+9	-8.028119E-3	+9.410843E-1
+7.101215E+9	-7.612356E-3	+9.414000E-1
+7.101230E+9	-7.894922E-3	+9.415919E-1
+7.101245E+9	-7.634438E-3	+9.415278E-1
+7.101260E+9	-7.376520E-3	+9.412794E-1
+7.101275E+9	-7.675508E-3	+9.413581E-1
+7.101290E+9	-7.270223E-3	+9.411007E-1
+7.101305E+9	-6.947938E-3	+9.413561E-1
+7.101320E+9	-7.008768E-3	+9.413065E-1
+7.101335E+9	-6.729582E-3	+9.412993E-1
+7.101350E+9	-6.803969E-3	+9.416134E-1
+7.101365E+9	-6.557402E-3	+9.408338E-1
+7.101380E+9	-6.280062E-3	+9.411427E-1
+7.101395E+9	-5.528672E-3	+9.413424E-1
+7.101410E+9	-5.667833E-3	+9.410975E-1
+7.101425E+9	-5.960102E-3	+9.409294E-1
+7.101440E+9	-5.326008E-3	+9.410582E-1
+7.101455E+9	-5.244597E-3	+9.415549E-1
+7.101470E+9	-5.137196E-3	+9.413298E-1
+7.101485E+9	-5.285634E-3	+9.418094E-1
+7.101500E+9	-5.006420E-3	+9.412010E-1
+7.101515E+9	-4.454329E-3	+9.414575E-1
+7.101530E+9	-3.732416E-3	+9.417616E-1
+7.101545E+9	-4.161567E-3	+9.417149E-1
+7.101560E+9	-4.381855E-3	+9.416396E-1
+7.101575E+9	-4.226831E-3	+9.413264E-1
+7.101590E+9	-4.423700E-3	+9.415109E-1
+7.101605E+9	-3.847816E-3	+9.412916E-1
+7.101620E+9	-4.120505E-3	+9.413660E-1
+7.101635E+9	-3.356483E-3	+9.407681E-1
+7.101650E+9	-3.068991E-3	+9.414150E-1
+7.101665E+9	-3.083503E-3	+9.410731E-1
+7.101680E+9	-3.358124E-3	+9.411603E-1
+7.101695E+9	-2.987985E-3	+9.409679E-1
+7.101710E+9	-3.269879E-3	+9.411516E-1
+7.101725E+9	-3.123107E-3	+9.415790E-1
+7.101740E+9	-2.803264E-3	+9.416018E-1
+7.101755E+9	-2.751943E-3	+9.416292E-1
+7.101770E+9	-2.756251E-3	+9.417649E-1
+7.101785E+9	-2.823920E-3	+9.416231E-1
+7.101800E+9	-2.826889E-3	+9.413414E-1
+7.101815E+9	-2.430184E-3	+9.412009E-1
+7.101830E+9	-1.977230E-3	+9.414410E-1
+7.101845E+9	-1.536166E-3	+9.407684E-1
+7.101860E+9	-1.756946E-3	+9.413190E-1
+7.101875E+9	-1.534129E-3	+9.407560E-1
+7.101890E+9	-1.467553E-3	+9.409094E-1
+7.101905E+9	-1.303591E-3	+9.411175E-1
+7.101920E+9	-9.934242E-4	+9.414596E-1
+7.101935E+9	-6.852453E-4	+9.415831E-1
+7.101950E+9	-6.380534E-4	+9.411767E-1
+7.101965E+9	-7.639010E-4	+9.411424E-1
+7.101980E+9	-7.821057E-4	+9.413343E-1
+7.101995E+9	-2.661510E-4	+9.410074E-1
+7.102010E+9	+2.092872E-4	+9.409780E-1
+7.102025E+9	-1.235804E-4	+9.410871E-1
+7.102040E+9	-3.772689E-5	+9.415781E-1
+7.102055E+9	-2.299715E-4	+9.410456E-1
+7.102070E+9	+1.816790E-4	+9.413155E-1
+7.102085E+9	+3.426346E-4	+9.415838E-1
+7.102100E+9	+2.070507E-4	+9.416875E-1
+7.102115E+9	+6.340439E-4	+9.415335E-1
+7.102130E+9	+1.200549E-3	+9.415928E-1
+7.102145E+9	+1.269840E-3	+9.412940E-1
+7.102160E+9	+1.605529E-3	+9.413724E-1
+7.102175E+9	+1.319081E-3	+9.419508E-1
+7.102190E+9	+1.381029E-3	+9.415242E-1
+7.102205E+9	+2.064739E-3	+9.414097E-1
+7.102220E+9	+2.182114E-3	+9.413157E-1
+7.102235E+9	+2.443215E-3	+9.416044E-1
+7.102250E+9	+1.860253E-3	+9.409190E-1
+7.102265E+9	+2.198190E-3	+9.414471E-1
+7.102280E+9	+2.485262E-3	+9.409862E-1
+7.102295E+9	+2.844635E-3	+9.412268E-1
+7.102310E+9	+3.272116E-3	+9.411418E-1
+7.102325E+9	+2.900966E-3	+9.413341E-1
+7.102340E+9	+2.766163E-3	+9.417164E-1
+7.102355E+9	+2.974761E-3	+9.415837E-1
+7.102370E+9	+3.087495E-3	+9.407192E-1
+7.102385E+9	+3.727984E-3	+9.411828E-1
+7.102400E+9	+4.160949E-3	+9.415616E-1
+7.102415E+9	+3.798559E-3	+9.412173E-1
+7.102430E+9	+4.193867E-3	+9.414498E-1
+7.102445E+9	+4.015785E-3	+9.416827E-1
+7.102460E+9	+4.028256E-3	+9.420761E-1
+7.102475E+9	+4.301973E-3	+9.415000E-1
+7.102490E+9	+4.651864E-3	+9.413431E-1
+7.102505E+9	+4.789841E-3	+9.413334E-1
+7.102520E+9	+4.758438E-3	+9.416872E-1
+7.102535E+9	+4.804054E-3	+9.416963E-1
+7.102550E+9	+5.068556E-3	+9.420133E-1
+7.102565E+9	+5.004824E-3	+9.415890E-1
+7.102580E+9	+4.650474E-3	+9.415182E-1
+7.102595E+9	+4.892442E-3	+9.412013E-1
+7.102610E+9	+5.179217E-3	+9.415543E-1
+7.102625E+9	+5.762176E-3	+9.413933E-1
+7.102640E+9	+5.741621E-3	+9.414449E-1
+7.102655E+9	+5.764233E-3	+9.416957E-1
+7.102670E+9	+6.214100E-3	+9.414628E-1
+7.102685E+9	+6.345555E-3	+9.415469E-1
+7.102700E+9	+6.435199E-3	+9.407951E-1
+7.102715E+9	+7.028126E-3	+9.410840E-1
+7.102730E+9	+7.009645E-3	+9.413928E-1
+7.102745E+9	+6.508069E-3	+9.414208E-1
+7.102760E+9	+6.652572E-3	+9.412865E-1
+7.102775E+9	+7.076977E-3	+9.417222E-1
+7.102790E+9	+6.624893E-3	+9.418703E-1
+7.102805E+9	+7.733960E-3	+9.413593E-1
+7.102820E+9	+7.920815E-3	+9.417451E-1
+7.102835E+9	+8.292908E-3	+9.417370E-1
+7.102850E+9	+8.033195E-3	+9.416356E-1
+7.102865E+9	+7.810823E-3	+9.413259E-1
+7.102880E+9	+7.948053E-3	+9.413935E-1
+7.102895E+9	+8.142878E-3	+9.410839E-1
+7.102910E+9	+8.466841E-3	+9.413276E-1
+7.102925E+9	+8.687272E-3	+9.415002E-1
+7.102940E+9	+9.475207E-3	+9.415200E-1
+7.102955E+9	+9.587789E-3	+9.413042E-1
+7.102970E+9	+9.221641E-3	+9.414085E-1
+7.102985E+9	+8.881012E-3	+9.415755E-1
+7.103000E+9	+8.932866E-3	+9.410147E-1
+7.103015E+9	+9.374356E-3	+9.416741E-1
+7.103030E+9	+9.849691E-3	+9.415980E-1
+7.103045E+9	+1.003314E-2	+9.414876E-1
+7.103060E+9	+9.713110E-3	+9.410737E-1
+7.103075E+9	+1.012281E-2	+9.417275E-1
+7.103090E+9	+1.034614E-2	+9.414947E-1
+7.103105E+9	+1.077020E-2	+9.415540E-1
+7.103120E+9	+1.068976E-2	+9.412115E-1
+7.103135E+9	+1.059283E-2	+9.413653E-1
+7.103150E+9	+1.047673E-2	+9.417080E-1
+7.103165E+9	+1.081884E-2	+9.415722E-1
+7.103180E+9	+1.061812E-2	+9.411944E-1
+7.103195E+9	+1.101570E-2	+9.414870E-1
+7.103210E+9	+1.126358E-2	+9.421811E-1
+7.103225E+9	+1.128203E-2	+9.419014E-1
+7.103240E+9	+1.184764E-2	+9.417252E-1
+7.103255E+9	+1.212437E-2	+9.411302E-1
+7.103270E+9	+1.212167E-2	+9.415072E-1
+7.103285E+9	+1.171247E-2	+9.415070E-1
+7.103300E+9	+1.176288E-2	+9.411192E-1
+7.103315E+9	+1.213907E-2	+9.412959E-1
+7.103330E+9	+1.249437E-2	+9.414978E-1
+7.103345E+9	+1.243650E-2	+9.414137E-1
+7.103360E+9	+1.271261E-2	+9.413485E-1
+7.103375E+9	+1.268228E-2	+9.416795E-1
+7.103390E+9	+1.294846E-2	+9.412609E-1
+7.103405E+9	+1.296445E-2	+9.411195E-1
+7.103420E+9	+1.290202E-2	+9.417376E-1
+7.103435E+9	+1.358504E-2	+9.412830E-1
+7.103450E+9	+1.353112E-2	+9.413351E-1
+7.103465E+9	+1.350205E-2	+9.415534E-1
+7.103480E+9	+1.342224E-2	+9.417824E-1
+7.103495E+9	+1.356684E-2	+9.415991E-1
+7.103510E+9	+1.424172E-2	+9.413343E-1
+7.103525E+9	+1.437732E-2	+9.412138E-1
+7.103540E+9	+1.423622E-2	+9.405474E-1
+7.103555E+9	+1.473483E-2	+9.410924E-1
+7.103570E+9	+1.472725E-2	+9.413174E-1
+7.103585E+9	+1.472301E-2	+9.414488E-1
+7.103600E+9	+1.504264E-2	+9.414820E-1
+7.103615E+9	+1.518809E-2	+9.411220E-1
+7.103630E+9	+1.505217E-2	+9.410782E-1
+7.103645E+9	+1.516177E-2	+9.414152E-1
+7.103660E+9	+1.518433E-2	+9.413207E-1
+7.103675E+9	+1.520882E-2	+9.413742E-1
+7.103690E+9	+1.529805E-2	+9.411865E-1
+7.103705E+9	+1.547148E-2	+9.410865E-1
+7.103720E+9	+1.558503E-2	+9.410569E-1
+7.103735E+9	+1.618374E-2	+9.408854E-1
+7.103750E+9	+1.670084E-2	+9.413886E-1
+7.103765E+9	+1.650363E-2	+9.411565E-1
+7.103780E+9	+1.668764E-2	+9.413690E-1
+7.103795E+9	+1.650272E-2	+9.408390E-1
+7.103810E+9	+1.689045E-2	+9.410344E-1
+7.103825E+9	+1.738886E-2	+9.414351E-1
+7.103840E+9	+1.714660E-2	+9.415327E-1
+7.103855E+9	+1.749735E-2	+9.413769E-1
+7.103870E+9	+1.714722E-2	+9.410385E-1
+7.103885E+9	+1.735289E-2	+9.411283E-1
+7.103900E+9	+1.802396E-2	+9.413475E-1
+7.103915E+9	+1.792668E-2	+9.418315E-1
+7.103930E+9	+1.745238E-2	+9.414021E-1
+7.103945E+9	+1.815674E-2	+9.412677E-1
+7.103960E+9	+1.857193E-2	+9.416415E-1
+7.103975E+9	+1.850457E-2	+9.411546E-1
+7.103990E+9	+1.880473E-2	+9.415021E-1
+7.104005E+9	+1.916881E-2	+9.406096E-1
+7.104020E+9	+1.927877E-2	+9.409898E-1
+7.104035E+9	+1.919204E-2	+9.413878E-1
+7.104050E+9	+1.931747E-2	+9.411090E-1
+7.104065E+9	+1.973211E-2	+9.412573E-1
+7.104080E+9	+1.988145E-2	+9.410423E-1
+7.104095E+9	+1.993753E-2	+9.413548E-1
+7.104110E+9	+2.029571E-2	+9.411015E-1
+7.104125E+9	+2.021977E-2	+9.412069E-1
+7.104140E+9	+2.042810E-2	+9.414074E-1
+7.104155E+9	+2.017716E-2	+9.417505E-1
+7.104170E+9	+2.079998E-2	+9.413759E-1
+7.104185E+9	+2.047085E-2	+9.414760E-1
+7.104200E+9	+2.128268E-2	+9.415555E-1
+7.104215E+9	+2.084410E-2	+9.416742E-1
+7.104230E+9	+2.064595E-2	+9.413308E-1
+7.104245E+9	+2.094362E-2	+9.415203E-1
+7.104260E+9	+2.079280E-2	+9.411191E-1
+7.104275E+9	+2.181243E-2	+9.411014E-1
+7.104290E+9	+2.213694E-2	+9.411084E-1
+7.104305E+9	+2.149578E-2	+9.416902E-1
+7.104320E+9	+2.174508E-2	+9.412872E-1
+7.104335E+9	+2.220231E-2	+9.413881E-1
+7.104350E+9	+2.212513E-2	+9.410898E-1
+7.104365E+9	+2.228723E-2	+9.412253E-1
+7.104380E+9	+2.185917E-2	+9.411852E-1
+7.104395E+9	+2.265505E-2	+9.410865E-1
+7.104410E+9	+2.263174E-2	+9.410960E-1
+7.104425E+9	+2.272873E-2	+9.410568E-1
+7.104440E+9	+2.321541E-2	+9.410853E-1
+7.104455E+9	+2.278391E-2	+9.414189E-1
+7.104470E+9	+2.283130E-2	+9.412141E-1
+7.104485E+9	+2.364499E-2	+9.411094E-1
+7.104500E+9	+2.396880E-2	+9.414239E-1
+7.104515E+9	+2.404979E-2	+9.411590E-1
+7.104530E+9	+2.397204E-2	+9.415663E-1
+7.104545E+9	+2.408418E-2	+9.413330E-1
+7.104560E+9	+2.416000E-2	+9.411125E-1
+7.104575E+9	+2.376232E-2	+9.406800E-1
+7.104590E+9	+2.383342E-2	+9.417502E-1
+7.104605E+9	+2.449825E-2	+9.412585E-1
+7.104620E+9	+2.381854E-2	+9.407808E-1
+7.104635E+9	+2.466126E-2	+9.403822E-1
+7.104650E+9	+2.523683E-2	+9.413863E-1
+7.104665E+9	+2.510131E-2	+9.418198E-1
+7.104680E+9	+2.523821E-2	+9.406647E-1
+7.104695E+9	+2.565589E-2	+9.410242E-1
+7.104710E+9	+2.545263E-2	+9.412544E-1
+7.104725E+9	+2.571707E-2	+9.412175E-1
+7.104740E+9	+2.571667E-2	+9.411544E-1
+7.104755E+9	+2.549584E-2	+9.410768E-1
+7.104770E+9	+2.542693E-2	+9.410258E-1
+7.104785E+9	+2.565177E-2	+9.408463E-1
+7.104800E+9	+2.602454E-2	+9.416173E-1
+7.104815E+9	+2.646928E-2	+9.415211E-1
+7.104830E+9	+2.657528E-2	+9.413209E-1
+7.104845E+9	+2.714472E-2	+9.410313E-1
+7.104860E+9	+2.676930E-2	+9.412402E-1
+7.104875E+9	+2.670283E-2	+9.413088E-1
+7.104890E+9	+2.739855E-2	+9.410479E-1
+7.104905E+9	+2.728169E-2	+9.409336E-1
+7.104920E+9	+2.737723E-2	+9.414301E-1
+7.104935E+9	+2.762211E-2	+9.408699E-1
+7.104950E+9	+2.811081E-2	+9.409394E-1
+7.104965E+9	+2.830176E-2	+9.409469E-1
+7.104980E+9	+2.808162E-2	+9.412969E-1
+7.104995E+9	+2.836224E-2	+9.407798E-1
+7.105010E+9	+2.822753E-2	+9.410110E-1
+7.105025E+9	+2.820813E-2	+9.407802E-1
+7.105040E+9	+2.842805E-2	+9.407022E-1
+7.105055E+9	+2.884732E-2	+9.409730E-1
+7.105070E+9	+2.893379E-2	+9.406507E-1
+7.105085E+9	+2.911024E-2	+9.408573E-1
+7.105100E+9	+2.926614E-2	+9.408102E-1
+7.105115E+9	+2.932975E-2	+9.408538E-1
+7.105130E+9	+2.940865E-2	+9.409464E-1
+7.105145E+9	+2.964474E-2	+9.408458E-1
+7.105160E+9	+2.989903E-2	+9.409777E-1
+7.105175E+9	+2.998006E-2	+9.414195E-1
+7.105190E+9	+3.009628E-2	+9.413207E-1
+7.105205E+9	+3.081961E-2	+9.412745E-1
+7.105220E+9	+3.038546E-2	+9.414617E-1
+7.105235E+9	+3.034591E-2	+9.408273E-1
+7.105250E+9	+3.058326E-2	+9.412783E-1
+7.105265E+9	+3.119621E-2	+9.411766E-1
+7.105280E+9	+3.097108E-2	+9.409345E-1
+7.105295E+9	+3.128333E-2	+9.406577E-1
+7.105310E+9	+3.113083E-2	+9.409770E-1
+7.105325E+9	+3.149244E-2	+9.410058E-1
+7.105340E+9	+3.145922E-2	+9.412742E-1
+7.105355E+9	+3.121842E-2	+9.411034E-1
+7.105370E+9	+3.133025E-2	+9.408662E-1
+7.105385E+9	+3.166777E-2	+9.412872E-1
+7.105400E+9	+3.189031E-2	+9.404825E-1
+7.105415E+9	+3.236567E-2	+9.403850E-1
+7.105430E+9	+3.206350E-2	+9.407944E-1
+7.105445E+9	+3.253335E-2	+9.412755E-1
+7.105460E+9	+3.264421E-2	+9.415370E-1
+7.105475E+9	+3.311883E-2	+9.414237E-1
+7.105490E+9	+3.262601E-2	+9.407532E-1
+7.105505E+9	+3.327707E-2	+9.405942E-1
+7.105520E+9	+3.299548E-2	+9.407436E-1
+7.105535E+9	+3.335572E-2	+9.405058E-1
+7.105550E+9	+3.352025E-2	+9.408690E-1
+7.105565E+9	+3.333017E-2	+9.409037E-1
+7.105580E+9	+3.336869E-2	+9.407771E-1
+7.105595E+9	+3.381879E-2	+9.410707E-1
+7.105610E+9	+3.387228E-2	+9.407295E-1
+7.105625E+9	+3.397891E-2	+9.413583E-1
+7.105640E+9	+3.417832E-2	+9.408852E-1
+7.105655E+9	+3.434473E-2	+9.410084E-1
+7.105670E+9	+3.458830E-2	+9.409573E-1
+7.105685E+9	+3.466078E-2	+9.408007E-1
+7.105700E+9	+3.482558E-2	+9.405719E-1
+7.105715E+9	+3.474884E-2	+9.407963E-1
+7.105730E+9	+3.504934E-2	+9.407478E-1
+7.105745E+9	+3.525447E-2	+9.407083E-1
+7.105760E+9	+3.529710E-2	+9.405330E-1
+7.105775E+9	+3.571909E-2	+9.407281E-1
+7.105790E+9	+3.535270E-2	+9.410040E-1
+7.105805E+9	+3.544175E-2	+9.408687E-1
+7.105820E+9	+3.556708E-2	+9.408802E-1
+7.105835E+9	+3.568616E-2	+9.408780E-1
+7.105850E+9	+3.602067E-2	+9.408579E-1
+7.105865E+9	+3.600712E-2	+9.407967E-1
+7.105880E+9	+3.642287E-2	+9.405764E-1
+7.105895E+9	+3.651712E-2	+9.407092E-1
+7.105910E+9	+3.670240E-2	+9.407278E-1
+7.105925E+9	+3.725966E-2	+9.409337E-1
+7.105940E+9	+3.716640E-2	+9.407799E-1
+7.105955E+9	+3.762014E-2	+9.405541E-1
+7.105970E+9	+3.703386E-2	+9.407876E-1
+7.105985E+9	+3.780944E-2	+9.409753E-1
+7.106000E+9	+3.766132E-2	+9.411144E-1
+7.106015E+9	+3.771935E-2	+9.407741E-1
+7.106030E+9	+3.813118E-2	+9.405780E-1
+7.106045E+9	+3.797537E-2	+9.406519E-1
+7.106060E+9	+3.851569E-2	+9.405747E-1
+7.106075E+9	+3.844865E-2	+9.406687E-1
+7.106090E+9	+3.850532E-2	+9.404293E-1
+7.106105E+9	+3.887249E-2	+9.411032E-1
+7.106120E+9	+3.860415E-2	+9.409513E-1
+7.106135E+9	+3.874204E-2	+9.407645E-1
+7.106150E+9	+3.865738E-2	+9.410439E-1
+7.106165E+9	+3.907257E-2	+9.407207E-1
+7.106180E+9	+3.957789E-2	+9.408636E-1
+7.106195E+9	+3.944479E-2	+9.400494E-1
+7.106210E+9	+3.981771E-2	+9.400523E-1
+7.106225E+9	+3.947206E-2	+9.403682E-1
+7.106240E+9	+4.010692E-2	+9.402121E-1
+7.106255E+9	+4.027107E-2	+9.405676E-1
+7.106270E+9	+4.061586E-2	+9.404378E-1
+7.106285E+9	+4.039903E-2	+9.404515E-1
+7.106300E+9	+4.023277E-2	+9.410735E-1
+7.106315E+9	+4.065125E-2	+9.407572E-1
+7.106330E+9	+4.135490E-2	+9.406745E-1
+7.106345E+9	+4.120873E-2	+9.401862E-1
+7.106360E+9	+4.105522E-2	+9.403469E-1
+7.106375E+9	+4.083729E-2	+9.404651E-1
+7.106390E+9	+4.139392E-2	+9.402442E-1
+7.106405E+9	+4.132907E-2	+9.399345E-1
+7.106420E+9	+4.140581E-2	+9.403339E-1
+7.106435E+9	+4.149437E-2	+9.402150E-1
+7.106450E+9	+4.227299E-2	+9.409189E-1
+7.106465E+9	+4.230205E-2	+9.410061E-1
+7.106480E+9	+4.232779E-2	+9.405211E-1
+7.106495E+9	+4.250483E-2	+9.401401E-1
+7.106510E+9	+4.253272E-2	+9.401145E-1
+7.106525E+9	+4.238029E-2	+9.407881E-1
+7.106540E+9	+4.316610E-2	+9.402349E-1
+7.106555E+9	+4.328997E-2	+9.405538E-1
+7.106570E+9	+4.321530E-2	+9.404352E-1
+7.106585E+9	+4.322405E-2	+9.405650E-1
+7.106600E+9	+4.328323E-2	+9.405709E-1
+7.106615E+9	+4.354454E-2	+9.405072E-1
+7.106630E+9	+4.365682E-2	+9.403292E-1
+7.106645E+9	+4.404930E-2	+9.405840E-1
+7.106660E+9	+4.356891E-2	+9.403666E-1
+7.106675E+9	+4.376301E-2	+9.403874E-1
+7.106690E+9	+4.406279E-2	+9.402276E-1
+7.106705E+9	+4.412182E-2	+9.406705E-1
+7.106720E+9	+4.444619E-2	+9.406560E-1
+7.106735E+9	+4.462786E-2	+9.407729E-1
+7.106750E+9	+4.491780E-2	+9.404689E-1
+7.106765E+9	+4.490679E-2	+9.405370E-1
+7.106780E+9	+4.491606E-2	+9.403651E-1
+7.106795E+9	+4.485966E-2	+9.404006E-1
+7.106810E+9	+4.525505E-2	+9.406806E-1
+7.106825E+9	+4.607373E-2	+9.407840E-1
+7.106840E+9	+4.551892E-2	+9.408813E-1
+7.106855E+9	+4.575265E-2	+9.403532E-1
+7.106870E+9	+4.597939E-2	+9.403280E-1
+7.106885E+9	+4.644811E-2	+9.402573E-1
+7.106900E+9	+4.666985E-2	+9.404663E-1
+7.106915E+9	+4.634492E-2	+9.403302E-1
+7.106930E+9	+4.672285E-2	+9.405117E-1
+7.106945E+9	+4.642529E-2	+9.406879E-1
+7.106960E+9	+4.677511E-2	+9.402672E-1
+7.106975E+9	+4.731392E-2	+9.407565E-1
+7.106990E+9	+4.706527E-2	+9.400311E-1
+7.107005E+9	+4.648954E-2	+9.399742E-1
+7.107020E+9	+4.692601E-2	+9.404871E-1
+7.107035E+9	+4.713294E-2	+9.407088E-1
+7.107050E+9	+4.742348E-2	+9.407999E-1
+7.107065E+9	+4.753165E-2	+9.407023E-1
+7.107080E+9	+4.820068E-2	+9.402365E-1
+7.107095E+9	+4.791174E-2	+9.403938E-1
+7.107110E+9	+4.831835E-2	+9.403095E-1
+7.107125E+9	+4.799206E-2	+9.405819E-1
+7.107140E+9	+4.820363E-2	+9.402469E-1
+7.107155E+9	+4.822050E-2	+9.402158E-1
+7.107170E+9	+4.869962E-2	+9.400561E-1
+7.107185E+9	+4.868439E-2	+9.402349E-1
+7.107200E+9	+4.981921E-2	+9.403092E-1
+7.107215E+9	+4.943137E-2	+9.403655E-1
+7.107230E+9	+4.938259E-2	+9.400653E-1
+7.107245E+9	+4.908196E-2	+9.397577E-1
+7.107260E+9	+4.970602E-2	+9.403651E-1
+7.107275E+9	+5.025340E-2	+9.405011E-1
+7.107290E+9	+4.983048E-2	+9.403866E-1
+7.107305E+9	+4.989708E-2	+9.403513E-1
+7.107320E+9	+5.055151E-2	+9.406103E-1
+7.107335E+9	+5.033815E-2	+9.402704E-1
+7.107350E+9	+5.066614E-2	+9.401215E-1
+7.107365E+9	+5.032376E-2	+9.400907E-1
+7.107380E+9	+5.024641E-2	+9.400519E-1
+7.107395E+9	+5.047152E-2	+9.402727E-1
+7.107410E+9	+5.082733E-2	+9.401068E-1
+7.107425E+9	+5.101726E-2	+9.403118E-1
+7.107440E+9	+5.123220E-2	+9.400439E-1
+7.107455E+9	+5.152906E-2	+9.401546E-1
+7.107470E+9	+5.176183E-2	+9.402626E-1
+7.107485E+9	+5.224193E-2	+9.401192E-1
+7.107500E+9	+5.248736E-2	+9.402012E-1
+7.107515E+9	+5.195012E-2	+9.401078E-1
+7.107530E+9	+5.244853E-2	+9.400803E-1
+7.107545E+9	+5.271344E-2	+9.401599E-1
+7.107560E+9	+5.298007E-2	+9.399717E-1
+7.107575E+9	+5.262484E-2	+9.399313E-1
+7.107590E+9	+5.264264E-2	+9.399143E-1
+7.107605E+9	+5.272419E-2	+9.400294E-1
+7.107620E+9	+5.348549E-2	+9.401352E-1
+7.107635E+9	+5.377660E-2	+9.397107E-1
+7.107650E+9	+5.321073E-2	+9.397532E-1
+7.107665E+9	+5.380675E-2	+9.402107E-1
+7.107680E+9	+5.379854E-2	+9.399559E-1
+7.107695E+9	+5.369621E-2	+9.398776E-1
+7.107710E+9	+5.362078E-2	+9.398193E-1
+7.107725E+9	+5.410420E-2	+9.398562E-1
+7.107740E+9	+5.409422E-2	+9.398673E-1
+7.107755E+9	+5.403739E-2	+9.399911E-1
+7.107770E+9	+5.431883E-2	+9.398917E-1
+7.107785E+9	+5.480783E-2	+9.398842E-1
+7.107800E+9	+5.451297E-2	+9.402703E-1
+7.107815E+9	+5.468089E-2	+9.402460E-1
+7.107830E+9	+5.519522E-2	+9.401457E-1
+7.107845E+9	+5.538434E-2	+9.400898E-1
+7.107860E+9	+5.558259E-2	+9.398308E-1
+7.107875E+9	+5.570816E-2	+9.397162E-1
+7.107890E+9	+5.549962E-2	+9.397539E-1
+7.107905E+9	+5.600603E-2	+9.397652E-1
+7.107920E+9	+5.596201E-2	+9.397847E-1
+7.107935E+9	+5.591824E-2	+9.398479E-1
+7.107950E+9	+5.678106E-2	+9.397730E-1
+7.107965E+9	+5.661359E-2	+9.401314E-1
+7.107980E+9	+5.690331E-2	+9.401372E-1
+7.107995E+9	+5.704308E-2	+9.401092E-1
+7.108010E+9	+5.651749E-2	+9.400055E-1
+7.108025E+9	+5.668658E-2	+9.399198E-1
+7.108040E+9	+5.641310E-2	+9.399276E-1
+7.108055E+9	+5.672215E-2	+9.397400E-1
+7.108070E+9	+5.681991E-2	+9.399311E-1
+7.108085E+9	+5.741161E-2	+9.399659E-1
+7.108100E+9	+5.800781E-2	+9.397871E-1
+7.108115E+9	+5.765838E-2	+9.396960E-1
+7.108130E+9	+5.789249E-2	+9.396594E-1
+7.108145E+9	+5.779699E-2	+9.398062E-1
+7.108160E+9	+5.790456E-2	+9.397769E-1
+7.108175E+9	+5.826969E-2	+9.397036E-1
+7.108190E+9	+5.818930E-2	+9.395213E-1
+7.108205E+9	+5.826260E-2	+9.392245E-1
+7.108220E+9	+5.859822E-2	+9.394407E-1
+7.108235E+9	+5.895448E-2	+9.395220E-1
+7.108250E+9	+5.866001E-2	+9.393751E-1
+7.108265E+9	+5.900327E-2	+9.396067E-1
+7.108280E+9	+5.957262E-2	+9.395694E-1
+7.108295E+9	+5.989765E-2	+9.394861E-1
+7.108310E+9	+5.982991E-2	+9.395910E-1
+7.108325E+9	+6.001307E-2	+9.394785E-1
+7.108340E+9	+5.997467E-2	+9.396215E-1
+7.108355E+9	+5.972711E-2	+9.399794E-1
+7.108370E+9	+6.000587E-2	+9.397242E-1
+7.108385E+9	+6.060672E-2	+9.395095E-1
+7.108400E+9	+6.027006E-2	+9.396674E-1
+7.108415E+9	+6.049876E-2	+9.395361E-1
+7.108430E+9	+6.056816E-2	+9.393730E-1
+7.108445E+9	+6.075814E-2	+9.392931E-1
+7.108460E+9	+6.106066E-2	+9.395478E-1
+7.108475E+9	+6.112564E-2	+9.396435E-1
+7.108490E+9	+6.108313E-2	+9.393547E-1
+7.108505E+9	+6.139549E-2	+9.399313E-1
+7.108520E+9	+6.172641E-2	+9.395003E-1
+7.108535E+9	+6.146148E-2	+9.396367E-1
+7.108550E+9	+6.171077E-2	+9.394577E-1
+7.108565E+9	+6.205240E-2	+9.390518E-1
+7.108580E+9	+6.271228E-2	+9.394146E-1
+7.108595E+9	+6.258805E-2	+9.396116E-1
+7.108610E+9	+6.251594E-2	+9.397331E-1
+7.108625E+9	+6.261282E-2	+9.391845E-1
+7.108640E+9	+6.262079E-2	+9.392862E-1
+7.108655E+9	+6.301929E-2	+9.392001E-1
+7.108670E+9	+6.279343E-2	+9.394384E-1
+7.108685E+9	+6.313701E-2	+9.391803E-1
+7.108700E+9	+6.364136E-2	+9.394103E-1
+7.108715E+9	+6.345911E-2	+9.396643E-1
+7.108730E+9	+6.323435E-2	+9.399110E-1
+7.108745E+9	+6.345061E-2	+9.398906E-1
+7.108760E+9	+6.387426E-2	+9.395503E-1
+7.108775E+9	+6.460274E-2	+9.395861E-1
+7.108790E+9	+6.478469E-2	+9.398039E-1
+7.108805E+9	+6.416451E-2	+9.397631E-1
+7.108820E+9	+6.433098E-2	+9.396065E-1
+7.108835E+9	+6.496005E-2	+9.397675E-1
+7.108850E+9	+6.497364E-2	+9.392630E-1
+7.108865E+9	+6.503555E-2	+9.394600E-1
+7.108880E+9	+6.536941E-2	+9.389248E-1
+7.108895E+9	+6.562096E-2	+9.391273E-1
+7.108910E+9	+6.533947E-2	+9.392817E-1
+7.108925E+9	+6.544528E-2	+9.390691E-1
+7.108940E+9	+6.544381E-2	+9.391222E-1
+7.108955E+9	+6.537857E-2	+9.396233E-1
+7.108970E+9	+6.555839E-2	+9.396929E-1
+7.108985E+9	+6.585953E-2	+9.393709E-1
+7.109000E+9	+6.636162E-2	+9.395443E-1
+7.109015E+9	+6.647600E-2	+9.390993E-1
+7.109030E+9	+6.652095E-2	+9.390696E-1
+7.109045E+9	+6.698587E-2	+9.393893E-1
+7.109060E+9	+6.696948E-2	+9.392978E-1
+7.109075E+9	+6.687184E-2	+9.391213E-1
+7.109090E+9	+6.682345E-2	+9.396389E-1
+7.109105E+9	+6.704427E-2	+9.395685E-1
+7.109120E+9	+6.749543E-2	+9.394647E-1
+7.109135E+9	+6.763946E-2	+9.392028E-1
+7.109150E+9	+6.793618E-2	+9.392199E-1
+7.109165E+9	+6.798804E-2	+9.393364E-1
+7.109180E+9	+6.754515E-2	+9.391625E-1
+7.109195E+9	+6.802893E-2	+9.390360E-1
+7.109210E+9	+6.843930E-2	+9.392813E-1
+7.109225E+9	+6.853638E-2	+9.389241E-1
+7.109240E+9	+6.865389E-2	+9.389975E-1
+7.109255E+9	+6.859046E-2	+9.390701E-1
+7.109270E+9	+6.877232E-2	+9.387611E-1
+7.109285E+9	+6.889274E-2	+9.389947E-1
+7.109300E+9	+6.931365E-2	+9.389442E-1
+7.109315E+9	+6.923459E-2	+9.386176E-1
+7.109330E+9	+6.926923E-2	+9.390275E-1
+7.109345E+9	+6.948068E-2	+9.386706E-1
+7.109360E+9	+6.959409E-2	+9.389592E-1
+7.109375E+9	+6.980065E-2	+9.386126E-1
+7.109390E+9	+7.010594E-2	+9.390264E-1
+7.109405E+9	+7.019112E-2	+9.391746E-1
+7.109420E+9	+7.032143E-2	+9.388416E-1
+7.109435E+9	+7.009719E-2	+9.386887E-1
+7.109450E+9	+7.104784E-2	+9.388628E-1
+7.109465E+9	+7.082141E-2	+9.389264E-1
+7.109480E+9	+7.076388E-2	+9.389983E-1
+7.109495E+9	+7.062787E-2	+9.387873E-1
+7.109510E+9	+7.120973E-2	+9.384070E-1
+7.109525E+9	+7.135307E-2	+9.388744E-1
+7.109540E+9	+7.161984E-2	+9.388613E-1
+7.109555E+9	+7.149724E-2	+9.390195E-1
+7.109570E+9	+7.151851E-2	+9.389891E-1
+7.109585E+9	+7.157622E-2	+9.387850E-1
+7.109600E+9	+7.201472E-2	+9.389753E-1
+7.109615E+9	+7.217441E-2	+9.388973E-1
+7.109630E+9	+7.208328E-2	+9.389593E-1
+7.109645E+9	+7.227946E-2	+9.391665E-1
+7.109660E+9	+7.276977E-2	+9.388072E-1
+7.109675E+9	+7.257815E-2	+9.389122E-1
+7.109690E+9	+7.292039E-2	+9.386325E-1
+7.109705E+9	+7.291088E-2	+9.386410E-1
+7.109720E+9	+7.298368E-2	+9.390436E-1
+7.109735E+9	+7.321681E-2	+9.386359E-1
+7.109750E+9	+7.296827E-2	+9.386016E-1
+7.109765E+9	+7.343965E-2	+9.387627E-1
+7.109780E+9	+7.388053E-2	+9.383051E-1
+7.109795E+9	+7.396186E-2	+9.390024E-1
+7.109810E+9	+7.426808E-2	+9.388516E-1
+7.109825E+9	+7.389740E-2	+9.384687E-1
+7.109840E+9	+7.412527E-2	+9.387756E-1
+7.109855E+9	+7.420482E-2	+9.383195E-1
+7.109870E+9	+7.423823E-2	+9.384409E-1
+7.109885E+9	+7.468901E-2	+9.382516E-1
+7.109900E+9	+7.439737E-2	+9.378496E-1
+7.109915E+9	+7.464605E-2	+9.386091E-1
+7.109930E+9	+7.463201E-2	+9.386178E-1
+7.109945E+9	+7.476920E-2	+9.382436E-1
+7.109960E+9	+7.485047E-2	+9.381474E-1
+7.109975E+9	+7.527534E-2	+9.385156E-1
+7.109990E+9	+7.567810E-2	+9.387824E-1
+7.110005E+9	+7.604102E-2	+9.385188E-1
+7.110020E+9	+7.651647E-2	+9.384296E-1
+7.110035E+9	+7.638470E-2	+9.383887E-1
+7.110050E+9	+7.592565E-2	+9.387183E-1
+7.110065E+9	+7.608691E-2	+9.383460E-1
+7.110080E+9	+7.670182E-2	+9.385075E-1
+7.110095E+9	+7.665853E-2	+9.381594E-1
+7.110110E+9	+7.677809E-2	+9.383954E-1
+7.110125E+9	+7.676218E-2	+9.386090E-1
+7.110140E+9	+7.724439E-2	+9.387255E-1
+7.110155E+9	+7.750957E-2	+9.386946E-1
+7.110170E+9	+7.727169E-2	+9.387206E-1
+7.110185E+9	+7.719346E-2	+9.383123E-1
+7.110200E+9	+7.792249E-2	+9.378379E-1
+7.110215E+9	+7.764786E-2	+9.382794E-1
+7.110230E+9	+7.759797E-2	+9.384072E-1
+7.110245E+9	+7.786084E-2	+9.382674E-1
+7.110260E+9	+7.797438E-2	+9.381043E-1
+7.110275E+9	+7.805195E-2	+9.381717E-1
+7.110290E+9	+7.865875E-2	+9.382569E-1
+7.110305E+9	+7.891472E-2	+9.382240E-1
+7.110320E+9	+7.882156E-2	+9.381053E-1
+7.110335E+9	+7.891001E-2	+9.380779E-1
+7.110350E+9	+7.943514E-2	+9.382765E-1
+7.110365E+9	+7.920443E-2	+9.382149E-1
+7.110380E+9	+7.955674E-2	+9.382692E-1
+7.110395E+9	+7.988997E-2	+9.378807E-1
+7.110410E+9	+8.001602E-2	+9.385378E-1
+7.110425E+9	+8.004181E-2	+9.379795E-1
+7.110440E+9	+8.015012E-2	+9.381564E-1
+7.110455E+9	+7.988332E-2	+9.381410E-1
+7.110470E+9	+8.053656E-2	+9.378339E-1
+7.110485E+9	+8.044044E-2	+9.380930E-1
+7.110500E+9	+7.974848E-2	+9.382058E-1
+7.110515E+9	+8.002312E-2	+9.378053E-1
+7.110530E+9	+8.117718E-2	+9.377492E-1
+7.110545E+9	+8.089142E-2	+9.376794E-1
+7.110560E+9	+8.088882E-2	+9.376722E-1
+7.110575E+9	+8.120331E-2	+9.382790E-1
+7.110590E+9	+8.148541E-2	+9.379241E-1
+7.110605E+9	+8.197162E-2	+9.377371E-1
+7.110620E+9	+8.189340E-2	+9.378362E-1
+7.110635E+9	+8.196714E-2	+9.382018E-1
+7.110650E+9	+8.244248E-2	+9.381129E-1
+7.110665E+9	+8.245631E-2	+9.378507E-1
+7.110680E+9	+8.239000E-2	+9.377482E-1
+7.110695E+9	+8.229548E-2	+9.379284E-1
+7.110710E+9	+8.265490E-2	+9.383206E-1
+7.110725E+9	+8.285913E-2	+9.378974E-1
+7.110740E+9	+8.251460E-2	+9.375979E-1
+7.110755E+9	+8.255396E-2	+9.376785E-1
+7.110770E+9	+8.256178E-2	+9.378761E-1
+7.110785E+9	+8.336363E-2	+9.375450E-1
+7.110800E+9	+8.331159E-2	+9.379173E-1
+7.110815E+9	+8.378190E-2	+9.377565E-1
+7.110830E+9	+8.386321E-2	+9.380948E-1
+7.110845E+9	+8.427869E-2	+9.378786E-1
+7.110860E+9	+8.406992E-2	+9.376109E-1
+7.110875E+9	+8.395721E-2	+9.367747E-1
+7.110890E+9	+8.398567E-2	+9.373415E-1
+7.110905E+9	+8.393287E-2	+9.375959E-1
+7.110920E+9	+8.476203E-2	+9.376962E-1
+7.110935E+9	+8.515669E-2	+9.377831E-1
+7.110950E+9	+8.503412E-2	+9.375422E-1
+7.110965E+9	+8.507980E-2	+9.375133E-1
+7.110980E+9	+8.510604E-2	+9.375124E-1
+7.110995E+9	+8.520295E-2	+9.374121E-1
+7.111010E+9	+8.558511E-2	+9.374621E-1
+7.111025E+9	+8.581504E-2	+9.371770E-1
+7.111040E+9	+8.538164E-2	+9.373401E-1
+7.111055E+9	+8.533364E-2	+9.378354E-1
+7.111070E+9	+8.587400E-2	+9.380444E-1
+7.111085E+9	+8.618210E-2	+9.376616E-1
+7.111100E+9	+8.640442E-2	+9.377343E-1
+7.111115E+9	+8.641360E-2	+9.373817E-1
+7.111130E+9	+8.675108E-2	+9.373824E-1
+7.111145E+9	+8.671889E-2	+9.376289E-1
+7.111160E+9	+8.693959E-2	+9.373185E-1
+7.111175E+9	+8.714597E-2	+9.371164E-1
+7.111190E+9	+8.712846E-2	+9.371676E-1
+7.111205E+9	+8.730122E-2	+9.377079E-1
+7.111220E+9	+8.774336E-2	+9.373396E-1
+7.111235E+9	+8.773939E-2	+9.376939E-1
+7.111250E+9	+8.744978E-2	+9.374302E-1
+7.111265E+9	+8.784102E-2	+9.371866E-1
+7.111280E+9	+8.782740E-2	+9.369272E-1
+7.111295E+9	+8.779753E-2	+9.371554E-1
+7.111310E+9	+8.774331E-2	+9.374707E-1
+7.111325E+9	+8.859907E-2	+9.372779E-1
+7.111340E+9	+8.875820E-2	+9.377384E-1
+7.111355E+9	+8.906727E-2	+9.377144E-1
+7.111370E+9	+8.898496E-2	+9.371969E-1
+7.111385E+9	+8.883121E-2	+9.374684E-1
+7.111400E+9	+8.886763E-2	+9.369977E-1
+7.111415E+9	+8.928998E-2	+9.373439E-1
+7.111430E+9	+8.932166E-2	+9.374452E-1
+7.111445E+9	+8.948050E-2	+9.371389E-1
+7.111460E+9	+8.958502E-2	+9.371655E-1
+7.111475E+9	+9.022938E-2	+9.373408E-1
+7.111490E+9	+9.005631E-2	+9.373715E-1
+7.111505E+9	+9.001212E-2	+9.378200E-1
+7.111520E+9	+8.965540E-2	+9.378563E-1
+7.111535E+9	+9.031816E-2	+9.371755E-1
+7.111550E+9	+9.077252E-2	+9.375283E-1
+7.111565E+9	+9.075187E-2	+9.376656E-1
+7.111580E+9	+9.077494E-2	+9.375512E-1
+7.111595E+9	+9.054513E-2	+9.376289E-1
+7.111610E+9	+9.122818E-2	+9.369963E-1
+7.111625E+9	+9.121003E-2	+9.370932E-1
+7.111640E+9	+9.143093E-2	+9.370043E-1
+7.111655E+9	+9.181160E-2	+9.367985E-1
+7.111670E+9	+9.174301E-2	+9.372312E-1
+7.111685E+9	+9.200022E-2	+9.371379E-1
+7.111700E+9	+9.241400E-2	+9.375000E-1
+7.111715E+9	+9.198092E-2	+9.372071E-1
+7.111730E+9	+9.189050E-2	+9.368870E-1
+7.111745E+9	+9.212629E-2	+9.371528E-1
+7.111760E+9	+9.225474E-2	+9.369842E-1
+7.111775E+9	+9.283519E-2	+9.371068E-1
+7.111790E+9	+9.315160E-2	+9.372276E-1
+7.111805E+9	+9.350518E-2	+9.369172E-1
+7.111820E+9	+9.325308E-2	+9.364772E-1
+7.111835E+9	+9.331186E-2	+9.364227E-1
+7.111850E+9	+9.346952E-2	+9.369056E-1
+7.111865E+9	+9.385091E-2	+9.366507E-1
+7.111880E+9	+9.348144E-2	+9.367025E-1
+7.111895E+9	+9.354356E-2	+9.370571E-1
+7.111910E+9	+9.383400E-2	+9.374705E-1
+7.111925E+9	+9.409678E-2	+9.370291E-1
+7.111940E+9	+9.447409E-2	+9.366483E-1
+7.111955E+9	+9.428469E-2	+9.371142E-1
+7.111970E+9	+9.445632E-2	+9.367168E-1
+7.111985E+9	+9.476687E-2	+9.366114E-1
+7.112000E+9	+9.557177E-2	+9.364560E-1
+7.112015E+9	+9.512937E-2	+9.363034E-1
+7.112030E+9	+9.531383E-2	+9.364670E-1
+7.112045E+9	+9.515261E-2	+9.367177E-1
+7.112060E+9	+9.552489E-2	+9.368544E-1
+7.112075E+9	+9.590292E-2	+9.361617E-1
+7.112090E+9	+9.594126E-2	+9.364304E-1
+7.112105E+9	+9.617660E-2	+9.364332E-1
+7.112120E+9	+9.595484E-2	+9.362063E-1
+7.112135E+9	+9.619535E-2	+9.364545E-1
+7.112150E+9	+9.649340E-2	+9.362110E-1
+7.112165E+9	+9.680516E-2	+9.367732E-1
+7.112180E+9	+9.681844E-2	+9.370202E-1
+7.112195E+9	+9.717299E-2	+9.366594E-1
+7.112210E+9	+9.669383E-2	+9.366167E-1
+7.112225E+9	+9.663397E-2	+9.369716E-1
+7.112240E+9	+9.670026E-2	+9.366125E-1
+7.112255E+9	+9.733296E-2	+9.366828E-1
+7.112270E+9	+9.738799E-2	+9.370418E-1
+7.112285E+9	+9.742478E-2	+9.371920E-1
+7.112300E+9	+9.775276E-2	+9.365119E-1
+7.112315E+9	+9.743389E-2	+9.362832E-1
+7.112330E+9	+9.780492E-2	+9.362601E-1
+7.112345E+9	+9.762863E-2	+9.364236E-1
+7.112360E+9	+9.827032E-2	+9.366791E-1
+7.112375E+9	+9.856131E-2	+9.363758E-1
+7.112390E+9	+9.891112E-2	+9.365543E-1
+7.112405E+9	+9.870681E-2	+9.360746E-1
+7.112420E+9	+9.848480E-2	+9.365529E-1
+7.112435E+9	+9.879010E-2	+9.364904E-1
+7.112450E+9	+9.965151E-2	+9.363941E-1
+7.112465E+9	+9.966831E-2	+9.365603E-1
+7.112480E+9	+9.948008E-2	+9.362685E-1
+7.112495E+9	+9.951203E-2	+9.365361E-1
+7.112510E+9	+9.978126E-2	+9.364920E-1
+7.112525E+9	+9.986075E-2	+9.362022E-1
+7.112540E+9	+9.981278E-2	+9.364299E-1
+7.112555E+9	+9.993051E-2	+9.362443E-1
+7.112570E+9	+1.002065E-1	+9.359692E-1
+7.112585E+9	+1.005974E-1	+9.362855E-1
+7.112600E+9	+1.011700E-1	+9.367599E-1
+7.112615E+9	+1.013450E-1	+9.365575E-1
+7.112630E+9	+1.010200E-1	+9.363639E-1
+7.112645E+9	+1.017949E-1	+9.367090E-1
+7.112660E+9	+1.013736E-1	+9.366262E-1
+7.112675E+9	+1.008187E-1	+9.361634E-1
+7.112690E+9	+1.011168E-1	+9.359053E-1
+7.112705E+9	+1.024639E-1	+9.364317E-1
+7.112720E+9	+1.019264E-1	+9.357389E-1
+7.112735E+9	+1.022430E-1	+9.360947E-1
+7.112750E+9	+1.018593E-1	+9.359027E-1
+7.112765E+9	+1.017999E-1	+9.357198E-1
+7.112780E+9	+1.024283E-1	+9.361905E-1
+7.112795E+9	+1.024977E-1	+9.360968E-1
+7.112810E+9	+1.024773E-1	+9.360083E-1
+7.112825E+9	+1.026946E-1	+9.362014E-1
+7.112840E+9	+1.028742E-1	+9.360111E-1
+7.112855E+9	+1.027323E-1	+9.356380E-1
+7.112870E+9	+1.029621E-1	+9.356423E-1
+7.112885E+9	+1.032371E-1	+9.355088E-1
+7.112900E+9	+1.032351E-1	+9.356684E-1
+7.112915E+9	+1.033130E-1	+9.357442E-1
+7.112930E+9	+1.038928E-1	+9.361364E-1
+7.112945E+9	+1.038385E-1	+9.359688E-1
+7.112960E+9	+1.039334E-1	+9.355314E-1
+7.112975E+9	+1.040312E-1	+9.363329E-1
+7.112990E+9	+1.041529E-1	+9.358165E-1
+7.113005E+9	+1.048985E-1	+9.358919E-1
+7.113020E+9	+1.047883E-1	+9.362354E-1
+7.113035E+9	+1.048431E-1	+9.355755E-1
+7.113050E+9	+1.047803E-1	+9.356123E-1
+7.113065E+9	+1.048188E-1	+9.362422E-1
+7.113080E+9	+1.049920E-1	+9.357599E-1
+7.113095E+9	+1.055387E-1	+9.358639E-1
+7.113110E+9	+1.052642E-1	+9.358388E-1
+7.113125E+9	+1.051410E-1	+9.352456E-1
+7.113140E+9	+1.059425E-1	+9.353771E-1
+7.113155E+9	+1.063142E-1	+9.358031E-1
+7.113170E+9	+1.063667E-1	+9.357057E-1
+7.113185E+9	+1.061069E-1	+9.354330E-1
+7.113200E+9	+1.063564E-1	+9.358227E-1
+7.113215E+9	+1.062935E-1	+9.355622E-1
+7.113230E+9	+1.066568E-1	+9.356770E-1
+7.113245E+9	+1.067355E-1	+9.353722E-1
+7.113260E+9	+1.071397E-1	+9.352266E-1
+7.113275E+9	+1.071003E-1	+9.352614E-1
+7.113290E+9	+1.071375E-1	+9.355082E-1
+7.113305E+9	+1.069282E-1	+9.353151E-1
+7.113320E+9	+1.071694E-1	+9.353337E-1
+7.113335E+9	+1.075435E-1	+9.356983E-1
+7.113350E+9	+1.078608E-1	+9.359762E-1
+7.113365E+9	+1.078016E-1	+9.358835E-1
+7.113380E+9	+1.078373E-1	+9.355186E-1
+7.113395E+9	+1.082186E-1	+9.356438E-1
+7.113410E+9	+1.082432E-1	+9.353714E-1
+7.113425E+9	+1.081225E-1	+9.352155E-1
+7.113440E+9	+1.083104E-1	+9.354351E-1
+7.113455E+9	+1.091280E-1	+9.350698E-1
+7.113470E+9	+1.091818E-1	+9.350224E-1
+7.113485E+9	+1.093755E-1	+9.352816E-1
+7.113500E+9	+1.099336E-1	+9.352302E-1
+7.113515E+9	+1.099508E-1	+9.354420E-1
+7.113530E+9	+1.098403E-1	+9.354382E-1
+7.113545E+9	+1.100628E-1	+9.352832E-1
+7.113560E+9	+1.102579E-1	+9.352913E-1
+7.113575E+9	+1.104125E-1	+9.349982E-1
+7.113590E+9	+1.106758E-1	+9.348390E-1
+7.113605E+9	+1.108299E-1	+9.353828E-1
+7.113620E+9	+1.106651E-1	+9.353887E-1
+7.113635E+9	+1.109414E-1	+9.355458E-1
+7.113650E+9	+1.106332E-1	+9.349227E-1
+7.113665E+9	+1.105657E-1	+9.351728E-1
+7.113680E+9	+1.110811E-1	+9.352339E-1
+7.113695E+9	+1.110891E-1	+9.351020E-1
+7.113710E+9	+1.110163E-1	+9.348476E-1
+7.113725E+9	+1.113170E-1	+9.351146E-1
+7.113740E+9	+1.112615E-1	+9.347510E-1
+7.113755E+9	+1.113576E-1	+9.348796E-1
+7.113770E+9	+1.118830E-1	+9.346890E-1
+7.113785E+9	+1.120135E-1	+9.348557E-1
+7.113800E+9	+1.124916E-1	+9.349717E-1
+7.113815E+9	+1.122141E-1	+9.346411E-1
+7.113830E+9	+1.124644E-1	+9.347024E-1
+7.113845E+9	+1.127706E-1	+9.350226E-1
+7.113860E+9	+1.132555E-1	+9.348166E-1
+7.113875E+9	+1.129911E-1	+9.347512E-1
+7.113890E+9	+1.131989E-1	+9.350723E-1
+7.113905E+9	+1.136463E-1	+9.347357E-1
+7.113920E+9	+1.135465E-1	+9.348706E-1
+7.113935E+9	+1.134518E-1	+9.350606E-1
+7.113950E+9	+1.137233E-1	+9.343633E-1
+7.113965E+9	+1.136549E-1	+9.349006E-1
+7.113980E+9	+1.140015E-1	+9.349992E-1
+7.113995E+9	+1.139593E-1	+9.351871E-1
+7.114010E+9	+1.142211E-1	+9.349328E-1
+7.114025E+9	+1.143523E-1	+9.344147E-1
+7.114040E+9	+1.149354E-1	+9.346126E-1
+7.114055E+9	+1.147515E-1	+9.349173E-1
+7.114070E+9	+1.144281E-1	+9.346259E-1
+7.114085E+9	+1.143443E-1	+9.341346E-1
+7.114100E+9	+1.148004E-1	+9.341637E-1
+7.114115E+9	+1.149369E-1	+9.339816E-1
+7.114130E+9	+1.154900E-1	+9.347779E-1
+7.114145E+9	+1.156710E-1	+9.347580E-1
+7.114160E+9	+1.151454E-1	+9.346450E-1
+7.114175E+9	+1.156385E-1	+9.347962E-1
+7.114190E+9	+1.160395E-1	+9.346388E-1
+7.114205E+9	+1.163982E-1	+9.344776E-1
+7.114220E+9	+1.164831E-1	+9.346045E-1
+7.114235E+9	+1.161460E-1	+9.345347E-1
+7.114250E+9	+1.160998E-1	+9.341889E-1
+7.114265E+9	+1.164108E-1	+9.340476E-1
+7.114280E+9	+1.166934E-1	+9.338383E-1
+7.114295E+9	+1.170043E-1	+9.345242E-1
+7.114310E+9	+1.174311E-1	+9.348546E-1
+7.114325E+9	+1.180565E-1	+9.349430E-1
+7.114340E+9	+1.176333E-1	+9.347007E-1
+7.114355E+9	+1.172254E-1	+9.343394E-1
+7.114370E+9	+1.174395E-1	+9.345306E-1
+7.114385E+9	+1.179702E-1	+9.343751E-1
+7.114400E+9	+1.182126E-1	+9.340105E-1
+7.114415E+9	+1.181942E-1	+9.340725E-1
+7.114430E+9	+1.178898E-1	+9.345270E-1
+7.114445E+9	+1.185390E-1	+9.347849E-1
+7.114460E+9	+1.183401E-1	+9.349746E-1
+7.114475E+9	+1.184695E-1	+9.341850E-1
+7.114490E+9	+1.183524E-1	+9.343630E-1
+7.114505E+9	+1.192967E-1	+9.340997E-1
+7.114520E+9	+1.192305E-1	+9.339590E-1
+7.114535E+9	+1.191881E-1	+9.334663E-1
+7.114550E+9	+1.189193E-1	+9.344100E-1
+7.114565E+9	+1.194655E-1	+9.343739E-1
+7.114580E+9	+1.196645E-1	+9.339858E-1
+7.114595E+9	+1.198098E-1	+9.338919E-1
+7.114610E+9	+1.201403E-1	+9.339440E-1
+7.114625E+9	+1.205811E-1	+9.337067E-1
+7.114640E+9	+1.206579E-1	+9.339791E-1
+7.114655E+9	+1.199879E-1	+9.341966E-1
+7.114670E+9	+1.203540E-1	+9.343383E-1
+7.114685E+9	+1.204604E-1	+9.343882E-1
+7.114700E+9	+1.213467E-1	+9.336800E-1
+7.114715E+9	+1.208321E-1	+9.341268E-1
+7.114730E+9	+1.206613E-1	+9.339070E-1
+7.114745E+9	+1.206163E-1	+9.337667E-1
+7.114760E+9	+1.205809E-1	+9.337635E-1
+7.114775E+9	+1.207713E-1	+9.338864E-1
+7.114790E+9	+1.216542E-1	+9.337368E-1
+7.114805E+9	+1.216952E-1	+9.334481E-1
+7.114820E+9	+1.221518E-1	+9.335267E-1
+7.114835E+9	+1.221866E-1	+9.335038E-1
+7.114850E+9	+1.220809E-1	+9.336059E-1
+7.114865E+9	+1.221821E-1	+9.331613E-1
+7.114880E+9	+1.229633E-1	+9.334683E-1
+7.114895E+9	+1.229199E-1	+9.336359E-1
+7.114910E+9	+1.230084E-1	+9.340788E-1
+7.114925E+9	+1.230985E-1	+9.332453E-1
+7.114940E+9	+1.233632E-1	+9.331489E-1
+7.114955E+9	+1.237456E-1	+9.331879E-1
+7.114970E+9	+1.238539E-1	+9.332646E-1
+7.114985E+9	+1.239069E-1	+9.334515E-1
+7.115000E+9	+1.238436E-1	+9.332177E-1
+7.115015E+9	+1.242404E-1	+9.332314E-1
+7.115030E+9	+1.242546E-1	+9.332388E-1
+7.115045E+9	+1.243645E-1	+9.331230E-1
+7.115060E+9	+1.238249E-1	+9.331740E-1
+7.115075E+9	+1.241069E-1	+9.325566E-1
+7.115090E+9	+1.245952E-1	+9.327517E-1
+7.115105E+9	+1.246576E-1	+9.333164E-1
+7.115120E+9	+1.246555E-1	+9.330958E-1
+7.115135E+9	+1.247679E-1	+9.336880E-1
+7.115150E+9	+1.251834E-1	+9.338721E-1
+7.115165E+9	+1.254158E-1	+9.336086E-1
+7.115180E+9	+1.251457E-1	+9.335333E-1
+7.115195E+9	+1.251785E-1	+9.333626E-1
+7.115210E+9	+1.255037E-1	+9.331799E-1
+7.115225E+9	+1.258821E-1	+9.334706E-1
+7.115240E+9	+1.257680E-1	+9.334269E-1
+7.115255E+9	+1.258470E-1	+9.331888E-1
+7.115270E+9	+1.259610E-1	+9.328546E-1
+7.115285E+9	+1.262800E-1	+9.333944E-1
+7.115300E+9	+1.266540E-1	+9.336479E-1
+7.115315E+9	+1.270537E-1	+9.334725E-1
+7.115330E+9	+1.272517E-1	+9.327368E-1
+7.115345E+9	+1.269525E-1	+9.322959E-1
+7.115360E+9	+1.268199E-1	+9.328485E-1
+7.115375E+9	+1.271440E-1	+9.336049E-1
+7.115390E+9	+1.276922E-1	+9.331864E-1
+7.115405E+9	+1.279295E-1	+9.332024E-1
+7.115420E+9	+1.280661E-1	+9.329549E-1
+7.115435E+9	+1.277971E-1	+9.330798E-1
+7.115450E+9	+1.277902E-1	+9.325627E-1
+7.115465E+9	+1.282860E-1	+9.327056E-1
+7.115480E+9	+1.287060E-1	+9.329203E-1
+7.115495E+9	+1.283987E-1	+9.323913E-1
+7.115510E+9	+1.283108E-1	+9.321753E-1
+7.115525E+9	+1.286024E-1	+9.327324E-1
+7.115540E+9	+1.288964E-1	+9.326468E-1
+7.115555E+9	+1.293921E-1	+9.330884E-1
+7.115570E+9	+1.291656E-1	+9.329743E-1
+7.115585E+9	+1.293221E-1	+9.329308E-1
+7.115600E+9	+1.297455E-1	+9.328932E-1
+7.115615E+9	+1.295969E-1	+9.326197E-1
+7.115630E+9	+1.296628E-1	+9.324763E-1
+7.115645E+9	+1.300437E-1	+9.323298E-1
+7.115660E+9	+1.298428E-1	+9.323749E-1
+7.115675E+9	+1.298117E-1	+9.326935E-1
+7.115690E+9	+1.300377E-1	+9.324203E-1
+7.115705E+9	+1.302679E-1	+9.325359E-1
+7.115720E+9	+1.305022E-1	+9.319850E-1
+7.115735E+9	+1.310846E-1	+9.326636E-1
+7.115750E+9	+1.306073E-1	+9.322571E-1
+7.115765E+9	+1.309864E-1	+9.321107E-1
+7.115780E+9	+1.310286E-1	+9.321775E-1
+7.115795E+9	+1.311527E-1	+9.321347E-1
+7.115810E+9	+1.315001E-1	+9.320787E-1
+7.115825E+9	+1.311350E-1	+9.322571E-1
+7.115840E+9	+1.316040E-1	+9.323217E-1
+7.115855E+9	+1.315548E-1	+9.326668E-1
+7.115870E+9	+1.320044E-1	+9.332848E-1
+7.115885E+9	+1.324881E-1	+9.325904E-1
+7.115900E+9	+1.321530E-1	+9.322912E-1
+7.115915E+9	+1.322128E-1	+9.320705E-1
+7.115930E+9	+1.319751E-1	+9.318302E-1
+7.115945E+9	+1.321432E-1	+9.317441E-1
+7.115960E+9	+1.327477E-1	+9.318717E-1
+7.115975E+9	+1.333447E-1	+9.322166E-1
+7.115990E+9	+1.330571E-1	+9.322235E-1
+7.116005E+9	+1.331376E-1	+9.318790E-1
+7.116020E+9	+1.336478E-1	+9.318804E-1
+7.116035E+9	+1.335721E-1	+9.324842E-1
+7.116050E+9	+1.337135E-1	+9.317775E-1
+7.116065E+9	+1.337568E-1	+9.319285E-1
+7.116080E+9	+1.343973E-1	+9.319134E-1
+7.116095E+9	+1.347212E-1	+9.321645E-1
+7.116110E+9	+1.350033E-1	+9.318230E-1
+7.116125E+9	+1.354765E-1	+9.314046E-1
+7.116140E+9	+1.353840E-1	+9.320846E-1
+7.116155E+9	+1.348036E-1	+9.322602E-1
+7.116170E+9	+1.343357E-1	+9.322973E-1
+7.116185E+9	+1.347338E-1	+9.322598E-1
+7.116200E+9	+1.347682E-1	+9.322487E-1
+7.116215E+9	+1.353247E-1	+9.321327E-1
+7.116230E+9	+1.358971E-1	+9.314608E-1
+7.116245E+9	+1.356989E-1	+9.317481E-1
+7.116260E+9	+1.357671E-1	+9.318104E-1
+7.116275E+9	+1.358341E-1	+9.312680E-1
+7.116290E+9	+1.365470E-1	+9.315540E-1
+7.116305E+9	+1.362975E-1	+9.318689E-1
+7.116320E+9	+1.355927E-1	+9.311707E-1
+7.116335E+9	+1.355764E-1	+9.310154E-1
+7.116350E+9	+1.365652E-1	+9.319775E-1
+7.116365E+9	+1.366715E-1	+9.318982E-1
+7.116380E+9	+1.369055E-1	+9.319736E-1
+7.116395E+9	+1.371756E-1	+9.318232E-1
+7.116410E+9	+1.373794E-1	+9.319154E-1
+7.116425E+9	+1.370518E-1	+9.316821E-1
+7.116440E+9	+1.373330E-1	+9.318397E-1
+7.116455E+9	+1.374352E-1	+9.320121E-1
+7.116470E+9	+1.382861E-1	+9.318733E-1
+7.116485E+9	+1.381951E-1	+9.317280E-1
+7.116500E+9	+1.380418E-1	+9.320281E-1
+7.116515E+9	+1.378846E-1	+9.318001E-1
+7.116530E+9	+1.377790E-1	+9.315286E-1
+7.116545E+9	+1.377578E-1	+9.316259E-1
+7.116560E+9	+1.390263E-1	+9.318558E-1
+7.116575E+9	+1.390167E-1	+9.310116E-1
+7.116590E+9	+1.389147E-1	+9.311248E-1
+7.116605E+9	+1.387218E-1	+9.312525E-1
+7.116620E+9	+1.388816E-1	+9.311362E-1
+7.116635E+9	+1.391937E-1	+9.314938E-1
+7.116650E+9	+1.387876E-1	+9.309172E-1
+7.116665E+9	+1.394827E-1	+9.312020E-1
+7.116680E+9	+1.396558E-1	+9.318397E-1
+7.116695E+9	+1.399600E-1	+9.313523E-1
+7.116710E+9	+1.403190E-1	+9.315188E-1
+7.116725E+9	+1.403756E-1	+9.310277E-1
+7.116740E+9	+1.395346E-1	+9.313018E-1
+7.116755E+9	+1.398989E-1	+9.315278E-1
+7.116770E+9	+1.403662E-1	+9.307915E-1
+7.116785E+9	+1.412171E-1	+9.308642E-1
+7.116800E+9	+1.411099E-1	+9.311636E-1
+7.116815E+9	+1.415655E-1	+9.309601E-1
+7.116830E+9	+1.416989E-1	+9.311075E-1
+7.116845E+9	+1.414942E-1	+9.311905E-1
+7.116860E+9	+1.415250E-1	+9.309463E-1
+7.116875E+9	+1.417885E-1	+9.314000E-1
+7.116890E+9	+1.420422E-1	+9.314624E-1
+7.116905E+9	+1.421962E-1	+9.316731E-1
+7.116920E+9	+1.424553E-1	+9.314389E-1
+7.116935E+9	+1.425556E-1	+9.304303E-1
+7.116950E+9	+1.422456E-1	+9.308153E-1
+7.116965E+9	+1.426314E-1	+9.311322E-1
+7.116980E+9	+1.429668E-1	+9.309434E-1
+7.116995E+9	+1.426017E-1	+9.312842E-1
+7.117010E+9	+1.432465E-1	+9.314959E-1
+7.117025E+9	+1.430520E-1	+9.308851E-1
+7.117040E+9	+1.435954E-1	+9.313118E-1
+7.117055E+9	+1.431813E-1	+9.313456E-1
+7.117070E+9	+1.429360E-1	+9.307804E-1
+7.117085E+9	+1.432732E-1	+9.310224E-1
+7.117100E+9	+1.440472E-1	+9.306397E-1
+7.117115E+9	+1.441319E-1	+9.305831E-1
+7.117130E+9	+1.441935E-1	+9.305030E-1
+7.117145E+9	+1.442496E-1	+9.303223E-1
+7.117160E+9	+1.445195E-1	+9.302140E-1
+7.117175E+9	+1.445972E-1	+9.304062E-1
+7.117190E+9	+1.447221E-1	+9.305552E-1
+7.117205E+9	+1.450739E-1	+9.307263E-1
+7.117220E+9	+1.450496E-1	+9.305271E-1
+7.117235E+9	+1.447269E-1	+9.302251E-1
+7.117250E+9	+1.449022E-1	+9.307487E-1
+7.117265E+9	+1.452547E-1	+9.303680E-1
+7.117280E+9	+1.455279E-1	+9.302860E-1
+7.117295E+9	+1.453460E-1	+9.307702E-1
+7.117310E+9	+1.455756E-1	+9.305389E-1
+7.117325E+9	+1.460131E-1	+9.302674E-1
+7.117340E+9	+1.463221E-1	+9.305531E-1
+7.117355E+9	+1.465400E-1	+9.306932E-1
+7.117370E+9	+1.468841E-1	+9.305499E-1
+7.117385E+9	+1.466995E-1	+9.302683E-1
+7.117400E+9	+1.464922E-1	+9.303737E-1
+7.117415E+9	+1.474008E-1	+9.303270E-1
+7.117430E+9	+1.482191E-1	+9.306142E-1
+7.117445E+9	+1.476730E-1	+9.300832E-1
+7.117460E+9	+1.474310E-1	+9.301545E-1
+7.117475E+9	+1.471258E-1	+9.302063E-1
+7.117490E+9	+1.468848E-1	+9.304009E-1
+7.117505E+9	+1.469557E-1	+9.302309E-1
+7.117520E+9	+1.472442E-1	+9.302334E-1
+7.117535E+9	+1.477684E-1	+9.300540E-1
+7.117550E+9	+1.480523E-1	+9.298045E-1
+7.117565E+9	+1.488171E-1	+9.297194E-1
+7.117580E+9	+1.491999E-1	+9.298914E-1
+7.117595E+9	+1.490458E-1	+9.295224E-1
+7.117610E+9	+1.493207E-1	+9.294342E-1
+7.117625E+9	+1.485901E-1	+9.297690E-1
+7.117640E+9	+1.493949E-1	+9.299399E-1
+7.117655E+9	+1.494618E-1	+9.297745E-1
+7.117670E+9	+1.492410E-1	+9.298566E-1
+7.117685E+9	+1.490223E-1	+9.301331E-1
+7.117700E+9	+1.489334E-1	+9.304991E-1
+7.117715E+9	+1.494736E-1	+9.298002E-1
+7.117730E+9	+1.495886E-1	+9.296532E-1
+7.117745E+9	+1.496635E-1	+9.294105E-1
+7.117760E+9	+1.500016E-1	+9.293899E-1
+7.117775E+9	+1.501595E-1	+9.297930E-1
+7.117790E+9	+1.505050E-1	+9.305790E-1
+7.117805E+9	+1.508235E-1	+9.311056E-1
+7.117820E+9	+1.502689E-1	+9.307197E-1
+7.117835E+9	+1.506018E-1	+9.297731E-1
+7.117850E+9	+1.513688E-1	+9.295361E-1
+7.117865E+9	+1.517040E-1	+9.294211E-1
+7.117880E+9	+1.519348E-1	+9.293181E-1
+7.117895E+9	+1.517819E-1	+9.291348E-1
+7.117910E+9	+1.521276E-1	+9.289203E-1
+7.117925E+9	+1.519321E-1	+9.287072E-1
+7.117940E+9	+1.519435E-1	+9.288792E-1
+7.117955E+9	+1.518806E-1	+9.292132E-1
+7.117970E+9	+1.519077E-1	+9.299110E-1
+7.117985E+9	+1.522476E-1	+9.298753E-1
+7.118000E+9	+1.525318E-1	+9.288354E-1
+7.118015E+9	+1.528548E-1	+9.292285E-1
+7.118030E+9	+1.527542E-1	+9.293532E-1
+7.118045E+9	+1.524125E-1	+9.290335E-1
+7.118060E+9	+1.528005E-1	+9.292861E-1
+7.118075E+9	+1.533760E-1	+9.295867E-1
+7.118090E+9	+1.533356E-1	+9.294694E-1
+7.118105E+9	+1.533212E-1	+9.293396E-1
+7.118120E+9	+1.536197E-1	+9.291657E-1
+7.118135E+9	+1.540709E-1	+9.292366E-1
+7.118150E+9	+1.541907E-1	+9.284552E-1
+7.118165E+9	+1.542329E-1	+9.286901E-1
+7.118180E+9	+1.537344E-1	+9.286185E-1
+7.118195E+9	+1.538675E-1	+9.283982E-1
+7.118210E+9	+1.537238E-1	+9.284968E-1
+7.118225E+9	+1.543786E-1	+9.296704E-1
+7.118240E+9	+1.548968E-1	+9.289176E-1
+7.118255E+9	+1.551633E-1	+9.284810E-1
+7.118270E+9	+1.550087E-1	+9.286560E-1
+7.118285E+9	+1.549902E-1	+9.287407E-1
+7.118300E+9	+1.556517E-1	+9.288251E-1
+7.118315E+9	+1.558852E-1	+9.288980E-1
+7.118330E+9	+1.561119E-1	+9.286920E-1
+7.118345E+9	+1.558566E-1	+9.282815E-1
+7.118360E+9	+1.561861E-1	+9.282721E-1
+7.118375E+9	+1.565886E-1	+9.288762E-1
+7.118390E+9	+1.567507E-1	+9.288285E-1
+7.118405E+9	+1.565980E-1	+9.292090E-1
+7.118420E+9	+1.564907E-1	+9.288682E-1
+7.118435E+9	+1.564237E-1	+9.285223E-1
+7.118450E+9	+1.563276E-1	+9.286077E-1
+7.118465E+9	+1.564612E-1	+9.287434E-1
+7.118480E+9	+1.564598E-1	+9.290265E-1
+7.118495E+9	+1.568648E-1	+9.289492E-1
+7.118510E+9	+1.572052E-1	+9.283667E-1
+7.118525E+9	+1.572657E-1	+9.288559E-1
+7.118540E+9	+1.577401E-1	+9.287045E-1
+7.118555E+9	+1.583201E-1	+9.281398E-1
+7.118570E+9	+1.578674E-1	+9.280017E-1
+7.118585E+9	+1.578786E-1	+9.278816E-1
+7.118600E+9	+1.582996E-1	+9.285830E-1
+7.118615E+9	+1.577805E-1	+9.279810E-1
+7.118630E+9	+1.578640E-1	+9.282128E-1
+7.118645E+9	+1.584138E-1	+9.280232E-1
+7.118660E+9	+1.593708E-1	+9.278796E-1
+7.118675E+9	+1.592717E-1	+9.278122E-1
+7.118690E+9	+1.589567E-1	+9.277000E-1
+7.118705E+9	+1.590390E-1	+9.279859E-1
+7.118720E+9	+1.595714E-1	+9.282747E-1
+7.118735E+9	+1.597483E-1	+9.280810E-1
+7.118750E+9	+1.590231E-1	+9.275172E-1
+7.118765E+9	+1.596055E-1	+9.280482E-1
+7.118780E+9	+1.597018E-1	+9.279152E-1
+7.118795E+9	+1.595555E-1	+9.281943E-1
+7.118810E+9	+1.599876E-1	+9.273373E-1
+7.118825E+9	+1.601764E-1	+9.273541E-1
+7.118840E+9	+1.607989E-1	+9.278627E-1
+7.118855E+9	+1.607986E-1	+9.283126E-1
+7.118870E+9	+1.610842E-1	+9.283121E-1
+7.118885E+9	+1.607683E-1	+9.282867E-1
+7.118900E+9	+1.608089E-1	+9.286237E-1
+7.118915E+9	+1.610865E-1	+9.277081E-1
+7.118930E+9	+1.612329E-1	+9.273131E-1
+7.118945E+9	+1.613868E-1	+9.270338E-1
+7.118960E+9	+1.616119E-1	+9.276414E-1
+7.118975E+9	+1.622704E-1	+9.272357E-1
+7.118990E+9	+1.619298E-1	+9.273693E-1
+7.119005E+9	+1.614096E-1	+9.270802E-1
+7.119020E+9	+1.617138E-1	+9.269851E-1
+7.119035E+9	+1.620950E-1	+9.276286E-1
+7.119050E+9	+1.629677E-1	+9.275828E-1
+7.119065E+9	+1.630222E-1	+9.276335E-1
+7.119080E+9	+1.632595E-1	+9.277546E-1
+7.119095E+9	+1.629880E-1	+9.276921E-1
+7.119110E+9	+1.634700E-1	+9.269405E-1
+7.119125E+9	+1.633299E-1	+9.268807E-1
+7.119140E+9	+1.637657E-1	+9.274655E-1
+7.119155E+9	+1.635896E-1	+9.277584E-1
+7.119170E+9	+1.636878E-1	+9.274983E-1
+7.119185E+9	+1.636701E-1	+9.275033E-1
+7.119200E+9	+1.647522E-1	+9.273378E-1
+7.119215E+9	+1.645354E-1	+9.274909E-1
+7.119230E+9	+1.642790E-1	+9.275973E-1
+7.119245E+9	+1.642070E-1	+9.270298E-1
+7.119260E+9	+1.643871E-1	+9.270110E-1
+7.119275E+9	+1.650259E-1	+9.273937E-1
+7.119290E+9	+1.648097E-1	+9.278110E-1
+7.119305E+9	+1.646722E-1	+9.275336E-1
+7.119320E+9	+1.647006E-1	+9.268126E-1
+7.119335E+9	+1.652703E-1	+9.265444E-1
+7.119350E+9	+1.651548E-1	+9.272493E-1
+7.119365E+9	+1.651357E-1	+9.270563E-1
+7.119380E+9	+1.649851E-1	+9.266058E-1
+7.119395E+9	+1.658557E-1	+9.262326E-1
+7.119410E+9	+1.663053E-1	+9.264363E-1
+7.119425E+9	+1.666882E-1	+9.265225E-1
+7.119440E+9	+1.667026E-1	+9.265129E-1
+7.119455E+9	+1.665564E-1	+9.266514E-1
+7.119470E+9	+1.661747E-1	+9.269233E-1
+7.119485E+9	+1.661823E-1	+9.264356E-1
+7.119500E+9	+1.665404E-1	+9.265234E-1
+7.119515E+9	+1.667833E-1	+9.265855E-1
+7.119530E+9	+1.682659E-1	+9.271694E-1
+7.119545E+9	+1.681872E-1	+9.276405E-1
+7.119560E+9	+1.677303E-1	+9.273243E-1
+7.119575E+9	+1.687673E-1	+9.268662E-1
+7.119590E+9	+1.680214E-1	+9.272312E-1
+7.119605E+9	+1.676592E-1	+9.270797E-1
+7.119620E+9	+1.678228E-1	+9.274120E-1
+7.119635E+9	+1.678266E-1	+9.273185E-1
+7.119650E+9	+1.686151E-1	+9.261396E-1
+7.119665E+9	+1.684158E-1	+9.262745E-1
+7.119680E+9	+1.682944E-1	+9.268943E-1
+7.119695E+9	+1.682221E-1	+9.267825E-1
+7.119710E+9	+1.685205E-1	+9.261267E-1
+7.119725E+9	+1.691331E-1	+9.261881E-1
+7.119740E+9	+1.695260E-1	+9.262854E-1
+7.119755E+9	+1.699891E-1	+9.258743E-1
+7.119770E+9	+1.699596E-1	+9.254513E-1
+7.119785E+9	+1.696084E-1	+9.262345E-1
+7.119800E+9	+1.702643E-1	+9.271584E-1
+7.119815E+9	+1.707707E-1	+9.267089E-1
+7.119830E+9	+1.706216E-1	+9.262248E-1
+7.119845E+9	+1.703108E-1	+9.265535E-1
+7.119860E+9	+1.703324E-1	+9.263666E-1
+7.119875E+9	+1.700871E-1	+9.265736E-1
+7.119890E+9	+1.708450E-1	+9.263981E-1
+7.119905E+9	+1.702021E-1	+9.260127E-1
+7.119920E+9	+1.702293E-1	+9.262546E-1
+7.119935E+9	+1.712048E-1	+9.262038E-1
+7.119950E+9	+1.712816E-1	+9.255260E-1
+7.119965E+9	+1.719178E-1	+9.257566E-1
+7.119980E+9	+1.722191E-1	+9.257814E-1
+7.119995E+9	+1.719514E-1	+9.257632E-1
+7.120010E+9	+1.716331E-1	+9.259325E-1
+7.120025E+9	+1.723013E-1	+9.254549E-1
+7.120040E+9	+1.727090E-1	+9.253891E-1
+7.120055E+9	+1.730983E-1	+9.259616E-1
+7.120070E+9	+1.728521E-1	+9.252978E-1
+7.120085E+9	+1.728509E-1	+9.254171E-1
+7.120100E+9	+1.730523E-1	+9.255148E-1
+7.120115E+9	+1.728780E-1	+9.260401E-1
+7.120130E+9	+1.728877E-1	+9.258431E-1
+7.120145E+9	+1.728564E-1	+9.255840E-1
+7.120160E+9	+1.728185E-1	+9.255650E-1
+7.120175E+9	+1.728355E-1	+9.255242E-1
+7.120190E+9	+1.730661E-1	+9.254314E-1
+7.120205E+9	+1.736974E-1	+9.250310E-1
+7.120220E+9	+1.735214E-1	+9.254730E-1
+7.120235E+9	+1.736807E-1	+9.259616E-1
+7.120250E+9	+1.747261E-1	+9.261650E-1
+7.120265E+9	+1.748732E-1	+9.260785E-1
+7.120280E+9	+1.743434E-1	+9.256721E-1
+7.120295E+9	+1.744179E-1	+9.261851E-1
+7.120310E+9	+1.745953E-1	+9.260890E-1
+7.120325E+9	+1.748353E-1	+9.254571E-1
+7.120340E+9	+1.747516E-1	+9.253185E-1
+7.120355E+9	+1.744150E-1	+9.248521E-1
+7.120370E+9	+1.746208E-1	+9.246695E-1
+7.120385E+9	+1.748159E-1	+9.248027E-1
+7.120400E+9	+1.756320E-1	+9.251705E-1
+7.120415E+9	+1.757661E-1	+9.252443E-1
+7.120430E+9	+1.760286E-1	+9.248654E-1
+7.120445E+9	+1.766131E-1	+9.248036E-1
+7.120460E+9	+1.767055E-1	+9.247997E-1
+7.120475E+9	+1.765406E-1	+9.247895E-1
+7.120490E+9	+1.773380E-1	+9.253571E-1
+7.120505E+9	+1.767888E-1	+9.258446E-1
+7.120520E+9	+1.774088E-1	+9.254680E-1
+7.120535E+9	+1.777741E-1	+9.248630E-1
+7.120550E+9	+1.778151E-1	+9.254321E-1
+7.120565E+9	+1.769776E-1	+9.255452E-1
+7.120580E+9	+1.766729E-1	+9.253065E-1
+7.120595E+9	+1.771537E-1	+9.250125E-1
+7.120610E+9	+1.786903E-1	+9.242116E-1
+7.120625E+9	+1.786300E-1	+9.248810E-1
+7.120640E+9	+1.783139E-1	+9.245464E-1
+7.120655E+9	+1.780771E-1	+9.239948E-1
+7.120670E+9	+1.782564E-1	+9.244146E-1
+7.120685E+9	+1.783354E-1	+9.248041E-1
+7.120700E+9	+1.785958E-1	+9.246655E-1
+7.120715E+9	+1.789893E-1	+9.245662E-1
+7.120730E+9	+1.792843E-1	+9.246084E-1
+7.120745E+9	+1.793374E-1	+9.248915E-1
+7.120760E+9	+1.794721E-1	+9.248865E-1
+7.120775E+9	+1.783941E-1	+9.245666E-1
+7.120790E+9	+1.786349E-1	+9.246290E-1
+7.120805E+9	+1.792437E-1	+9.245386E-1
+7.120820E+9	+1.796742E-1	+9.241145E-1
+7.120835E+9	+1.797858E-1	+9.240560E-1
+7.120850E+9	+1.798488E-1	+9.241917E-1
+7.120865E+9	+1.801179E-1	+9.240394E-1
+7.120880E+9	+1.806586E-1	+9.243417E-1
+7.120895E+9	+1.810474E-1	+9.242706E-1
+7.120910E+9	+1.812218E-1	+9.240534E-1
+7.120925E+9	+1.807033E-1	+9.240632E-1
+7.120940E+9	+1.812150E-1	+9.248120E-1
+7.120955E+9	+1.819073E-1	+9.248455E-1
+7.120970E+9	+1.820089E-1	+9.239956E-1
+7.120985E+9	+1.817289E-1	+9.233563E-1
+7.121000E+9	+1.810638E-1	+9.232697E-1
+7.121015E+9	+1.817066E-1	+9.237972E-1
+7.121030E+9	+1.817669E-1	+9.244116E-1
+7.121045E+9	+1.816490E-1	+9.242816E-1
+7.121060E+9	+1.819486E-1	+9.238413E-1
+7.121075E+9	+1.825932E-1	+9.239863E-1
+7.121090E+9	+1.820973E-1	+9.245077E-1
+7.121105E+9	+1.818494E-1	+9.241767E-1
+7.121120E+9	+1.828878E-1	+9.235401E-1
+7.121135E+9	+1.829472E-1	+9.228593E-1
+7.121150E+9	+1.826696E-1	+9.231827E-1
+7.121165E+9	+1.834043E-1	+9.243380E-1
+7.121180E+9	+1.836163E-1	+9.246510E-1
+7.121195E+9	+1.834123E-1	+9.239040E-1
+7.121210E+9	+1.835832E-1	+9.238952E-1
+7.121225E+9	+1.832465E-1	+9.235101E-1
+7.121240E+9	+1.834850E-1	+9.235356E-1
+7.121255E+9	+1.836643E-1	+9.238144E-1
+7.121270E+9	+1.844034E-1	+9.236437E-1
+7.121285E+9	+1.845331E-1	+9.229528E-1
+7.121300E+9	+1.848321E-1	+9.230826E-1
+7.121315E+9	+1.849815E-1	+9.234534E-1
+7.121330E+9	+1.850601E-1	+9.237226E-1
+7.121345E+9	+1.849946E-1	+9.239658E-1
+7.121360E+9	+1.851459E-1	+9.236493E-1
+7.121375E+9	+1.852559E-1	+9.230520E-1
+7.121390E+9	+1.849370E-1	+9.227657E-1
+7.121405E+9	+1.848586E-1	+9.228437E-1
+7.121420E+9	+1.852128E-1	+9.231943E-1
+7.121435E+9	+1.857775E-1	+9.236377E-1
+7.121450E+9	+1.863197E-1	+9.231479E-1
+7.121465E+9	+1.863144E-1	+9.230012E-1
+7.121480E+9	+1.864368E-1	+9.230042E-1
+7.121495E+9	+1.866285E-1	+9.230441E-1
+7.121510E+9	+1.865888E-1	+9.232797E-1
+7.121525E+9	+1.867768E-1	+9.235453E-1
+7.121540E+9	+1.861669E-1	+9.230660E-1
+7.121555E+9	+1.860853E-1	+9.225882E-1
+7.121570E+9	+1.862237E-1	+9.224624E-1
+7.121585E+9	+1.877945E-1	+9.225120E-1
+7.121600E+9	+1.870275E-1	+9.217438E-1
+7.121615E+9	+1.872661E-1	+9.225944E-1
+7.121630E+9	+1.869620E-1	+9.226760E-1
+7.121645E+9	+1.868365E-1	+9.229198E-1
+7.121660E+9	+1.873279E-1	+9.226656E-1
+7.121675E+9	+1.888508E-1	+9.226821E-1
+7.121690E+9	+1.883706E-1	+9.228631E-1
+7.121705E+9	+1.879640E-1	+9.223602E-1
+7.121720E+9	+1.882264E-1	+9.217993E-1
+7.121735E+9	+1.882055E-1	+9.216984E-1
+7.121750E+9	+1.879843E-1	+9.222068E-1
+7.121765E+9	+1.884830E-1	+9.222465E-1
+7.121780E+9	+1.888994E-1	+9.221788E-1
+7.121795E+9	+1.895122E-1	+9.218531E-1
+7.121810E+9	+1.896575E-1	+9.222784E-1
+7.121825E+9	+1.898034E-1	+9.227146E-1
+7.121840E+9	+1.900923E-1	+9.227466E-1
+7.121855E+9	+1.904536E-1	+9.223410E-1
+7.121870E+9	+1.902532E-1	+9.219261E-1
+7.121885E+9	+1.900871E-1	+9.223431E-1
+7.121900E+9	+1.901559E-1	+9.225146E-1
+7.121915E+9	+1.909334E-1	+9.224312E-1
+7.121930E+9	+1.912031E-1	+9.224105E-1
+7.121945E+9	+1.905424E-1	+9.222376E-1
+7.121960E+9	+1.906331E-1	+9.218343E-1
+7.121975E+9	+1.906665E-1	+9.208969E-1
+7.121990E+9	+1.912141E-1	+9.214166E-1
+7.122005E+9	+1.916640E-1	+9.220758E-1
+7.122020E+9	+1.915890E-1	+9.225689E-1
+7.122035E+9	+1.916770E-1	+9.227284E-1
+7.122050E+9	+1.911955E-1	+9.220341E-1
+7.122065E+9	+1.917411E-1	+9.218332E-1
+7.122080E+9	+1.920610E-1	+9.218213E-1
+7.122095E+9	+1.919450E-1	+9.217608E-1
+7.122110E+9	+1.927431E-1	+9.212500E-1
+7.122125E+9	+1.929343E-1	+9.219495E-1
+7.122140E+9	+1.928644E-1	+9.217921E-1
+7.122155E+9	+1.925808E-1	+9.217471E-1
+7.122170E+9	+1.927153E-1	+9.219053E-1
+7.122185E+9	+1.932997E-1	+9.223317E-1
+7.122200E+9	+1.930051E-1	+9.218842E-1
+7.122215E+9	+1.934733E-1	+9.212681E-1
+7.122230E+9	+1.932385E-1	+9.207842E-1
+7.122245E+9	+1.945162E-1	+9.223230E-1
+7.122260E+9	+1.945358E-1	+9.224673E-1
+7.122275E+9	+1.940281E-1	+9.218730E-1
+7.122290E+9	+1.936118E-1	+9.215630E-1
+7.122305E+9	+1.933723E-1	+9.219022E-1
+7.122320E+9	+1.935547E-1	+9.216823E-1
+7.122335E+9	+1.941596E-1	+9.219862E-1
+7.122350E+9	+1.954570E-1	+9.214794E-1
+7.122365E+9	+1.954997E-1	+9.214421E-1
+7.122380E+9	+1.948419E-1	+9.219226E-1
+7.122395E+9	+1.950522E-1	+9.211012E-1
+7.122410E+9	+1.952909E-1	+9.206543E-1
+7.122425E+9	+1.952001E-1	+9.211790E-1
+7.122440E+9	+1.950698E-1	+9.210742E-1
+7.122455E+9	+1.949847E-1	+9.214250E-1
+7.122470E+9	+1.951456E-1	+9.213964E-1
+7.122485E+9	+1.955033E-1	+9.205257E-1
+7.122500E+9	+1.952688E-1	+9.208699E-1
+7.122515E+9	+1.954852E-1	+9.205630E-1
+7.122530E+9	+1.956991E-1	+9.205249E-1
+7.122545E+9	+1.957551E-1	+9.213157E-1
+7.122560E+9	+1.960854E-1	+9.220927E-1
+7.122575E+9	+1.959505E-1	+9.224109E-1
+7.122590E+9	+1.969693E-1	+9.213505E-1
+7.122605E+9	+1.975752E-1	+9.201150E-1
+7.122620E+9	+1.974225E-1	+9.201205E-1
+7.122635E+9	+1.975660E-1	+9.205509E-1
+7.122650E+9	+1.977503E-1	+9.206271E-1
+7.122665E+9	+1.975640E-1	+9.203885E-1
+7.122680E+9	+1.974889E-1	+9.201947E-1
+7.122695E+9	+1.973752E-1	+9.207955E-1
+7.122710E+9	+1.976829E-1	+9.211432E-1
+7.122725E+9	+1.987359E-1	+9.210572E-1
+7.122740E+9	+1.986138E-1	+9.206518E-1
+7.122755E+9	+1.985635E-1	+9.201490E-1
+7.122770E+9	+1.985472E-1	+9.201883E-1
+7.122785E+9	+1.986100E-1	+9.209545E-1
+7.122800E+9	+1.989288E-1	+9.219152E-1
+7.122815E+9	+1.995752E-1	+9.220880E-1
+7.122830E+9	+1.999037E-1	+9.208840E-1
+7.122845E+9	+1.999614E-1	+9.203958E-1
+7.122860E+9	+2.009138E-1	+9.209552E-1
+7.122875E+9	+2.002393E-1	+9.204813E-1
+7.122890E+9	+2.004922E-1	+9.202087E-1
+7.122905E+9	+2.006507E-1	+9.204556E-1
+7.122920E+9	+2.007321E-1	+9.207529E-1
+7.122935E+9	+2.000742E-1	+9.208213E-1
+7.122950E+9	+1.994375E-1	+9.196890E-1
+7.122965E+9	+2.005742E-1	+9.200520E-1
+7.122980E+9	+2.009612E-1	+9.199719E-1
+7.122995E+9	+2.003384E-1	+9.195313E-1
+7.123010E+9	+2.003355E-1	+9.198394E-1
+7.123025E+9	+2.002829E-1	+9.199319E-1
+7.123040E+9	+2.007255E-1	+9.200186E-1
+7.123055E+9	+2.012174E-1	+9.201147E-1
+7.123070E+9	+2.017495E-1	+9.200097E-1
+7.123085E+9	+2.020569E-1	+9.198704E-1
+7.123100E+9	+2.022509E-1	+9.197880E-1
+7.123115E+9	+2.022172E-1	+9.195763E-1
+7.123130E+9	+2.025961E-1	+9.194805E-1
+7.123145E+9	+2.024689E-1	+9.195244E-1
+7.123160E+9	+2.023660E-1	+9.195354E-1
+7.123175E+9	+2.029603E-1	+9.202162E-1
+7.123190E+9	+2.032334E-1	+9.198158E-1
+7.123205E+9	+2.036619E-1	+9.197203E-1
+7.123220E+9	+2.043958E-1	+9.194840E-1
+7.123235E+9	+2.045366E-1	+9.196119E-1
+7.123250E+9	+2.024829E-1	+9.189508E-1
+7.123265E+9	+2.026899E-1	+9.189847E-1
+7.123280E+9	+2.028660E-1	+9.190872E-1
+7.123295E+9	+2.032939E-1	+9.191779E-1
+7.123310E+9	+2.044373E-1	+9.188811E-1
+7.123325E+9	+2.041101E-1	+9.196051E-1
+7.123340E+9	+2.045756E-1	+9.194287E-1
+7.123355E+9	+2.047576E-1	+9.190395E-1
+7.123370E+9	+2.046657E-1	+9.188830E-1
+7.123385E+9	+2.046352E-1	+9.193624E-1
+7.123400E+9	+2.040981E-1	+9.196630E-1
+7.123415E+9	+2.045033E-1	+9.190083E-1
+7.123430E+9	+2.053487E-1	+9.187675E-1
+7.123445E+9	+2.059741E-1	+9.188833E-1
+7.123460E+9	+2.058799E-1	+9.201777E-1
+7.123475E+9	+2.051147E-1	+9.216619E-1
+7.123490E+9	+2.055711E-1	+9.202499E-1
+7.123505E+9	+2.059560E-1	+9.196629E-1
+7.123520E+9	+2.060851E-1	+9.196514E-1
+7.123535E+9	+2.055486E-1	+9.186041E-1
+7.123550E+9	+2.055197E-1	+9.184673E-1
+7.123565E+9	+2.059993E-1	+9.184071E-1
+7.123580E+9	+2.065821E-1	+9.183073E-1
+7.123595E+9	+2.066127E-1	+9.183979E-1
+7.123610E+9	+2.070975E-1	+9.186565E-1
+7.123625E+9	+2.070319E-1	+9.184898E-1
+7.123640E+9	+2.066536E-1	+9.191114E-1
+7.123655E+9	+2.059730E-1	+9.185805E-1
+7.123670E+9	+2.061747E-1	+9.182123E-1
+7.123685E+9	+2.064854E-1	+9.180669E-1
+7.123700E+9	+2.070017E-1	+9.182202E-1
+7.123715E+9	+2.076934E-1	+9.191675E-1
+7.123730E+9	+2.084802E-1	+9.193189E-1
+7.123745E+9	+2.086841E-1	+9.188719E-1
+7.123760E+9	+2.076277E-1	+9.172555E-1
+7.123775E+9	+2.084496E-1	+9.185319E-1
+7.123790E+9	+2.087455E-1	+9.186833E-1
+7.123805E+9	+2.089966E-1	+9.188877E-1
+7.123820E+9	+2.093134E-1	+9.186499E-1
+7.123835E+9	+2.094905E-1	+9.182352E-1
+7.123850E+9	+2.090689E-1	+9.178676E-1
+7.123865E+9	+2.091882E-1	+9.179235E-1
+7.123880E+9	+2.088406E-1	+9.186821E-1
+7.123895E+9	+2.090936E-1	+9.191139E-1
+7.123910E+9	+2.094290E-1	+9.186660E-1
+7.123925E+9	+2.094415E-1	+9.172710E-1
+7.123940E+9	+2.096195E-1	+9.178450E-1
+7.123955E+9	+2.102861E-1	+9.184747E-1
+7.123970E+9	+2.099789E-1	+9.184146E-1
+7.123985E+9	+2.105464E-1	+9.179562E-1
+7.124000E+9	+2.109374E-1	+9.175652E-1
+7.124015E+9	+2.105464E-1	+9.173470E-1
+7.124030E+9	+2.105033E-1	+9.175258E-1
+7.124045E+9	+2.109061E-1	+9.182676E-1
+7.124060E+9	+2.116019E-1	+9.183997E-1
+7.124075E+9	+2.111388E-1	+9.178678E-1
+7.124090E+9	+2.104935E-1	+9.176460E-1
+7.124105E+9	+2.107486E-1	+9.169364E-1
+7.124120E+9	+2.106338E-1	+9.163451E-1
+7.124135E+9	+2.122116E-1	+9.173020E-1
+7.124150E+9	+2.127245E-1	+9.179325E-1
+7.124165E+9	+2.127911E-1	+9.178742E-1
+7.124180E+9	+2.128547E-1	+9.179814E-1
+7.124195E+9	+2.126938E-1	+9.175522E-1
+7.124210E+9	+2.127261E-1	+9.168488E-1
+7.124225E+9	+2.133920E-1	+9.170829E-1
+7.124240E+9	+2.132014E-1	+9.174579E-1
+7.124255E+9	+2.131865E-1	+9.173678E-1
+7.124270E+9	+2.130027E-1	+9.169700E-1
+7.124285E+9	+2.136334E-1	+9.163907E-1
+7.124300E+9	+2.144490E-1	+9.170532E-1
+7.124315E+9	+2.136364E-1	+9.175950E-1
+7.124330E+9	+2.129816E-1	+9.171068E-1
+7.124345E+9	+2.135478E-1	+9.171092E-1
+7.124360E+9	+2.142208E-1	+9.175665E-1
+7.124375E+9	+2.141214E-1	+9.180633E-1
+7.124390E+9	+2.139811E-1	+9.180634E-1
+7.124405E+9	+2.134793E-1	+9.173826E-1
+7.124420E+9	+2.137893E-1	+9.172451E-1
+7.124435E+9	+2.147596E-1	+9.168655E-1
+7.124450E+9	+2.148890E-1	+9.164307E-1
+7.124465E+9	+2.150296E-1	+9.167313E-1
+7.124480E+9	+2.151599E-1	+9.170235E-1
+7.124495E+9	+2.151820E-1	+9.170977E-1
+7.124510E+9	+2.153600E-1	+9.170617E-1
+7.124525E+9	+2.148943E-1	+9.164750E-1
+7.124540E+9	+2.156952E-1	+9.161816E-1
+7.124555E+9	+2.168481E-1	+9.174342E-1
+7.124570E+9	+2.168545E-1	+9.174168E-1
+7.124585E+9	+2.155502E-1	+9.173795E-1
+7.124600E+9	+2.163182E-1	+9.163079E-1
+7.124615E+9	+2.161009E-1	+9.172656E-1
+7.124630E+9	+2.163164E-1	+9.174814E-1
+7.124645E+9	+2.160229E-1	+9.166166E-1
+7.124660E+9	+2.169966E-1	+9.161116E-1
+7.124675E+9	+2.170409E-1	+9.168374E-1
+7.124690E+9	+2.172507E-1	+9.166159E-1
+7.124705E+9	+2.176015E-1	+9.165048E-1
+7.124720E+9	+2.172232E-1	+9.166953E-1
+7.124735E+9	+2.174568E-1	+9.161737E-1
+7.124750E+9	+2.182734E-1	+9.164771E-1
+7.124765E+9	+2.186305E-1	+9.161894E-1
+7.124780E+9	+2.184405E-1	+9.160408E-1
+7.124795E+9	+2.185694E-1	+9.161522E-1
+7.124810E+9	+2.185515E-1	+9.155994E-1
+7.124825E+9	+2.184328E-1	+9.160748E-1
+7.124840E+9	+2.184510E-1	+9.164888E-1
+7.124855E+9	+2.186889E-1	+9.163928E-1
+7.124870E+9	+2.196282E-1	+9.160969E-1
+7.124885E+9	+2.198272E-1	+9.156386E-1
+7.124900E+9	+2.193319E-1	+9.160231E-1
+7.124915E+9	+2.195368E-1	+9.162224E-1
+7.124930E+9	+2.200026E-1	+9.165450E-1
+7.124945E+9	+2.204149E-1	+9.170619E-1
+7.124960E+9	+2.208003E-1	+9.160031E-1
+7.124975E+9	+2.201833E-1	+9.148794E-1
+7.124990E+9	+2.205555E-1	+9.153174E-1
+7.125005E+9	+2.201204E-1	+9.154766E-1
+7.125020E+9	+2.196127E-1	+9.150950E-1
+7.125035E+9	+2.197610E-1	+9.151245E-1
+7.125050E+9	+2.198694E-1	+9.164257E-1
+7.125065E+9	+2.204125E-1	+9.161818E-1
+7.125080E+9	+2.204997E-1	+9.153325E-1
+7.125095E+9	+2.216736E-1	+9.154686E-1
+7.125110E+9	+2.214698E-1	+9.152029E-1
+7.125125E+9	+2.226292E-1	+9.149552E-1
+7.125140E+9	+2.221040E-1	+9.159200E-1
+7.125155E+9	+2.206598E-1	+9.158612E-1
+7.125170E+9	+2.209040E-1	+9.153861E-1
+7.125185E+9	+2.216546E-1	+9.154462E-1
+7.125200E+9	+2.227424E-1	+9.157888E-1
+7.125215E+9	+2.235222E-1	+9.157135E-1
+7.125230E+9	+2.238262E-1	+9.157705E-1
+7.125245E+9	+2.228254E-1	+9.154820E-1
+7.125260E+9	+2.224355E-1	+9.148604E-1
+7.125275E+9	+2.226555E-1	+9.142209E-1
+7.125290E+9	+2.222215E-1	+9.146379E-1
+7.125305E+9	+2.223856E-1	+9.148765E-1
+7.125320E+9	+2.231628E-1	+9.150821E-1
+7.125335E+9	+2.233279E-1	+9.148343E-1
+7.125350E+9	+2.230884E-1	+9.139338E-1
+7.125365E+9	+2.234735E-1	+9.139866E-1
+7.125380E+9	+2.236230E-1	+9.139426E-1
+7.125395E+9	+2.237932E-1	+9.143568E-1
+7.125410E+9	+2.238063E-1	+9.148236E-1
+7.125425E+9	+2.238353E-1	+9.147409E-1
+7.125440E+9	+2.243564E-1	+9.144279E-1
+7.125455E+9	+2.249081E-1	+9.146477E-1
+7.125470E+9	+2.248695E-1	+9.144698E-1
+7.125485E+9	+2.253438E-1	+9.140756E-1
+7.125500E+9	+2.249477E-1	+9.149424E-1
+7.125515E+9	+2.253213E-1	+9.150234E-1
+7.125530E+9	+2.256858E-1	+9.150291E-1
+7.125545E+9	+2.258555E-1	+9.146133E-1
+7.125560E+9	+2.258920E-1	+9.142156E-1
+7.125575E+9	+2.260831E-1	+9.137689E-1
+7.125590E+9	+2.260952E-1	+9.142930E-1
+7.125605E+9	+2.261035E-1	+9.144113E-1
+7.125620E+9	+2.264495E-1	+9.143892E-1
+7.125635E+9	+2.269559E-1	+9.145373E-1
+7.125650E+9	+2.271673E-1	+9.138691E-1
+7.125665E+9	+2.266088E-1	+9.140029E-1
+7.125680E+9	+2.261883E-1	+9.137892E-1
+7.125695E+9	+2.264958E-1	+9.132336E-1
+7.125710E+9	+2.277279E-1	+9.129607E-1
+7.125725E+9	+2.285543E-1	+9.133806E-1
+7.125740E+9	+2.281317E-1	+9.132429E-1
+7.125755E+9	+2.279548E-1	+9.134670E-1
+7.125770E+9	+2.286531E-1	+9.140359E-1
+7.125785E+9	+2.275499E-1	+9.141672E-1
+7.125800E+9	+2.282197E-1	+9.134951E-1
+7.125815E+9	+2.271159E-1	+9.126699E-1
+7.125830E+9	+2.273839E-1	+9.119556E-1
+7.125845E+9	+2.281498E-1	+9.118020E-1
+7.125860E+9	+2.305115E-1	+9.140512E-1
+7.125875E+9	+2.284651E-1	+9.144539E-1
+7.125890E+9	+2.283101E-1	+9.135673E-1
+7.125905E+9	+2.288086E-1	+9.128120E-1
+7.125920E+9	+2.289790E-1	+9.128840E-1
+7.125935E+9	+2.285585E-1	+9.131739E-1
+7.125950E+9	+2.286032E-1	+9.145066E-1
+7.125965E+9	+2.289140E-1	+9.141939E-1
+7.125980E+9	+2.306005E-1	+9.134852E-1
+7.125995E+9	+2.305472E-1	+9.136837E-1
+7.126010E+9	+2.291090E-1	+9.142778E-1
+7.126025E+9	+2.292827E-1	+9.137267E-1
+7.126040E+9	+2.296391E-1	+9.135185E-1
+7.126055E+9	+2.301008E-1	+9.133126E-1
+7.126070E+9	+2.305031E-1	+9.135675E-1
+7.126085E+9	+2.309227E-1	+9.136213E-1
+7.126100E+9	+2.315633E-1	+9.135677E-1
+7.126115E+9	+2.315971E-1	+9.131110E-1
+7.126130E+9	+2.312642E-1	+9.126654E-1
+7.126145E+9	+2.312227E-1	+9.126243E-1
+7.126160E+9	+2.316129E-1	+9.124911E-1
+7.126175E+9	+2.322937E-1	+9.122943E-1
+7.126190E+9	+2.324433E-1	+9.120955E-1
+7.126205E+9	+2.325635E-1	+9.119629E-1
+7.126220E+9	+2.330311E-1	+9.120184E-1
+7.126235E+9	+2.323332E-1	+9.128426E-1
+7.126250E+9	+2.315692E-1	+9.118220E-1
+7.126265E+9	+2.321006E-1	+9.121150E-1
+7.126280E+9	+2.322577E-1	+9.122010E-1
+7.126295E+9	+2.322198E-1	+9.123739E-1
+7.126310E+9	+2.320660E-1	+9.128350E-1
+7.126325E+9	+2.335084E-1	+9.135447E-1
+7.126340E+9	+2.334604E-1	+9.120751E-1
+7.126355E+9	+2.340012E-1	+9.118591E-1
+7.126370E+9	+2.339106E-1	+9.127157E-1
+7.126385E+9	+2.336484E-1	+9.126942E-1
+7.126400E+9	+2.330097E-1	+9.122790E-1
+7.126415E+9	+2.339202E-1	+9.126411E-1
+7.126430E+9	+2.345157E-1	+9.119652E-1
+7.126445E+9	+2.336973E-1	+9.117653E-1
+7.126460E+9	+2.337255E-1	+9.118466E-1
+7.126475E+9	+2.340129E-1	+9.127054E-1
+7.126490E+9	+2.338797E-1	+9.125856E-1
+7.126505E+9	+2.339876E-1	+9.125027E-1
+7.126520E+9	+2.348885E-1	+9.122191E-1
+7.126535E+9	+2.355076E-1	+9.127667E-1
+7.126550E+9	+2.344934E-1	+9.127279E-1
+7.126565E+9	+2.344693E-1	+9.123564E-1
+7.126580E+9	+2.354354E-1	+9.115630E-1
+7.126595E+9	+2.354526E-1	+9.116301E-1
+7.126610E+9	+2.358122E-1	+9.112773E-1
+7.126625E+9	+2.368559E-1	+9.106498E-1
+7.126640E+9	+2.365755E-1	+9.105751E-1
+7.126655E+9	+2.366936E-1	+9.109671E-1
+7.126670E+9	+2.375031E-1	+9.114160E-1
+7.126685E+9	+2.373370E-1	+9.117249E-1
+7.126700E+9	+2.364875E-1	+9.129649E-1
+7.126715E+9	+2.370515E-1	+9.124693E-1
+7.126730E+9	+2.375831E-1	+9.116601E-1
+7.126745E+9	+2.374645E-1	+9.117997E-1
+7.126760E+9	+2.369615E-1	+9.115061E-1
+7.126775E+9	+2.366052E-1	+9.111518E-1
+7.126790E+9	+2.371652E-1	+9.116792E-1
+7.126805E+9	+2.385717E-1	+9.108505E-1
+7.126820E+9	+2.386632E-1	+9.109487E-1
+7.126835E+9	+2.383732E-1	+9.111105E-1
+7.126850E+9	+2.389525E-1	+9.103208E-1
+7.126865E+9	+2.391873E-1	+9.108787E-1
+7.126880E+9	+2.388274E-1	+9.107598E-1
+7.126895E+9	+2.377664E-1	+9.104895E-1
+7.126910E+9	+2.379409E-1	+9.110036E-1
+7.126925E+9	+2.391180E-1	+9.110619E-1
+7.126940E+9	+2.385952E-1	+9.112695E-1
+7.126955E+9	+2.382131E-1	+9.108819E-1
+7.126970E+9	+2.387857E-1	+9.100423E-1
+7.126985E+9	+2.400460E-1	+9.097708E-1
+7.127000E+9	+2.407724E-1	+9.104756E-1
+7.127015E+9	+2.411559E-1	+9.110973E-1
+7.127030E+9	+2.405668E-1	+9.111611E-1
+7.127045E+9	+2.405421E-1	+9.108355E-1
+7.127060E+9	+2.400124E-1	+9.108651E-1
+7.127075E+9	+2.403543E-1	+9.104320E-1
+7.127090E+9	+2.406510E-1	+9.096932E-1
+7.127105E+9	+2.412358E-1	+9.093699E-1
+7.127120E+9	+2.417031E-1	+9.095429E-1
+7.127135E+9	+2.405102E-1	+9.098429E-1
+7.127150E+9	+2.410484E-1	+9.097671E-1
+7.127165E+9	+2.408511E-1	+9.101299E-1
+7.127180E+9	+2.423618E-1	+9.106009E-1
+7.127195E+9	+2.419259E-1	+9.097900E-1
+7.127210E+9	+2.416768E-1	+9.095109E-1
+7.127225E+9	+2.428660E-1	+9.098210E-1
+7.127240E+9	+2.427242E-1	+9.103631E-1
+7.127255E+9	+2.408667E-1	+9.104558E-1
+7.127270E+9	+2.418870E-1	+9.097202E-1
+7.127285E+9	+2.428036E-1	+9.096912E-1
+7.127300E+9	+2.438179E-1	+9.099840E-1
+7.127315E+9	+2.440103E-1	+9.098399E-1
+7.127330E+9	+2.439942E-1	+9.098387E-1
+7.127345E+9	+2.431375E-1	+9.099633E-1
+7.127360E+9	+2.434915E-1	+9.097626E-1
+7.127375E+9	+2.439727E-1	+9.092415E-1
+7.127390E+9	+2.442076E-1	+9.096775E-1
+7.127405E+9	+2.442250E-1	+9.097478E-1
+7.127420E+9	+2.440588E-1	+9.094998E-1
+7.127435E+9	+2.440323E-1	+9.095183E-1
+7.127450E+9	+2.435104E-1	+9.102039E-1
+7.127465E+9	+2.436702E-1	+9.098461E-1
+7.127480E+9	+2.436537E-1	+9.096361E-1
+7.127495E+9	+2.435118E-1	+9.097236E-1
+7.127510E+9	+2.446149E-1	+9.103103E-1
+7.127525E+9	+2.445661E-1	+9.089782E-1
+7.127540E+9	+2.452666E-1	+9.090357E-1
+7.127555E+9	+2.457777E-1	+9.093717E-1
+7.127570E+9	+2.459273E-1	+9.094570E-1
+7.127585E+9	+2.457549E-1	+9.091222E-1
+7.127600E+9	+2.456300E-1	+9.086457E-1
+7.127615E+9	+2.461463E-1	+9.087146E-1
+7.127630E+9	+2.462909E-1	+9.088264E-1
+7.127645E+9	+2.464161E-1	+9.088695E-1
+7.127660E+9	+2.465476E-1	+9.086081E-1
+7.127675E+9	+2.472068E-1	+9.089247E-1
+7.127690E+9	+2.470868E-1	+9.089000E-1
+7.127705E+9	+2.461651E-1	+9.087542E-1
+7.127720E+9	+2.462515E-1	+9.085803E-1
+7.127735E+9	+2.466554E-1	+9.093011E-1
+7.127750E+9	+2.472813E-1	+9.093353E-1
+7.127765E+9	+2.472794E-1	+9.084674E-1
+7.127780E+9	+2.472884E-1	+9.080662E-1
+7.127795E+9	+2.476983E-1	+9.083157E-1
+7.127810E+9	+2.479134E-1	+9.085744E-1
+7.127825E+9	+2.483635E-1	+9.086813E-1
+7.127840E+9	+2.488035E-1	+9.089887E-1
+7.127855E+9	+2.488778E-1	+9.095547E-1
+7.127870E+9	+2.489814E-1	+9.088958E-1
+7.127885E+9	+2.490837E-1	+9.077448E-1
+7.127900E+9	+2.485059E-1	+9.067638E-1
+7.127915E+9	+2.489096E-1	+9.069290E-1
+7.127930E+9	+2.485565E-1	+9.087871E-1
+7.127945E+9	+2.495430E-1	+9.078629E-1
+7.127960E+9	+2.500251E-1	+9.077807E-1
+7.127975E+9	+2.498417E-1	+9.079307E-1
+7.127990E+9	+2.502863E-1	+9.075679E-1
+7.128005E+9	+2.503186E-1	+9.075411E-1
+7.128020E+9	+2.498035E-1	+9.078789E-1
+7.128035E+9	+2.493458E-1	+9.083164E-1
+7.128050E+9	+2.489992E-1	+9.083893E-1
+7.128065E+9	+2.494781E-1	+9.075044E-1
+7.128080E+9	+2.494394E-1	+9.073583E-1
+7.128095E+9	+2.491941E-1	+9.087218E-1
+7.128110E+9	+2.503760E-1	+9.088552E-1
+7.128125E+9	+2.515906E-1	+9.071681E-1
+7.128140E+9	+2.514022E-1	+9.074988E-1
+7.128155E+9	+2.509403E-1	+9.081261E-1
+7.128170E+9	+2.512733E-1	+9.075925E-1
+7.128185E+9	+2.511398E-1	+9.073149E-1
+7.128200E+9	+2.511584E-1	+9.064706E-1
+7.128215E+9	+2.516530E-1	+9.068343E-1
+7.128230E+9	+2.515622E-1	+9.077097E-1
+7.128245E+9	+2.528468E-1	+9.077053E-1
+7.128260E+9	+2.526243E-1	+9.074558E-1
+7.128275E+9	+2.516752E-1	+9.069510E-1
+7.128290E+9	+2.527186E-1	+9.070865E-1
+7.128305E+9	+2.536565E-1	+9.074463E-1
+7.128320E+9	+2.534140E-1	+9.068589E-1
+7.128335E+9	+2.517715E-1	+9.066699E-1
+7.128350E+9	+2.529936E-1	+9.055830E-1
+7.128365E+9	+2.529933E-1	+9.065805E-1
+7.128380E+9	+2.525411E-1	+9.072379E-1
+7.128395E+9	+2.534200E-1	+9.056596E-1
+7.128410E+9	+2.535919E-1	+9.058365E-1
+7.128425E+9	+2.529565E-1	+9.067150E-1
+7.128440E+9	+2.536061E-1	+9.059613E-1
+7.128455E+9	+2.542720E-1	+9.053254E-1
+7.128470E+9	+2.541984E-1	+9.057532E-1
+7.128485E+9	+2.543682E-1	+9.064323E-1
+7.128500E+9	+2.557837E-1	+9.070011E-1
+7.128515E+9	+2.556566E-1	+9.065975E-1
+7.128530E+9	+2.545266E-1	+9.064819E-1
+7.128545E+9	+2.548933E-1	+9.062690E-1
+7.128560E+9	+2.556283E-1	+9.066514E-1
+7.128575E+9	+2.553895E-1	+9.080231E-1
+7.128590E+9	+2.555018E-1	+9.070481E-1
+7.128605E+9	+2.543770E-1	+9.057872E-1
+7.128620E+9	+2.545369E-1	+9.060245E-1
+7.128635E+9	+2.549687E-1	+9.065607E-1
+7.128650E+9	+2.548306E-1	+9.067129E-1
+7.128665E+9	+2.559836E-1	+9.071074E-1
+7.128680E+9	+2.566161E-1	+9.067544E-1
+7.128695E+9	+2.561676E-1	+9.056494E-1
+7.128710E+9	+2.567037E-1	+9.052089E-1
+7.128725E+9	+2.563273E-1	+9.061870E-1
+7.128740E+9	+2.567091E-1	+9.060096E-1
+7.128755E+9	+2.569825E-1	+9.057869E-1
+7.128770E+9	+2.571533E-1	+9.053679E-1
+7.128785E+9	+2.575275E-1	+9.057934E-1
+7.128800E+9	+2.575428E-1	+9.049907E-1
+7.128815E+9	+2.574315E-1	+9.051226E-1
+7.128830E+9	+2.572045E-1	+9.056066E-1
+7.128845E+9	+2.575390E-1	+9.059523E-1
+7.128860E+9	+2.579860E-1	+9.055565E-1
+7.128875E+9	+2.588928E-1	+9.049958E-1
+7.128890E+9	+2.590855E-1	+9.057887E-1
+7.128905E+9	+2.590659E-1	+9.064060E-1
+7.128920E+9	+2.591285E-1	+9.063304E-1
+7.128935E+9	+2.582695E-1	+9.047488E-1
+7.128950E+9	+2.588661E-1	+9.048719E-1
+7.128965E+9	+2.593149E-1	+9.047387E-1
+7.128980E+9	+2.606978E-1	+9.053478E-1
+7.128995E+9	+2.597899E-1	+9.053131E-1
+7.129010E+9	+2.600714E-1	+9.051993E-1
+7.129025E+9	+2.609342E-1	+9.059154E-1
+7.129040E+9	+2.610565E-1	+9.060725E-1
+7.129055E+9	+2.595515E-1	+9.066198E-1
+7.129070E+9	+2.595079E-1	+9.065369E-1
+7.129085E+9	+2.600368E-1	+9.058983E-1
+7.129100E+9	+2.595113E-1	+9.066674E-1
+7.129115E+9	+2.601629E-1	+9.062826E-1
+7.129130E+9	+2.609324E-1	+9.046251E-1
+7.129145E+9	+2.609573E-1	+9.047710E-1
+7.129160E+9	+2.607277E-1	+9.045829E-1
+7.129175E+9	+2.605071E-1	+9.045246E-1
+7.129190E+9	+2.607771E-1	+9.044318E-1
+7.129205E+9	+2.612028E-1	+9.039761E-1
+7.129220E+9	+2.620953E-1	+9.036717E-1
+7.129235E+9	+2.624787E-1	+9.039812E-1
+7.129250E+9	+2.619370E-1	+9.043972E-1
+7.129265E+9	+2.615537E-1	+9.043357E-1
+7.129280E+9	+2.611048E-1	+9.044029E-1
+7.129295E+9	+2.609524E-1	+9.033486E-1
+7.129310E+9	+2.613769E-1	+9.031722E-1
+7.129325E+9	+2.621988E-1	+9.053222E-1
+7.129340E+9	+2.625241E-1	+9.050606E-1
+7.129355E+9	+2.628085E-1	+9.049116E-1
+7.129370E+9	+2.630140E-1	+9.047475E-1
+7.129385E+9	+2.624267E-1	+9.037801E-1
+7.129400E+9	+2.621892E-1	+9.041140E-1
+7.129415E+9	+2.623818E-1	+9.038559E-1
+7.129430E+9	+2.645226E-1	+9.030570E-1
+7.129445E+9	+2.648048E-1	+9.029244E-1
+7.129460E+9	+2.643316E-1	+9.047004E-1
+7.129475E+9	+2.647501E-1	+9.032508E-1
+7.129490E+9	+2.642028E-1	+9.034028E-1
+7.129505E+9	+2.641804E-1	+9.038659E-1
+7.129520E+9	+2.651758E-1	+9.041128E-1
+7.129535E+9	+2.652078E-1	+9.044475E-1
+7.129550E+9	+2.650832E-1	+9.033617E-1
+7.129565E+9	+2.651945E-1	+9.030980E-1
+7.129580E+9	+2.652630E-1	+9.034786E-1
+7.129595E+9	+2.653283E-1	+9.047127E-1
+7.129610E+9	+2.650113E-1	+9.052268E-1
+7.129625E+9	+2.650209E-1	+9.050235E-1
+7.129640E+9	+2.658324E-1	+9.041016E-1
+7.129655E+9	+2.662789E-1	+9.032041E-1
+7.129670E+9	+2.661154E-1	+9.038051E-1
+7.129685E+9	+2.658411E-1	+9.040473E-1
+7.129700E+9	+2.659470E-1	+9.046082E-1
+7.129715E+9	+2.667685E-1	+9.039638E-1
+7.129730E+9	+2.669630E-1	+9.033625E-1
+7.129745E+9	+2.661834E-1	+9.029328E-1
+7.129760E+9	+2.663570E-1	+9.014401E-1
+7.129775E+9	+2.674915E-1	+9.033861E-1
+7.129790E+9	+2.673524E-1	+9.045221E-1
+7.129805E+9	+2.670137E-1	+9.045593E-1
+7.129820E+9	+2.667359E-1	+9.038466E-1
+7.129835E+9	+2.666356E-1	+9.020243E-1
+7.129850E+9	+2.679954E-1	+9.032866E-1
+7.129865E+9	+2.684142E-1	+9.028192E-1
+7.129880E+9	+2.683651E-1	+9.024313E-1
+7.129895E+9	+2.677934E-1	+9.028229E-1
+7.129910E+9	+2.682107E-1	+9.024854E-1
+7.129925E+9	+2.698015E-1	+9.022408E-1
+7.129940E+9	+2.696875E-1	+9.023345E-1
+7.129955E+9	+2.689058E-1	+9.038015E-1
+7.129970E+9	+2.691383E-1	+9.031969E-1
+7.129985E+9	+2.687175E-1	+9.022452E-1
+7.130000E+9	+2.690559E-1	+9.035453E-1
+7.130015E+9	+2.692307E-1	+9.034300E-1
+7.130030E+9	+2.694229E-1	+9.023360E-1
+7.130045E+9	+2.696012E-1	+9.022679E-1
+7.130060E+9	+2.698434E-1	+9.026700E-1
+7.130075E+9	+2.697748E-1	+9.015583E-1
+7.130090E+9	+2.694525E-1	+9.029531E-1
+7.130105E+9	+2.690614E-1	+9.033192E-1
+7.130120E+9	+2.698418E-1	+9.032170E-1
+7.130135E+9	+2.704847E-1	+9.027226E-1
+7.130150E+9	+2.714908E-1	+9.021087E-1
+7.130165E+9	+2.707721E-1	+9.016711E-1
+7.130180E+9	+2.703875E-1	+9.018776E-1
+7.130195E+9	+2.706479E-1	+9.024203E-1
+7.130210E+9	+2.713001E-1	+9.023869E-1
+7.130225E+9	+2.717489E-1	+9.023397E-1
+7.130240E+9	+2.725077E-1	+9.018981E-1
+7.130255E+9	+2.720822E-1	+9.014016E-1
+7.130270E+9	+2.718920E-1	+9.015639E-1
+7.130285E+9	+2.715690E-1	+9.008959E-1
+7.130300E+9	+2.731963E-1	+9.009814E-1
+7.130315E+9	+2.726260E-1	+9.014481E-1
+7.130330E+9	+2.715213E-1	+9.026201E-1
+7.130345E+9	+2.722723E-1	+9.021945E-1
+7.130360E+9	+2.733772E-1	+9.022850E-1
+7.130375E+9	+2.745604E-1	+9.022977E-1
+7.130390E+9	+2.740757E-1	+9.017211E-1
+7.130405E+9	+2.725732E-1	+9.009745E-1
+7.130420E+9	+2.738122E-1	+9.006074E-1
+7.130435E+9	+2.737953E-1	+9.009244E-1
+7.130450E+9	+2.731427E-1	+9.014359E-1
+7.130465E+9	+2.732152E-1	+9.014658E-1
+7.130480E+9	+2.733666E-1	+9.012721E-1
+7.130495E+9	+2.734146E-1	+9.004837E-1
+7.130510E+9	+2.739851E-1	+9.001050E-1
+7.130525E+9	+2.730920E-1	+9.029203E-1
+7.130540E+9	+2.740571E-1	+9.034553E-1
+7.130555E+9	+2.754158E-1	+9.011583E-1
+7.130570E+9	+2.755966E-1	+9.009901E-1
+7.130585E+9	+2.756320E-1	+9.016795E-1
+7.130600E+9	+2.750270E-1	+9.021327E-1
+7.130615E+9	+2.755015E-1	+9.008667E-1
+7.130630E+9	+2.756697E-1	+8.998181E-1
+7.130645E+9	+2.764314E-1	+8.999076E-1
+7.130660E+9	+2.758528E-1	+9.000021E-1
+7.130675E+9	+2.762385E-1	+8.990012E-1
+7.130690E+9	+2.761664E-1	+8.997116E-1
+7.130705E+9	+2.764116E-1	+9.006594E-1
+7.130720E+9	+2.763824E-1	+8.996620E-1
+7.130735E+9	+2.764609E-1	+9.000446E-1
+7.130750E+9	+2.762117E-1	+9.005658E-1
+7.130765E+9	+2.765034E-1	+8.999183E-1
+7.130780E+9	+2.766318E-1	+8.994879E-1
+7.130795E+9	+2.765870E-1	+8.993903E-1
+7.130810E+9	+2.760253E-1	+8.997871E-1
+7.130825E+9	+2.764343E-1	+8.997880E-1
+7.130840E+9	+2.773791E-1	+8.996417E-1
+7.130855E+9	+2.780559E-1	+8.996407E-1
+7.130870E+9	+2.777942E-1	+8.997285E-1
+7.130885E+9	+2.776343E-1	+8.993133E-1
+7.130900E+9	+2.775520E-1	+8.989886E-1
+7.130915E+9	+2.783201E-1	+9.000713E-1
+7.130930E+9	+2.787463E-1	+9.000465E-1
+7.130945E+9	+2.790073E-1	+8.996709E-1
+7.130960E+9	+2.791749E-1	+8.999465E-1
+7.130975E+9	+2.784262E-1	+9.005874E-1
+7.130990E+9	+2.788046E-1	+8.993042E-1
+7.131005E+9	+2.789688E-1	+8.987701E-1
+7.131020E+9	+2.788413E-1	+8.993547E-1
+7.131035E+9	+2.793214E-1	+8.999075E-1
+7.131050E+9	+2.792313E-1	+8.997036E-1
+7.131065E+9	+2.794695E-1	+8.995572E-1
+7.131080E+9	+2.798187E-1	+8.997932E-1
+7.131095E+9	+2.798342E-1	+9.002985E-1
+7.131110E+9	+2.807118E-1	+8.996290E-1
+7.131125E+9	+2.792504E-1	+8.989335E-1
+7.131140E+9	+2.792991E-1	+8.985738E-1
+7.131155E+9	+2.795670E-1	+8.987085E-1
+7.131170E+9	+2.796354E-1	+8.990934E-1
+7.131185E+9	+2.806899E-1	+8.993043E-1
+7.131200E+9	+2.816043E-1	+8.978957E-1
+7.131215E+9	+2.806483E-1	+8.984434E-1
+7.131230E+9	+2.800328E-1	+8.984501E-1
+7.131245E+9	+2.808748E-1	+8.989531E-1
+7.131260E+9	+2.820810E-1	+8.985721E-1
+7.131275E+9	+2.830551E-1	+8.981534E-1
+7.131290E+9	+2.825987E-1	+8.985225E-1
+7.131305E+9	+2.823225E-1	+8.979493E-1
+7.131320E+9	+2.823450E-1	+8.970169E-1
+7.131335E+9	+2.822685E-1	+8.969742E-1
+7.131350E+9	+2.823954E-1	+8.984430E-1
+7.131365E+9	+2.821164E-1	+8.981007E-1
+7.131380E+9	+2.821908E-1	+8.971939E-1
+7.131395E+9	+2.826590E-1	+8.963330E-1
+7.131410E+9	+2.826377E-1	+8.973744E-1
+7.131425E+9	+2.844526E-1	+8.988130E-1
+7.131440E+9	+2.844785E-1	+8.989220E-1
+7.131455E+9	+2.843754E-1	+8.978608E-1
+7.131470E+9	+2.841085E-1	+8.979195E-1
+7.131485E+9	+2.841918E-1	+8.979660E-1
+7.131500E+9	+2.846557E-1	+8.990651E-1
+7.131515E+9	+2.839237E-1	+8.988624E-1
+7.131530E+9	+2.837674E-1	+8.983968E-1
+7.131545E+9	+2.843576E-1	+8.984166E-1
+7.131560E+9	+2.845981E-1	+8.981776E-1
+7.131575E+9	+2.848520E-1	+8.978879E-1
+7.131590E+9	+2.852905E-1	+8.978695E-1
+7.131605E+9	+2.860056E-1	+8.978033E-1
+7.131620E+9	+2.868320E-1	+8.982185E-1
+7.131635E+9	+2.867833E-1	+8.984242E-1
+7.131650E+9	+2.847034E-1	+8.982232E-1
+7.131665E+9	+2.857318E-1	+8.974541E-1
+7.131680E+9	+2.856240E-1	+8.965090E-1
+7.131695E+9	+2.860924E-1	+8.969114E-1
+7.131710E+9	+2.866154E-1	+8.967342E-1
+7.131725E+9	+2.871705E-1	+8.960442E-1
+7.131740E+9	+2.869409E-1	+8.959258E-1
+7.131755E+9	+2.870265E-1	+8.961136E-1
+7.131770E+9	+2.870234E-1	+8.962962E-1
+7.131785E+9	+2.866133E-1	+8.972720E-1
+7.131800E+9	+2.863658E-1	+8.970521E-1
+7.131815E+9	+2.873928E-1	+8.975220E-1
+7.131830E+9	+2.877803E-1	+8.971574E-1
+7.131845E+9	+2.869879E-1	+8.963401E-1
+7.131860E+9	+2.873559E-1	+8.965932E-1
+7.131875E+9	+2.877770E-1	+8.974745E-1
+7.131890E+9	+2.873423E-1	+8.980350E-1
+7.131905E+9	+2.865211E-1	+8.978493E-1
+7.131920E+9	+2.872684E-1	+8.968361E-1
+7.131935E+9	+2.873938E-1	+8.960135E-1
+7.131950E+9	+2.881246E-1	+8.965301E-1
+7.131965E+9	+2.882241E-1	+8.970900E-1
+7.131980E+9	+2.889294E-1	+8.973263E-1
+7.131995E+9	+2.895493E-1	+8.966113E-1
+7.132010E+9	+2.895220E-1	+8.962063E-1
+7.132025E+9	+2.893096E-1	+8.969830E-1
+7.132040E+9	+2.894029E-1	+8.970144E-1
+7.132055E+9	+2.895743E-1	+8.966254E-1
+7.132070E+9	+2.898316E-1	+8.966968E-1
+7.132085E+9	+2.892844E-1	+8.971566E-1
+7.132100E+9	+2.899286E-1	+8.966262E-1
+7.132115E+9	+2.901802E-1	+8.960723E-1
+7.132130E+9	+2.901814E-1	+8.959528E-1
+7.132145E+9	+2.909428E-1	+8.961189E-1
+7.132160E+9	+2.914222E-1	+8.967809E-1
+7.132175E+9	+2.913353E-1	+8.973678E-1
+7.132190E+9	+2.908828E-1	+8.950425E-1
+7.132205E+9	+2.907078E-1	+8.943795E-1
+7.132220E+9	+2.915056E-1	+8.958304E-1
+7.132235E+9	+2.913833E-1	+8.964598E-1
+7.132250E+9	+2.906910E-1	+8.968566E-1
+7.132265E+9	+2.904118E-1	+8.967315E-1
+7.132280E+9	+2.906017E-1	+8.959293E-1
+7.132295E+9	+2.907049E-1	+8.959117E-1
+7.132310E+9	+2.924168E-1	+8.956699E-1
+7.132325E+9	+2.925373E-1	+8.951671E-1
+7.132340E+9	+2.917292E-1	+8.948824E-1
+7.132355E+9	+2.917255E-1	+8.951571E-1
+7.132370E+9	+2.924783E-1	+8.957521E-1
+7.132385E+9	+2.930571E-1	+8.956981E-1
+7.132400E+9	+2.931213E-1	+8.951289E-1
+7.132415E+9	+2.931646E-1	+8.953614E-1
+7.132430E+9	+2.930331E-1	+8.948980E-1
+7.132445E+9	+2.934538E-1	+8.945575E-1
+7.132460E+9	+2.946754E-1	+8.954211E-1
+7.132475E+9	+2.936867E-1	+8.961158E-1
+7.132490E+9	+2.941180E-1	+8.954058E-1
+7.132505E+9	+2.944639E-1	+8.947151E-1
+7.132520E+9	+2.948992E-1	+8.942600E-1
+7.132535E+9	+2.947560E-1	+8.936516E-1
+7.132550E+9	+2.941372E-1	+8.950374E-1
+7.132565E+9	+2.949287E-1	+8.944828E-1
+7.132580E+9	+2.948441E-1	+8.948756E-1
+7.132595E+9	+2.948423E-1	+8.948938E-1
+7.132610E+9	+2.953755E-1	+8.940578E-1
+7.132625E+9	+2.958966E-1	+8.928794E-1
+7.132640E+9	+2.959750E-1	+8.932464E-1
+7.132655E+9	+2.954865E-1	+8.930543E-1
+7.132670E+9	+2.944647E-1	+8.928686E-1
+7.132685E+9	+2.950565E-1	+8.939170E-1
+7.132700E+9	+2.986111E-1	+8.950190E-1
+7.132715E+9	+2.976460E-1	+8.950306E-1
+7.132730E+9	+2.971488E-1	+8.948491E-1
+7.132745E+9	+2.972592E-1	+8.941336E-1
+7.132760E+9	+2.966799E-1	+8.948726E-1
+7.132775E+9	+2.952476E-1	+8.949158E-1
+7.132790E+9	+2.972023E-1	+8.947150E-1
+7.132805E+9	+2.976217E-1	+8.931716E-1
+7.132820E+9	+2.970373E-1	+8.938368E-1
+7.132835E+9	+2.979671E-1	+8.943943E-1
+7.132850E+9	+2.977352E-1	+8.920145E-1
+7.132865E+9	+2.979471E-1	+8.917765E-1
+7.132880E+9	+2.974139E-1	+8.920615E-1
+7.132895E+9	+2.973357E-1	+8.920207E-1
+7.132910E+9	+2.981821E-1	+8.937922E-1
+7.132925E+9	+2.973044E-1	+8.940704E-1
+7.132940E+9	+2.976199E-1	+8.940918E-1
+7.132955E+9	+2.973678E-1	+8.935929E-1
+7.132970E+9	+2.972343E-1	+8.931139E-1
+7.132985E+9	+2.979664E-1	+8.928552E-1
+7.133000E+9	+2.988367E-1	+8.928384E-1
+7.133015E+9	+2.997123E-1	+8.922827E-1
+7.133030E+9	+3.000376E-1	+8.923971E-1
+7.133045E+9	+3.005979E-1	+8.927831E-1
+7.133060E+9	+2.999291E-1	+8.929018E-1
+7.133075E+9	+2.995723E-1	+8.929944E-1
+7.133090E+9	+2.997868E-1	+8.928394E-1
+7.133105E+9	+3.005301E-1	+8.917415E-1
+7.133120E+9	+3.012632E-1	+8.921638E-1
+7.133135E+9	+3.014129E-1	+8.921164E-1
+7.133150E+9	+3.004197E-1	+8.925915E-1
+7.133165E+9	+3.012621E-1	+8.928377E-1
+7.133180E+9	+3.007284E-1	+8.928008E-1
+7.133195E+9	+3.008397E-1	+8.923593E-1
+7.133210E+9	+3.011221E-1	+8.922064E-1
+7.133225E+9	+3.014606E-1	+8.918285E-1
+7.133240E+9	+3.016996E-1	+8.918115E-1
+7.133255E+9	+3.019348E-1	+8.915400E-1
+7.133270E+9	+3.020558E-1	+8.918743E-1
+7.133285E+9	+3.018246E-1	+8.925287E-1
+7.133300E+9	+3.014910E-1	+8.929240E-1
+7.133315E+9	+3.011531E-1	+8.929622E-1
+7.133330E+9	+3.010824E-1	+8.929620E-1
+7.133345E+9	+3.020437E-1	+8.925101E-1
+7.133360E+9	+3.027771E-1	+8.921120E-1
+7.133375E+9	+3.039365E-1	+8.910429E-1
+7.133390E+9	+3.041861E-1	+8.919176E-1
+7.133405E+9	+3.028857E-1	+8.915409E-1
+7.133420E+9	+3.033604E-1	+8.911204E-1
+7.133435E+9	+3.043192E-1	+8.918418E-1
+7.133450E+9	+3.047954E-1	+8.922604E-1
+7.133465E+9	+3.044260E-1	+8.918255E-1
+7.133480E+9	+3.039489E-1	+8.911095E-1
+7.133495E+9	+3.037029E-1	+8.906046E-1
+7.133510E+9	+3.042459E-1	+8.901213E-1
+7.133525E+9	+3.051067E-1	+8.904423E-1
+7.133540E+9	+3.044256E-1	+8.910672E-1
+7.133555E+9	+3.040415E-1	+8.913312E-1
+7.133570E+9	+3.050505E-1	+8.917317E-1
+7.133585E+9	+3.053770E-1	+8.914196E-1
+7.133600E+9	+3.050430E-1	+8.912922E-1
+7.133615E+9	+3.048039E-1	+8.913963E-1
+7.133630E+9	+3.049801E-1	+8.915565E-1
+7.133645E+9	+3.056806E-1	+8.911764E-1
+7.133660E+9	+3.051235E-1	+8.904680E-1
+7.133675E+9	+3.044033E-1	+8.904846E-1
+7.133690E+9	+3.046087E-1	+8.907364E-1
+7.133705E+9	+3.049197E-1	+8.906294E-1
+7.133720E+9	+3.050474E-1	+8.901860E-1
+7.133735E+9	+3.053945E-1	+8.903024E-1
+7.133750E+9	+3.058415E-1	+8.904328E-1
+7.133765E+9	+3.053624E-1	+8.895854E-1
+7.133780E+9	+3.061475E-1	+8.897600E-1
+7.133795E+9	+3.076701E-1	+8.902938E-1
+7.133810E+9	+3.080993E-1	+8.904439E-1
+7.133825E+9	+3.066724E-1	+8.900320E-1
+7.133840E+9	+3.071862E-1	+8.906152E-1
+7.133855E+9	+3.079176E-1	+8.907265E-1
+7.133870E+9	+3.086913E-1	+8.894035E-1
+7.133885E+9	+3.080652E-1	+8.893011E-1
+7.133900E+9	+3.073241E-1	+8.906617E-1
+7.133915E+9	+3.082205E-1	+8.908799E-1
+7.133930E+9	+3.096433E-1	+8.898068E-1
+7.133945E+9	+3.092956E-1	+8.901374E-1
+7.133960E+9	+3.093555E-1	+8.902968E-1
+7.133975E+9	+3.080477E-1	+8.884319E-1
+7.133990E+9	+3.084453E-1	+8.884316E-1
+7.134005E+9	+3.075782E-1	+8.892702E-1
+7.134020E+9	+3.080942E-1	+8.892398E-1
+7.134035E+9	+3.086250E-1	+8.888819E-1
+7.134050E+9	+3.087930E-1	+8.901959E-1
+7.134065E+9	+3.090198E-1	+8.896060E-1
+7.134080E+9	+3.092484E-1	+8.892709E-1
+7.134095E+9	+3.097842E-1	+8.889815E-1
+7.134110E+9	+3.100713E-1	+8.902858E-1
+7.134125E+9	+3.097657E-1	+8.901211E-1
+7.134140E+9	+3.099522E-1	+8.899763E-1
+7.134155E+9	+3.093321E-1	+8.889890E-1
+7.134170E+9	+3.098545E-1	+8.885966E-1
+7.134185E+9	+3.103811E-1	+8.891808E-1
+7.134200E+9	+3.101797E-1	+8.895570E-1
+7.134215E+9	+3.106544E-1	+8.892610E-1
+7.134230E+9	+3.112860E-1	+8.889670E-1
+7.134245E+9	+3.116616E-1	+8.893868E-1
+7.134260E+9	+3.112535E-1	+8.886642E-1
+7.134275E+9	+3.111702E-1	+8.881568E-1
+7.134290E+9	+3.114572E-1	+8.872639E-1
+7.134305E+9	+3.114824E-1	+8.870692E-1
+7.134320E+9	+3.112804E-1	+8.889428E-1
+7.134335E+9	+3.115963E-1	+8.892403E-1
+7.134350E+9	+3.123977E-1	+8.886326E-1
+7.134365E+9	+3.127513E-1	+8.885656E-1
+7.134380E+9	+3.127594E-1	+8.882163E-1
+7.134395E+9	+3.126616E-1	+8.878386E-1
+7.134410E+9	+3.121121E-1	+8.884670E-1
+7.134425E+9	+3.129861E-1	+8.885634E-1
+7.134440E+9	+3.130205E-1	+8.881375E-1
+7.134455E+9	+3.129109E-1	+8.874219E-1
+7.134470E+9	+3.138118E-1	+8.879011E-1
+7.134485E+9	+3.134781E-1	+8.883857E-1
+7.134500E+9	+3.157417E-1	+8.877385E-1
+7.134515E+9	+3.152044E-1	+8.883682E-1
+7.134530E+9	+3.137165E-1	+8.877843E-1
+7.134545E+9	+3.135690E-1	+8.874228E-1
+7.134560E+9	+3.140437E-1	+8.870333E-1
+7.134575E+9	+3.143596E-1	+8.877660E-1
+7.134590E+9	+3.154610E-1	+8.882438E-1
+7.134605E+9	+3.154511E-1	+8.893097E-1
+7.134620E+9	+3.155322E-1	+8.891943E-1
+7.134635E+9	+3.148666E-1	+8.890534E-1
+7.134650E+9	+3.150072E-1	+8.890353E-1
+7.134665E+9	+3.149604E-1	+8.881930E-1
+7.134680E+9	+3.150297E-1	+8.872803E-1
+7.134695E+9	+3.146731E-1	+8.875905E-1
+7.134710E+9	+3.154202E-1	+8.872282E-1
+7.134725E+9	+3.173061E-1	+8.866051E-1
+7.134740E+9	+3.166930E-1	+8.867488E-1
+7.134755E+9	+3.165796E-1	+8.870234E-1
+7.134770E+9	+3.167524E-1	+8.873216E-1
+7.134785E+9	+3.162865E-1	+8.883131E-1
+7.134800E+9	+3.166820E-1	+8.881233E-1
+7.134815E+9	+3.166589E-1	+8.877081E-1
+7.134830E+9	+3.164873E-1	+8.874224E-1
+7.134845E+9	+3.162565E-1	+8.871016E-1
+7.134860E+9	+3.172802E-1	+8.869454E-1
+7.134875E+9	+3.181080E-1	+8.875614E-1
+7.134890E+9	+3.178559E-1	+8.868001E-1
+7.134905E+9	+3.160050E-1	+8.864854E-1
+7.134920E+9	+3.163845E-1	+8.868418E-1
+7.134935E+9	+3.164286E-1	+8.870975E-1
+7.134950E+9	+3.174111E-1	+8.866565E-1
+7.134965E+9	+3.176088E-1	+8.862770E-1
+7.134980E+9	+3.173734E-1	+8.857997E-1
+7.134995E+9	+3.170786E-1	+8.862021E-1
+7.135010E+9	+3.181195E-1	+8.865788E-1
+7.135025E+9	+3.184947E-1	+8.863968E-1
+7.135040E+9	+3.201328E-1	+8.857425E-1
+7.135055E+9	+3.198625E-1	+8.855804E-1
+7.135070E+9	+3.200902E-1	+8.857276E-1
+7.135085E+9	+3.197773E-1	+8.856179E-1
+7.135100E+9	+3.195754E-1	+8.856923E-1
+7.135115E+9	+3.198085E-1	+8.859213E-1
+7.135130E+9	+3.206897E-1	+8.867207E-1
+7.135145E+9	+3.205631E-1	+8.862974E-1
+7.135160E+9	+3.203510E-1	+8.855856E-1
+7.135175E+9	+3.199606E-1	+8.857343E-1
+7.135190E+9	+3.201977E-1	+8.857223E-1
+7.135205E+9	+3.201387E-1	+8.861581E-1
+7.135220E+9	+3.196157E-1	+8.866968E-1
+7.135235E+9	+3.199349E-1	+8.857995E-1
+7.135250E+9	+3.208897E-1	+8.851679E-1
+7.135265E+9	+3.216342E-1	+8.850774E-1
+7.135280E+9	+3.222748E-1	+8.848692E-1
+7.135295E+9	+3.220787E-1	+8.843136E-1
+7.135310E+9	+3.221808E-1	+8.860420E-1
+7.135325E+9	+3.224093E-1	+8.862216E-1
+7.135340E+9	+3.220411E-1	+8.860252E-1
+7.135355E+9	+3.219650E-1	+8.853315E-1
+7.135370E+9	+3.218309E-1	+8.849619E-1
+7.135385E+9	+3.223174E-1	+8.850915E-1
+7.135400E+9	+3.225440E-1	+8.855441E-1
+7.135415E+9	+3.225230E-1	+8.854600E-1
+7.135430E+9	+3.227665E-1	+8.854156E-1
+7.135445E+9	+3.230218E-1	+8.850136E-1
+7.135460E+9	+3.237401E-1	+8.845468E-1
+7.135475E+9	+3.226343E-1	+8.824711E-1
+7.135490E+9	+3.235767E-1	+8.827781E-1
+7.135505E+9	+3.238808E-1	+8.837738E-1
+7.135520E+9	+3.238736E-1	+8.853135E-1
+7.135535E+9	+3.239090E-1	+8.854436E-1
+7.135550E+9	+3.238637E-1	+8.842976E-1
+7.135565E+9	+3.249830E-1	+8.849022E-1
+7.135580E+9	+3.250914E-1	+8.848885E-1
+7.135595E+9	+3.247607E-1	+8.840661E-1
+7.135610E+9	+3.241403E-1	+8.822681E-1
+7.135625E+9	+3.239895E-1	+8.830913E-1
+7.135640E+9	+3.243956E-1	+8.839237E-1
+7.135655E+9	+3.254961E-1	+8.841042E-1
+7.135670E+9	+3.259579E-1	+8.836182E-1
+7.135685E+9	+3.253822E-1	+8.843251E-1
+7.135700E+9	+3.248194E-1	+8.857230E-1
+7.135715E+9	+3.252103E-1	+8.852977E-1
+7.135730E+9	+3.272242E-1	+8.832426E-1
+7.135745E+9	+3.277864E-1	+8.846399E-1
+7.135760E+9	+3.274130E-1	+8.841747E-1
+7.135775E+9	+3.254255E-1	+8.833853E-1
+7.135790E+9	+3.260908E-1	+8.835251E-1
+7.135805E+9	+3.262311E-1	+8.832292E-1
+7.135820E+9	+3.257566E-1	+8.828101E-1
+7.135835E+9	+3.265289E-1	+8.826150E-1
+7.135850E+9	+3.269236E-1	+8.826974E-1
+7.135865E+9	+3.281678E-1	+8.819651E-1
+7.135880E+9	+3.287988E-1	+8.821574E-1
+7.135895E+9	+3.271351E-1	+8.823137E-1
+7.135910E+9	+3.270452E-1	+8.827346E-1
+7.135925E+9	+3.278771E-1	+8.828635E-1
+7.135940E+9	+3.279822E-1	+8.824825E-1
+7.135955E+9	+3.281978E-1	+8.819013E-1
+7.135970E+9	+3.285043E-1	+8.817680E-1
+7.135985E+9	+3.289644E-1	+8.827127E-1
+7.136000E+9	+3.288676E-1	+8.823080E-1
+7.136015E+9	+3.294525E-1	+8.815387E-1
+7.136030E+9	+3.295758E-1	+8.809617E-1
+7.136045E+9	+3.290457E-1	+8.811754E-1
+7.136060E+9	+3.285856E-1	+8.825066E-1
+7.136075E+9	+3.298431E-1	+8.827498E-1
+7.136090E+9	+3.301790E-1	+8.820924E-1
+7.136105E+9	+3.308235E-1	+8.822790E-1
+7.136120E+9	+3.310869E-1	+8.829615E-1
+7.136135E+9	+3.313168E-1	+8.825882E-1
+7.136150E+9	+3.284212E-1	+8.805838E-1
+7.136165E+9	+3.290674E-1	+8.807960E-1
+7.136180E+9	+3.292918E-1	+8.836195E-1
+7.136195E+9	+3.293654E-1	+8.831705E-1
+7.136210E+9	+3.302974E-1	+8.818163E-1
+7.136225E+9	+3.298539E-1	+8.821440E-1
+7.136240E+9	+3.307410E-1	+8.810735E-1
+7.136255E+9	+3.317089E-1	+8.805151E-1
+7.136270E+9	+3.310779E-1	+8.804103E-1
+7.136285E+9	+3.304170E-1	+8.806237E-1
+7.136300E+9	+3.299894E-1	+8.816642E-1
+7.136315E+9	+3.303733E-1	+8.818068E-1
+7.136330E+9	+3.305957E-1	+8.819303E-1
+7.136345E+9	+3.307059E-1	+8.814132E-1
+7.136360E+9	+3.312032E-1	+8.812730E-1
+7.136375E+9	+3.329109E-1	+8.809543E-1
+7.136390E+9	+3.328730E-1	+8.805323E-1
+7.136405E+9	+3.331388E-1	+8.806204E-1
+7.136420E+9	+3.331300E-1	+8.812247E-1
+7.136435E+9	+3.329469E-1	+8.806786E-1
+7.136450E+9	+3.325681E-1	+8.800618E-1
+7.136465E+9	+3.333423E-1	+8.800728E-1
+7.136480E+9	+3.348696E-1	+8.815029E-1
+7.136495E+9	+3.342824E-1	+8.820106E-1
+7.136510E+9	+3.330010E-1	+8.807779E-1
+7.136525E+9	+3.330480E-1	+8.785422E-1
+7.136540E+9	+3.327703E-1	+8.795637E-1
+7.136555E+9	+3.333669E-1	+8.805847E-1
+7.136570E+9	+3.341565E-1	+8.811838E-1
+7.136585E+9	+3.346170E-1	+8.806780E-1
+7.136600E+9	+3.350238E-1	+8.795600E-1
+7.136615E+9	+3.353676E-1	+8.792460E-1
+7.136630E+9	+3.349628E-1	+8.787171E-1
+7.136645E+9	+3.353954E-1	+8.782398E-1
+7.136660E+9	+3.356799E-1	+8.782598E-1
+7.136675E+9	+3.359603E-1	+8.786786E-1
+7.136690E+9	+3.349196E-1	+8.790010E-1
+7.136705E+9	+3.349466E-1	+8.796335E-1
+7.136720E+9	+3.353663E-1	+8.802072E-1
+7.136735E+9	+3.365459E-1	+8.796599E-1
+7.136750E+9	+3.366012E-1	+8.792134E-1
+7.136765E+9	+3.365739E-1	+8.797875E-1
+7.136780E+9	+3.363786E-1	+8.806411E-1
+7.136795E+9	+3.373485E-1	+8.798257E-1
+7.136810E+9	+3.376757E-1	+8.791619E-1
+7.136825E+9	+3.367938E-1	+8.801473E-1
+7.136840E+9	+3.373542E-1	+8.791027E-1
+7.136855E+9	+3.379942E-1	+8.781508E-1
+7.136870E+9	+3.384536E-1	+8.792832E-1
+7.136885E+9	+3.380008E-1	+8.796894E-1
+7.136900E+9	+3.382239E-1	+8.799399E-1
+7.136915E+9	+3.386299E-1	+8.799465E-1
+7.136930E+9	+3.390175E-1	+8.799579E-1
+7.136945E+9	+3.394139E-1	+8.795738E-1
+7.136960E+9	+3.371162E-1	+8.777887E-1
+7.136975E+9	+3.391330E-1	+8.784673E-1
+7.136990E+9	+3.395048E-1	+8.783861E-1
+7.137005E+9	+3.391567E-1	+8.801412E-1
+7.137020E+9	+3.383506E-1	+8.799911E-1
+7.137035E+9	+3.383128E-1	+8.785760E-1
+7.137050E+9	+3.398863E-1	+8.777241E-1
+7.137065E+9	+3.401830E-1	+8.787476E-1
+7.137080E+9	+3.401222E-1	+8.792960E-1
+7.137095E+9	+3.400761E-1	+8.781158E-1
+7.137110E+9	+3.398287E-1	+8.772021E-1
+7.137125E+9	+3.385803E-1	+8.772181E-1
+7.137140E+9	+3.391867E-1	+8.782838E-1
+7.137155E+9	+3.387933E-1	+8.792441E-1
+7.137170E+9	+3.389057E-1	+8.785639E-1
+7.137185E+9	+3.398966E-1	+8.771298E-1
+7.137200E+9	+3.413214E-1	+8.781029E-1
+7.137215E+9	+3.410915E-1	+8.780375E-1
+7.137230E+9	+3.399134E-1	+8.772121E-1
+7.137245E+9	+3.398042E-1	+8.769813E-1
+7.137260E+9	+3.406103E-1	+8.768390E-1
+7.137275E+9	+3.405020E-1	+8.779395E-1
+7.137290E+9	+3.412371E-1	+8.778923E-1
+7.137305E+9	+3.422190E-1	+8.778141E-1
+7.137320E+9	+3.429992E-1	+8.774180E-1
+7.137335E+9	+3.425902E-1	+8.783596E-1
+7.137350E+9	+3.418395E-1	+8.785774E-1
+7.137365E+9	+3.418904E-1	+8.782696E-1
+7.137380E+9	+3.431082E-1	+8.754743E-1
+7.137395E+9	+3.437734E-1	+8.757798E-1
+7.137410E+9	+3.440848E-1	+8.776077E-1
+7.137425E+9	+3.443909E-1	+8.768125E-1
+7.137440E+9	+3.446600E-1	+8.769150E-1
+7.137455E+9	+3.439366E-1	+8.765625E-1
+7.137470E+9	+3.442237E-1	+8.759902E-1
+7.137485E+9	+3.439323E-1	+8.762929E-1
+7.137500E+9	+3.432173E-1	+8.776770E-1
+7.137515E+9	+3.435000E-1	+8.774523E-1
+7.137530E+9	+3.440053E-1	+8.773343E-1
+7.137545E+9	+3.445238E-1	+8.769226E-1
+7.137560E+9	+3.446457E-1	+8.762853E-1
+7.137575E+9	+3.436951E-1	+8.761191E-1
+7.137590E+9	+3.445967E-1	+8.754964E-1
+7.137605E+9	+3.451158E-1	+8.750970E-1
+7.137620E+9	+3.449305E-1	+8.752333E-1
+7.137635E+9	+3.447421E-1	+8.751653E-1
+7.137650E+9	+3.446851E-1	+8.759740E-1
+7.137665E+9	+3.454887E-1	+8.761706E-1
+7.137680E+9	+3.460870E-1	+8.763031E-1
+7.137695E+9	+3.462463E-1	+8.768003E-1
+7.137710E+9	+3.466544E-1	+8.758304E-1
+7.137725E+9	+3.463482E-1	+8.756190E-1
+7.137740E+9	+3.471365E-1	+8.764896E-1
+7.137755E+9	+3.473305E-1	+8.766139E-1
+7.137770E+9	+3.478627E-1	+8.760366E-1
+7.137785E+9	+3.469909E-1	+8.758310E-1
+7.137800E+9	+3.467946E-1	+8.754805E-1
+7.137815E+9	+3.467879E-1	+8.752627E-1
+7.137830E+9	+3.465341E-1	+8.736500E-1
+7.137845E+9	+3.479226E-1	+8.735022E-1
+7.137860E+9	+3.484182E-1	+8.732439E-1
+7.137875E+9	+3.471062E-1	+8.739693E-1
+7.137890E+9	+3.470328E-1	+8.748078E-1
+7.137905E+9	+3.474374E-1	+8.752802E-1
+7.137920E+9	+3.479380E-1	+8.748325E-1
+7.137935E+9	+3.478615E-1	+8.750617E-1
+7.137950E+9	+3.472682E-1	+8.751068E-1
+7.137965E+9	+3.477256E-1	+8.739884E-1
+7.137980E+9	+3.478737E-1	+8.730709E-1
+7.137995E+9	+3.478710E-1	+8.729962E-1
+7.138010E+9	+3.473238E-1	+8.741765E-1
+7.138025E+9	+3.480983E-1	+8.745400E-1
+7.138040E+9	+3.487786E-1	+8.742591E-1
+7.138055E+9	+3.490486E-1	+8.741345E-1
+7.138070E+9	+3.496037E-1	+8.751639E-1
+7.138085E+9	+3.493990E-1	+8.758537E-1
+7.138100E+9	+3.518347E-1	+8.748247E-1
+7.138115E+9	+3.501846E-1	+8.739237E-1
+7.138130E+9	+3.492950E-1	+8.740967E-1
+7.138145E+9	+3.492999E-1	+8.745208E-1
+7.138160E+9	+3.494611E-1	+8.739298E-1
+7.138175E+9	+3.500857E-1	+8.730819E-1
+7.138190E+9	+3.503535E-1	+8.732181E-1
+7.138205E+9	+3.503043E-1	+8.732475E-1
+7.138220E+9	+3.505814E-1	+8.741976E-1
+7.138235E+9	+3.513330E-1	+8.746063E-1
+7.138250E+9	+3.516353E-1	+8.731983E-1
+7.138265E+9	+3.514206E-1	+8.734208E-1
+7.138280E+9	+3.512797E-1	+8.733478E-1
+7.138295E+9	+3.512471E-1	+8.730658E-1
+7.138310E+9	+3.519057E-1	+8.742838E-1
+7.138325E+9	+3.514310E-1	+8.743306E-1
+7.138340E+9	+3.505336E-1	+8.742904E-1
+7.138355E+9	+3.500847E-1	+8.741844E-1
+7.138370E+9	+3.509267E-1	+8.729832E-1
+7.138385E+9	+3.529899E-1	+8.733681E-1
+7.138400E+9	+3.526453E-1	+8.729574E-1
+7.138415E+9	+3.524990E-1	+8.728023E-1
+7.138430E+9	+3.524590E-1	+8.716079E-1
+7.138445E+9	+3.528929E-1	+8.714316E-1
+7.138460E+9	+3.532959E-1	+8.720701E-1
+7.138475E+9	+3.544741E-1	+8.728111E-1
+7.138490E+9	+3.549200E-1	+8.729811E-1
+7.138505E+9	+3.546707E-1	+8.730596E-1
+7.138520E+9	+3.533473E-1	+8.739149E-1
+7.138535E+9	+3.535724E-1	+8.739327E-1
+7.138550E+9	+3.540096E-1	+8.730883E-1
+7.138565E+9	+3.533810E-1	+8.721844E-1
+7.138580E+9	+3.537699E-1	+8.714486E-1
+7.138595E+9	+3.560128E-1	+8.718296E-1
+7.138610E+9	+3.556038E-1	+8.730624E-1
+7.138625E+9	+3.548687E-1	+8.723109E-1
+7.138640E+9	+3.547513E-1	+8.719152E-1
+7.138655E+9	+3.548483E-1	+8.721270E-1
+7.138670E+9	+3.555964E-1	+8.725972E-1
+7.138685E+9	+3.562962E-1	+8.711884E-1
+7.138700E+9	+3.545603E-1	+8.702359E-1
+7.138715E+9	+3.560693E-1	+8.708842E-1
+7.138730E+9	+3.557576E-1	+8.736923E-1
+7.138745E+9	+3.563953E-1	+8.722282E-1
+7.138760E+9	+3.563287E-1	+8.712624E-1
+7.138775E+9	+3.551648E-1	+8.709668E-1
+7.138790E+9	+3.556295E-1	+8.710482E-1
+7.138805E+9	+3.559091E-1	+8.709207E-1
+7.138820E+9	+3.565067E-1	+8.705215E-1
+7.138835E+9	+3.571248E-1	+8.707590E-1
+7.138850E+9	+3.575105E-1	+8.710417E-1
+7.138865E+9	+3.582979E-1	+8.708510E-1
+7.138880E+9	+3.580567E-1	+8.701958E-1
+7.138895E+9	+3.574580E-1	+8.703757E-1
+7.138910E+9	+3.579470E-1	+8.707081E-1
+7.138925E+9	+3.580255E-1	+8.715179E-1
+7.138940E+9	+3.579427E-1	+8.713815E-1
+7.138955E+9	+3.581877E-1	+8.712553E-1
+7.138970E+9	+3.588392E-1	+8.705403E-1
+7.138985E+9	+3.592531E-1	+8.700434E-1
+7.139000E+9	+3.578088E-1	+8.705652E-1
+7.139015E+9	+3.584073E-1	+8.711512E-1
+7.139030E+9	+3.587754E-1	+8.715499E-1
+7.139045E+9	+3.590345E-1	+8.717938E-1
+7.139060E+9	+3.596944E-1	+8.704364E-1
+7.139075E+9	+3.598852E-1	+8.713831E-1
+7.139090E+9	+3.599792E-1	+8.717038E-1
+7.139105E+9	+3.585071E-1	+8.709395E-1
+7.139120E+9	+3.595351E-1	+8.707196E-1
+7.139135E+9	+3.602907E-1	+8.694970E-1
+7.139150E+9	+3.604830E-1	+8.686845E-1
+7.139165E+9	+3.603516E-1	+8.691978E-1
+7.139180E+9	+3.600462E-1	+8.692192E-1
+7.139195E+9	+3.605777E-1	+8.690984E-1
+7.139210E+9	+3.603496E-1	+8.716664E-1
+7.139225E+9	+3.592190E-1	+8.711088E-1
+7.139240E+9	+3.593206E-1	+8.706549E-1
+7.139255E+9	+3.605674E-1	+8.697872E-1
+7.139270E+9	+3.604718E-1	+8.710636E-1
+7.139285E+9	+3.612992E-1	+8.712726E-1
+7.139300E+9	+3.625482E-1	+8.690126E-1
+7.139315E+9	+3.625899E-1	+8.694180E-1
+7.139330E+9	+3.626227E-1	+8.700185E-1
+7.139345E+9	+3.625134E-1	+8.697243E-1
+7.139360E+9	+3.627377E-1	+8.688861E-1
+7.139375E+9	+3.623395E-1	+8.666993E-1
+7.139390E+9	+3.625710E-1	+8.678502E-1
+7.139405E+9	+3.621222E-1	+8.691783E-1
+7.139420E+9	+3.624729E-1	+8.687957E-1
+7.139435E+9	+3.634404E-1	+8.684307E-1
+7.139450E+9	+3.647789E-1	+8.682004E-1
+7.139465E+9	+3.643796E-1	+8.686506E-1
+7.139480E+9	+3.637743E-1	+8.687635E-1
+7.139495E+9	+3.624928E-1	+8.682710E-1
+7.139510E+9	+3.625211E-1	+8.666271E-1
+7.139525E+9	+3.640065E-1	+8.673811E-1
+7.139540E+9	+3.655807E-1	+8.675274E-1
+7.139555E+9	+3.662278E-1	+8.683194E-1
+7.139570E+9	+3.659804E-1	+8.684237E-1
+7.139585E+9	+3.647009E-1	+8.684971E-1
+7.139600E+9	+3.641912E-1	+8.680656E-1
+7.139615E+9	+3.648583E-1	+8.672737E-1
+7.139630E+9	+3.660966E-1	+8.681179E-1
+7.139645E+9	+3.655863E-1	+8.684689E-1
+7.139660E+9	+3.648754E-1	+8.678106E-1
+7.139675E+9	+3.663495E-1	+8.676742E-1
+7.139690E+9	+3.666362E-1	+8.680251E-1
+7.139705E+9	+3.661239E-1	+8.668542E-1
+7.139720E+9	+3.671899E-1	+8.659267E-1
+7.139735E+9	+3.663270E-1	+8.670654E-1
+7.139750E+9	+3.663775E-1	+8.672645E-1
+7.139765E+9	+3.665649E-1	+8.673587E-1
+7.139780E+9	+3.664584E-1	+8.682623E-1
+7.139795E+9	+3.662408E-1	+8.670279E-1
+7.139810E+9	+3.662600E-1	+8.671204E-1
+7.139825E+9	+3.663040E-1	+8.675063E-1
+7.139840E+9	+3.673090E-1	+8.678155E-1
+7.139855E+9	+3.681689E-1	+8.669011E-1
+7.139870E+9	+3.682983E-1	+8.679094E-1
+7.139885E+9	+3.679882E-1	+8.680621E-1
+7.139900E+9	+3.670969E-1	+8.675983E-1
+7.139915E+9	+3.678930E-1	+8.677159E-1
+7.139930E+9	+3.679250E-1	+8.673565E-1
+7.139945E+9	+3.679621E-1	+8.669724E-1
+7.139960E+9	+3.684475E-1	+8.664049E-1
+7.139975E+9	+3.680264E-1	+8.668222E-1
+7.139990E+9	+3.681932E-1	+8.663504E-1
+7.140005E+9	+3.683853E-1	+8.658013E-1
+7.140020E+9	+3.686123E-1	+8.651858E-1
+7.140035E+9	+3.697116E-1	+8.638338E-1
+7.140050E+9	+3.683948E-1	+8.641243E-1
+7.140065E+9	+3.692265E-1	+8.646096E-1
+7.140080E+9	+3.694197E-1	+8.655199E-1
+7.140095E+9	+3.692558E-1	+8.652064E-1
+7.140110E+9	+3.700376E-1	+8.654691E-1
+7.140125E+9	+3.704888E-1	+8.670468E-1
+7.140140E+9	+3.698072E-1	+8.674648E-1
+7.140155E+9	+3.694291E-1	+8.669608E-1
+7.140170E+9	+3.704263E-1	+8.661172E-1
+7.140185E+9	+3.709378E-1	+8.662374E-1
+7.140200E+9	+3.714825E-1	+8.654868E-1
+7.140215E+9	+3.713958E-1	+8.651955E-1
+7.140230E+9	+3.713170E-1	+8.649677E-1
+7.140245E+9	+3.716954E-1	+8.645681E-1
+7.140260E+9	+3.722493E-1	+8.649229E-1
+7.140275E+9	+3.723537E-1	+8.654524E-1
+7.140290E+9	+3.723462E-1	+8.649418E-1
+7.140305E+9	+3.718978E-1	+8.639942E-1
+7.140320E+9	+3.720739E-1	+8.646664E-1
+7.140335E+9	+3.731002E-1	+8.648063E-1
+7.140350E+9	+3.734388E-1	+8.661981E-1
+7.140365E+9	+3.718692E-1	+8.647492E-1
+7.140380E+9	+3.706681E-1	+8.636026E-1
+7.140395E+9	+3.709754E-1	+8.641063E-1
+7.140410E+9	+3.737073E-1	+8.638819E-1
+7.140425E+9	+3.736248E-1	+8.631371E-1
+7.140440E+9	+3.745235E-1	+8.642042E-1
+7.140455E+9	+3.747611E-1	+8.647886E-1
+7.140470E+9	+3.752135E-1	+8.645200E-1
+7.140485E+9	+3.751948E-1	+8.636363E-1
+7.140500E+9	+3.739895E-1	+8.633849E-1
+7.140515E+9	+3.749052E-1	+8.642654E-1
+7.140530E+9	+3.755296E-1	+8.648212E-1
+7.140545E+9	+3.748065E-1	+8.644878E-1
+7.140560E+9	+3.750970E-1	+8.628643E-1
+7.140575E+9	+3.761089E-1	+8.608732E-1
+7.140590E+9	+3.770670E-1	+8.620663E-1
+7.140605E+9	+3.759962E-1	+8.634842E-1
+7.140620E+9	+3.761321E-1	+8.618132E-1
+7.140635E+9	+3.753295E-1	+8.622751E-1
+7.140650E+9	+3.770352E-1	+8.640342E-1
+7.140665E+9	+3.770713E-1	+8.640440E-1
+7.140680E+9	+3.769194E-1	+8.642972E-1
+7.140695E+9	+3.760773E-1	+8.638874E-1
+7.140710E+9	+3.757738E-1	+8.626947E-1
+7.140725E+9	+3.758398E-1	+8.608578E-1
+7.140740E+9	+3.766010E-1	+8.618876E-1
+7.140755E+9	+3.772356E-1	+8.623722E-1
+7.140770E+9	+3.775018E-1	+8.625531E-1
+7.140785E+9	+3.771979E-1	+8.623431E-1
+7.140800E+9	+3.775715E-1	+8.617102E-1
+7.140815E+9	+3.778750E-1	+8.622020E-1
+7.140830E+9	+3.779314E-1	+8.623491E-1
+7.140845E+9	+3.776999E-1	+8.617028E-1
+7.140860E+9	+3.780722E-1	+8.622646E-1
+7.140875E+9	+3.782145E-1	+8.641580E-1
+7.140890E+9	+3.793995E-1	+8.638511E-1
+7.140905E+9	+3.788300E-1	+8.620318E-1
+7.140920E+9	+3.787221E-1	+8.621511E-1
+7.140935E+9	+3.777635E-1	+8.623960E-1
+7.140950E+9	+3.775052E-1	+8.625472E-1
+7.140965E+9	+3.785768E-1	+8.628876E-1
+7.140980E+9	+3.800458E-1	+8.621846E-1
+7.140995E+9	+3.794028E-1	+8.618015E-1
+7.141010E+9	+3.798758E-1	+8.610186E-1
+7.141025E+9	+3.804233E-1	+8.614411E-1
+7.141040E+9	+3.806036E-1	+8.612293E-1
+7.141055E+9	+3.797214E-1	+8.614352E-1
+7.141070E+9	+3.801402E-1	+8.606570E-1
+7.141085E+9	+3.802944E-1	+8.606848E-1
+7.141100E+9	+3.808741E-1	+8.632253E-1
+7.141115E+9	+3.800549E-1	+8.632468E-1
+7.141130E+9	+3.798831E-1	+8.609325E-1
+7.141145E+9	+3.801354E-1	+8.603508E-1
+7.141160E+9	+3.809770E-1	+8.600851E-1
+7.141175E+9	+3.820846E-1	+8.599900E-1
+7.141190E+9	+3.826126E-1	+8.602653E-1
+7.141205E+9	+3.812215E-1	+8.611324E-1
+7.141220E+9	+3.807381E-1	+8.602134E-1
+7.141235E+9	+3.812007E-1	+8.608145E-1
+7.141250E+9	+3.829112E-1	+8.603064E-1
+7.141265E+9	+3.819006E-1	+8.602054E-1
+7.141280E+9	+3.813707E-1	+8.593591E-1
+7.141295E+9	+3.817986E-1	+8.587241E-1
+7.141310E+9	+3.830056E-1	+8.592670E-1
+7.141325E+9	+3.829467E-1	+8.594973E-1
+7.141340E+9	+3.833591E-1	+8.592766E-1
+7.141355E+9	+3.834373E-1	+8.599271E-1
+7.141370E+9	+3.838122E-1	+8.603550E-1
+7.141385E+9	+3.832497E-1	+8.609125E-1
+7.141400E+9	+3.832364E-1	+8.603375E-1
+7.141415E+9	+3.837022E-1	+8.599304E-1
+7.141430E+9	+3.837662E-1	+8.592634E-1
+7.141445E+9	+3.838925E-1	+8.585298E-1
+7.141460E+9	+3.840243E-1	+8.583595E-1
+7.141475E+9	+3.838136E-1	+8.591266E-1
+7.141490E+9	+3.839100E-1	+8.590234E-1
+7.141505E+9	+3.842196E-1	+8.595393E-1
+7.141520E+9	+3.853386E-1	+8.600164E-1
+7.141535E+9	+3.850091E-1	+8.601498E-1
+7.141550E+9	+3.841039E-1	+8.591048E-1
+7.141565E+9	+3.841988E-1	+8.599060E-1
+7.141580E+9	+3.839534E-1	+8.597524E-1
+7.141595E+9	+3.838959E-1	+8.588985E-1
+7.141610E+9	+3.839203E-1	+8.586872E-1
+7.141625E+9	+3.846222E-1	+8.597724E-1
+7.141640E+9	+3.854148E-1	+8.599697E-1
+7.141655E+9	+3.863045E-1	+8.599750E-1
+7.141670E+9	+3.866392E-1	+8.600468E-1
+7.141685E+9	+3.875620E-1	+8.592672E-1
+7.141700E+9	+3.878537E-1	+8.584065E-1
+7.141715E+9	+3.874822E-1	+8.580153E-1
+7.141730E+9	+3.874215E-1	+8.574586E-1
+7.141745E+9	+3.866367E-1	+8.574056E-1
+7.141760E+9	+3.864587E-1	+8.582873E-1
+7.141775E+9	+3.874378E-1	+8.583965E-1
+7.141790E+9	+3.880483E-1	+8.586417E-1
+7.141805E+9	+3.882027E-1	+8.585324E-1
+7.141820E+9	+3.867352E-1	+8.585676E-1
+7.141835E+9	+3.864863E-1	+8.587093E-1
+7.141850E+9	+3.883806E-1	+8.570846E-1
+7.141865E+9	+3.880835E-1	+8.567759E-1
+7.141880E+9	+3.874664E-1	+8.559464E-1
+7.141895E+9	+3.877447E-1	+8.555272E-1
+7.141910E+9	+3.881610E-1	+8.554950E-1
+7.141925E+9	+3.892276E-1	+8.568945E-1
+7.141940E+9	+3.900833E-1	+8.567903E-1
+7.141955E+9	+3.905044E-1	+8.571683E-1
+7.141970E+9	+3.907035E-1	+8.568959E-1
+7.141985E+9	+3.902007E-1	+8.562548E-1
+7.142000E+9	+3.895314E-1	+8.570396E-1
+7.142015E+9	+3.892521E-1	+8.564998E-1
+7.142030E+9	+3.888451E-1	+8.565935E-1
+7.142045E+9	+3.892533E-1	+8.565502E-1
+7.142060E+9	+3.893200E-1	+8.559076E-1
+7.142075E+9	+3.894948E-1	+8.551492E-1
+7.142090E+9	+3.898884E-1	+8.563851E-1
+7.142105E+9	+3.905909E-1	+8.570438E-1
+7.142120E+9	+3.900494E-1	+8.565554E-1
+7.142135E+9	+3.906024E-1	+8.567040E-1
+7.142150E+9	+3.906314E-1	+8.566020E-1
+7.142165E+9	+3.911911E-1	+8.560196E-1
+7.142180E+9	+3.918334E-1	+8.563049E-1
+7.142195E+9	+3.923465E-1	+8.565000E-1
+7.142210E+9	+3.924958E-1	+8.554006E-1
+7.142225E+9	+3.920023E-1	+8.542665E-1
+7.142240E+9	+3.927684E-1	+8.545220E-1
+7.142255E+9	+3.936172E-1	+8.553297E-1
+7.142270E+9	+3.929139E-1	+8.554869E-1
+7.142285E+9	+3.928621E-1	+8.543643E-1
+7.142300E+9	+3.911196E-1	+8.545495E-1
+7.142315E+9	+3.921788E-1	+8.550331E-1
+7.142330E+9	+3.929259E-1	+8.549321E-1
+7.142345E+9	+3.921286E-1	+8.550946E-1
+7.142360E+9	+3.923038E-1	+8.539814E-1
+7.142375E+9	+3.940484E-1	+8.541771E-1
+7.142390E+9	+3.936439E-1	+8.534058E-1
+7.142405E+9	+3.926424E-1	+8.545664E-1
+7.142420E+9	+3.929152E-1	+8.547207E-1
+7.142435E+9	+3.951310E-1	+8.525009E-1
+7.142450E+9	+3.951395E-1	+8.531236E-1
+7.142465E+9	+3.945843E-1	+8.529626E-1
+7.142480E+9	+3.932176E-1	+8.547996E-1
+7.142495E+9	+3.948415E-1	+8.555118E-1
+7.142510E+9	+3.958070E-1	+8.561728E-1
+7.142525E+9	+3.967841E-1	+8.554515E-1
+7.142540E+9	+3.964013E-1	+8.552817E-1
+7.142555E+9	+3.950821E-1	+8.550694E-1
+7.142570E+9	+3.952947E-1	+8.543224E-1
+7.142585E+9	+3.947447E-1	+8.535838E-1
+7.142600E+9	+3.950200E-1	+8.526719E-1
+7.142615E+9	+3.952277E-1	+8.522335E-1
+7.142630E+9	+3.959463E-1	+8.536661E-1
+7.142645E+9	+3.956152E-1	+8.540931E-1
+7.142660E+9	+3.955083E-1	+8.547574E-1
+7.142675E+9	+3.954115E-1	+8.550095E-1
+7.142690E+9	+3.967822E-1	+8.542236E-1
+7.142705E+9	+3.979740E-1	+8.535166E-1
+7.142720E+9	+3.984129E-1	+8.539070E-1
+7.142735E+9	+3.978721E-1	+8.540390E-1
+7.142750E+9	+3.975658E-1	+8.538700E-1
+7.142765E+9	+3.971877E-1	+8.533618E-1
+7.142780E+9	+3.969467E-1	+8.528588E-1
+7.142795E+9	+3.971168E-1	+8.525018E-1
+7.142810E+9	+3.979502E-1	+8.520019E-1
+7.142825E+9	+3.990360E-1	+8.516358E-1
+7.142840E+9	+3.991198E-1	+8.516720E-1
+7.142855E+9	+3.961395E-1	+8.531963E-1
+7.142870E+9	+3.966299E-1	+8.533295E-1
+7.142885E+9	+3.999693E-1	+8.527013E-1
+7.142900E+9	+3.993086E-1	+8.512611E-1
+7.142915E+9	+3.991807E-1	+8.511555E-1
+7.142930E+9	+4.000526E-1	+8.526978E-1
+7.142945E+9	+4.004484E-1	+8.526667E-1
+7.142960E+9	+3.993766E-1	+8.515933E-1
+7.142975E+9	+3.983020E-1	+8.509910E-1
+7.142990E+9	+3.982896E-1	+8.510247E-1
+7.143005E+9	+3.988547E-1	+8.515803E-1
+7.143020E+9	+3.995009E-1	+8.524563E-1
+7.143035E+9	+3.993936E-1	+8.524591E-1
+7.143050E+9	+4.016675E-1	+8.495244E-1
+7.143065E+9	+4.013001E-1	+8.519961E-1
+7.143080E+9	+4.010765E-1	+8.532236E-1
+7.143095E+9	+4.015438E-1	+8.521280E-1
+7.143110E+9	+4.010064E-1	+8.513722E-1
+7.143125E+9	+4.011327E-1	+8.517572E-1
+7.143140E+9	+4.011572E-1	+8.511980E-1
+7.143155E+9	+4.018499E-1	+8.512590E-1
+7.143170E+9	+4.018917E-1	+8.516083E-1
+7.143185E+9	+4.018070E-1	+8.515944E-1
+7.143200E+9	+4.025315E-1	+8.535500E-1
+7.143215E+9	+4.016895E-1	+8.527185E-1
+7.143230E+9	+4.015887E-1	+8.512708E-1
+7.143245E+9	+4.017927E-1	+8.508655E-1
+7.143260E+9	+4.023958E-1	+8.502935E-1
+7.143275E+9	+4.029895E-1	+8.509252E-1
+7.143290E+9	+4.028661E-1	+8.508203E-1
+7.143305E+9	+4.031205E-1	+8.504958E-1
+7.143320E+9	+4.031561E-1	+8.502581E-1
+7.143335E+9	+4.029418E-1	+8.501526E-1
+7.143350E+9	+4.029626E-1	+8.505157E-1
+7.143365E+9	+4.036306E-1	+8.504013E-1
+7.143380E+9	+4.041190E-1	+8.498046E-1
+7.143395E+9	+4.044351E-1	+8.495367E-1
+7.143410E+9	+4.030082E-1	+8.488128E-1
+7.143425E+9	+4.039924E-1	+8.485250E-1
+7.143440E+9	+4.045332E-1	+8.483088E-1
+7.143455E+9	+4.052052E-1	+8.499380E-1
+7.143470E+9	+4.054630E-1	+8.502026E-1
+7.143485E+9	+4.051948E-1	+8.495772E-1
+7.143500E+9	+4.053555E-1	+8.489772E-1
+7.143515E+9	+4.047970E-1	+8.495843E-1
+7.143530E+9	+4.047573E-1	+8.493881E-1
+7.143545E+9	+4.049144E-1	+8.489374E-1
+7.143560E+9	+4.056579E-1	+8.491409E-1
+7.143575E+9	+4.071814E-1	+8.492802E-1
+7.143590E+9	+4.060223E-1	+8.486521E-1
+7.143605E+9	+4.053934E-1	+8.492308E-1
+7.143620E+9	+4.058149E-1	+8.494896E-1
+7.143635E+9	+4.061382E-1	+8.497036E-1
+7.143650E+9	+4.073529E-1	+8.487375E-1
+7.143665E+9	+4.078298E-1	+8.487897E-1
+7.143680E+9	+4.066277E-1	+8.489367E-1
+7.143695E+9	+4.070830E-1	+8.486604E-1
+7.143710E+9	+4.069406E-1	+8.485756E-1
+7.143725E+9	+4.067919E-1	+8.481553E-1
+7.143740E+9	+4.071381E-1	+8.478158E-1
+7.143755E+9	+4.087766E-1	+8.489484E-1
+7.143770E+9	+4.092129E-1	+8.479790E-1
+7.143785E+9	+4.089343E-1	+8.473343E-1
+7.143800E+9	+4.084151E-1	+8.469056E-1
+7.143815E+9	+4.089481E-1	+8.472255E-1
+7.143830E+9	+4.087944E-1	+8.474823E-1
+7.143845E+9	+4.084974E-1	+8.467534E-1
+7.143860E+9	+4.086396E-1	+8.474952E-1
+7.143875E+9	+4.083273E-1	+8.490667E-1
+7.143890E+9	+4.085665E-1	+8.492390E-1
+7.143905E+9	+4.083842E-1	+8.486883E-1
+7.143920E+9	+4.080165E-1	+8.477296E-1
+7.143935E+9	+4.096234E-1	+8.471374E-1
+7.143950E+9	+4.109746E-1	+8.481989E-1
+7.143965E+9	+4.114811E-1	+8.491005E-1
+7.143980E+9	+4.109469E-1	+8.501161E-1
+7.143995E+9	+4.097612E-1	+8.491998E-1
+7.144010E+9	+4.090079E-1	+8.467489E-1
+7.144025E+9	+4.116373E-1	+8.442996E-1
+7.144040E+9	+4.113364E-1	+8.451699E-1
+7.144055E+9	+4.117978E-1	+8.473282E-1
+7.144070E+9	+4.120776E-1	+8.478089E-1
+7.144085E+9	+4.121646E-1	+8.474158E-1
+7.144100E+9	+4.105530E-1	+8.470087E-1
+7.144115E+9	+4.126280E-1	+8.465350E-1
+7.144130E+9	+4.123391E-1	+8.468067E-1
+7.144145E+9	+4.121879E-1	+8.464813E-1
+7.144160E+9	+4.127930E-1	+8.461373E-1
+7.144175E+9	+4.124729E-1	+8.459773E-1
+7.144190E+9	+4.122272E-1	+8.460994E-1
+7.144205E+9	+4.119280E-1	+8.455353E-1
+7.144220E+9	+4.115829E-1	+8.447398E-1
+7.144235E+9	+4.117260E-1	+8.445238E-1
+7.144250E+9	+4.125211E-1	+8.443090E-1
+7.144265E+9	+4.121512E-1	+8.442836E-1
+7.144280E+9	+4.119102E-1	+8.454156E-1
+7.144295E+9	+4.135730E-1	+8.461306E-1
+7.144310E+9	+4.149798E-1	+8.455272E-1
+7.144325E+9	+4.133269E-1	+8.436789E-1
+7.144340E+9	+4.134376E-1	+8.441042E-1
+7.144355E+9	+4.129030E-1	+8.462244E-1
+7.144370E+9	+4.135828E-1	+8.459506E-1
+7.144385E+9	+4.135954E-1	+8.440844E-1
+7.144400E+9	+4.154839E-1	+8.452745E-1
+7.144415E+9	+4.154181E-1	+8.452877E-1
+7.144430E+9	+4.149235E-1	+8.448999E-1
+7.144445E+9	+4.144567E-1	+8.446757E-1
+7.144460E+9	+4.143842E-1	+8.447419E-1
+7.144475E+9	+4.143111E-1	+8.449594E-1
+7.144490E+9	+4.149938E-1	+8.448924E-1
+7.144505E+9	+4.154325E-1	+8.450323E-1
+7.144520E+9	+4.162329E-1	+8.453877E-1
+7.144535E+9	+4.164265E-1	+8.442879E-1
+7.144550E+9	+4.156882E-1	+8.435892E-1
+7.144565E+9	+4.166960E-1	+8.438394E-1
+7.144580E+9	+4.165479E-1	+8.430649E-1
+7.144595E+9	+4.168076E-1	+8.430627E-1
+7.144610E+9	+4.170455E-1	+8.433378E-1
+7.144625E+9	+4.160514E-1	+8.431048E-1
+7.144640E+9	+4.164201E-1	+8.427708E-1
+7.144655E+9	+4.171190E-1	+8.425138E-1
+7.144670E+9	+4.175090E-1	+8.426222E-1
+7.144685E+9	+4.175130E-1	+8.425759E-1
+7.144700E+9	+4.177067E-1	+8.427738E-1
+7.144715E+9	+4.179434E-1	+8.430166E-1
+7.144730E+9	+4.184023E-1	+8.425103E-1
+7.144745E+9	+4.183699E-1	+8.418071E-1
+7.144760E+9	+4.188786E-1	+8.415146E-1
+7.144775E+9	+4.181026E-1	+8.442520E-1
+7.144790E+9	+4.184818E-1	+8.428230E-1
+7.144805E+9	+4.182331E-1	+8.415292E-1
+7.144820E+9	+4.195651E-1	+8.402838E-1
+7.144835E+9	+4.197520E-1	+8.396058E-1
+7.144850E+9	+4.177462E-1	+8.427605E-1
+7.144865E+9	+4.191706E-1	+8.434159E-1
+7.144880E+9	+4.205659E-1	+8.430731E-1
+7.144895E+9	+4.201816E-1	+8.417238E-1
+7.144910E+9	+4.190069E-1	+8.416872E-1
+7.144925E+9	+4.180162E-1	+8.412623E-1
+7.144940E+9	+4.182908E-1	+8.412216E-1
+7.144955E+9	+4.191695E-1	+8.415352E-1
+7.144970E+9	+4.201791E-1	+8.412447E-1
+7.144985E+9	+4.211153E-1	+8.420747E-1
+7.145000E+9	+4.218713E-1	+8.426606E-1
+7.145015E+9	+4.217585E-1	+8.425596E-1
+7.145030E+9	+4.207333E-1	+8.413079E-1
+7.145045E+9	+4.209156E-1	+8.418355E-1
+7.145060E+9	+4.209880E-1	+8.425860E-1
+7.145075E+9	+4.227179E-1	+8.424624E-1
+7.145090E+9	+4.219658E-1	+8.423180E-1
+7.145105E+9	+4.220976E-1	+8.411860E-1
+7.145120E+9	+4.223642E-1	+8.399586E-1
+7.145135E+9	+4.223127E-1	+8.397114E-1
+7.145150E+9	+4.214826E-1	+8.418908E-1
+7.145165E+9	+4.216620E-1	+8.413556E-1
+7.145180E+9	+4.212734E-1	+8.408431E-1
+7.145195E+9	+4.203715E-1	+8.396842E-1
+7.145210E+9	+4.211237E-1	+8.387092E-1
+7.145225E+9	+4.245157E-1	+8.384663E-1
+7.145240E+9	+4.245313E-1	+8.394686E-1
+7.145255E+9	+4.239922E-1	+8.401733E-1
+7.145270E+9	+4.244106E-1	+8.399179E-1
+7.145285E+9	+4.238824E-1	+8.393350E-1
+7.145300E+9	+4.233150E-1	+8.385900E-1
+7.145315E+9	+4.234837E-1	+8.391029E-1
+7.145330E+9	+4.233858E-1	+8.395683E-1
+7.145345E+9	+4.236622E-1	+8.401816E-1
+7.145360E+9	+4.244778E-1	+8.404890E-1
+7.145375E+9	+4.254746E-1	+8.402539E-1
+7.145390E+9	+4.248696E-1	+8.391186E-1
+7.145405E+9	+4.234530E-1	+8.383827E-1
+7.145420E+9	+4.248417E-1	+8.385672E-1
+7.145435E+9	+4.251104E-1	+8.385368E-1
+7.145450E+9	+4.252721E-1	+8.380075E-1
+7.145465E+9	+4.247291E-1	+8.382437E-1
+7.145480E+9	+4.239336E-1	+8.388777E-1
+7.145495E+9	+4.248924E-1	+8.381742E-1
+7.145510E+9	+4.257658E-1	+8.388756E-1
+7.145525E+9	+4.259363E-1	+8.393263E-1
+7.145540E+9	+4.256156E-1	+8.398716E-1
+7.145555E+9	+4.258860E-1	+8.402127E-1
+7.145570E+9	+4.265484E-1	+8.390326E-1
+7.145585E+9	+4.264278E-1	+8.390740E-1
+7.145600E+9	+4.253936E-1	+8.384680E-1
+7.145615E+9	+4.261617E-1	+8.376951E-1
+7.145630E+9	+4.278447E-1	+8.363109E-1
+7.145645E+9	+4.284358E-1	+8.366555E-1
+7.145660E+9	+4.283368E-1	+8.375037E-1
+7.145675E+9	+4.273718E-1	+8.375123E-1
+7.145690E+9	+4.271835E-1	+8.372477E-1
+7.145705E+9	+4.272487E-1	+8.367768E-1
+7.145720E+9	+4.279810E-1	+8.360987E-1
+7.145735E+9	+4.283890E-1	+8.358656E-1
+7.145750E+9	+4.289527E-1	+8.352341E-1
+7.145765E+9	+4.289713E-1	+8.352385E-1
+7.145780E+9	+4.300502E-1	+8.352236E-1
+7.145795E+9	+4.295614E-1	+8.355660E-1
+7.145810E+9	+4.294812E-1	+8.367879E-1
+7.145825E+9	+4.289906E-1	+8.374217E-1
+7.145840E+9	+4.290422E-1	+8.374932E-1
+7.145855E+9	+4.298488E-1	+8.368425E-1
+7.145870E+9	+4.305799E-1	+8.354967E-1
+7.145885E+9	+4.308369E-1	+8.358657E-1
+7.145900E+9	+4.295173E-1	+8.370509E-1
+7.145915E+9	+4.303799E-1	+8.351603E-1
+7.145930E+9	+4.307736E-1	+8.344059E-1
+7.145945E+9	+4.314948E-1	+8.349094E-1
+7.145960E+9	+4.311691E-1	+8.348288E-1
+7.145975E+9	+4.305278E-1	+8.356180E-1
+7.145990E+9	+4.322722E-1	+8.360624E-1
+7.146005E+9	+4.322340E-1	+8.365535E-1
+7.146020E+9	+4.316966E-1	+8.365655E-1
+7.146035E+9	+4.309052E-1	+8.364255E-1
+7.146050E+9	+4.324691E-1	+8.349362E-1
+7.146065E+9	+4.318203E-1	+8.352764E-1
+7.146080E+9	+4.316608E-1	+8.354896E-1
+7.146095E+9	+4.325574E-1	+8.355570E-1
+7.146110E+9	+4.336900E-1	+8.350446E-1
+7.146125E+9	+4.331641E-1	+8.358701E-1
+7.146140E+9	+4.332527E-1	+8.351499E-1
+7.146155E+9	+4.338986E-1	+8.345705E-1
+7.146170E+9	+4.339957E-1	+8.344229E-1
+7.146185E+9	+4.340366E-1	+8.355462E-1
+7.146200E+9	+4.334976E-1	+8.363091E-1
+7.146215E+9	+4.338901E-1	+8.343859E-1
+7.146230E+9	+4.339711E-1	+8.339724E-1
+7.146245E+9	+4.349405E-1	+8.335233E-1
+7.146260E+9	+4.349789E-1	+8.347235E-1
+7.146275E+9	+4.335904E-1	+8.359541E-1
+7.146290E+9	+4.346842E-1	+8.347529E-1
+7.146305E+9	+4.355948E-1	+8.340636E-1
+7.146320E+9	+4.349808E-1	+8.329449E-1
+7.146335E+9	+4.331813E-1	+8.329700E-1
+7.146350E+9	+4.335098E-1	+8.346949E-1
+7.146365E+9	+4.347159E-1	+8.344740E-1
+7.146380E+9	+4.345056E-1	+8.355345E-1
+7.146395E+9	+4.345603E-1	+8.347245E-1
+7.146410E+9	+4.354075E-1	+8.340917E-1
+7.146425E+9	+4.355062E-1	+8.326124E-1
+7.146440E+9	+4.359942E-1	+8.318548E-1
+7.146455E+9	+4.364636E-1	+8.324077E-1
+7.146470E+9	+4.365201E-1	+8.320137E-1
+7.146485E+9	+4.360540E-1	+8.320430E-1
+7.146500E+9	+4.363059E-1	+8.336055E-1
+7.146515E+9	+4.368668E-1	+8.340889E-1
+7.146530E+9	+4.376655E-1	+8.338529E-1
+7.146545E+9	+4.377310E-1	+8.335651E-1
+7.146560E+9	+4.377923E-1	+8.336948E-1
+7.146575E+9	+4.368027E-1	+8.342153E-1
+7.146590E+9	+4.370358E-1	+8.329153E-1
+7.146605E+9	+4.380568E-1	+8.312040E-1
+7.146620E+9	+4.377290E-1	+8.312435E-1
+7.146635E+9	+4.371655E-1	+8.322902E-1
+7.146650E+9	+4.380447E-1	+8.319534E-1
+7.146665E+9	+4.382963E-1	+8.329212E-1
+7.146680E+9	+4.380101E-1	+8.337374E-1
+7.146695E+9	+4.391946E-1	+8.340012E-1
+7.146710E+9	+4.394258E-1	+8.319294E-1
+7.146725E+9	+4.386394E-1	+8.305299E-1
+7.146740E+9	+4.394556E-1	+8.307061E-1
+7.146755E+9	+4.401569E-1	+8.312446E-1
+7.146770E+9	+4.406567E-1	+8.312821E-1
+7.146785E+9	+4.394952E-1	+8.325563E-1
+7.146800E+9	+4.397274E-1	+8.329851E-1
+7.146815E+9	+4.407180E-1	+8.312706E-1
+7.146830E+9	+4.411257E-1	+8.309317E-1
+7.146845E+9	+4.414574E-1	+8.309451E-1
+7.146860E+9	+4.411471E-1	+8.316135E-1
+7.146875E+9	+4.395539E-1	+8.320997E-1
+7.146890E+9	+4.402263E-1	+8.311293E-1
+7.146905E+9	+4.411838E-1	+8.305472E-1
+7.146920E+9	+4.410157E-1	+8.301667E-1
+7.146935E+9	+4.409252E-1	+8.301440E-1
+7.146950E+9	+4.422649E-1	+8.299315E-1
+7.146965E+9	+4.415118E-1	+8.293937E-1
+7.146980E+9	+4.413692E-1	+8.295691E-1
+7.146995E+9	+4.414778E-1	+8.301369E-1
+7.147010E+9	+4.415947E-1	+8.303537E-1
+7.147025E+9	+4.417896E-1	+8.302217E-1
+7.147040E+9	+4.418254E-1	+8.297835E-1
+7.147055E+9	+4.420217E-1	+8.299347E-1
+7.147070E+9	+4.419521E-1	+8.294666E-1
+7.147085E+9	+4.420484E-1	+8.296927E-1
+7.147100E+9	+4.433323E-1	+8.305102E-1
+7.147115E+9	+4.435557E-1	+8.302440E-1
+7.147130E+9	+4.427362E-1	+8.297343E-1
+7.147145E+9	+4.428394E-1	+8.305832E-1
+7.147160E+9	+4.434996E-1	+8.305991E-1
+7.147175E+9	+4.434189E-1	+8.293691E-1
+7.147190E+9	+4.440222E-1	+8.295491E-1
+7.147205E+9	+4.437541E-1	+8.291050E-1
+7.147220E+9	+4.433965E-1	+8.286457E-1
+7.147235E+9	+4.437594E-1	+8.280632E-1
+7.147250E+9	+4.445223E-1	+8.285011E-1
+7.147265E+9	+4.441031E-1	+8.292434E-1
+7.147280E+9	+4.440251E-1	+8.298482E-1
+7.147295E+9	+4.441795E-1	+8.294538E-1
+7.147310E+9	+4.453843E-1	+8.299079E-1
+7.147325E+9	+4.464684E-1	+8.287178E-1
+7.147340E+9	+4.452802E-1	+8.280378E-1
+7.147355E+9	+4.441166E-1	+8.277463E-1
+7.147370E+9	+4.460510E-1	+8.274667E-1
+7.147385E+9	+4.465412E-1	+8.277051E-1
+7.147400E+9	+4.454970E-1	+8.266138E-1
+7.147415E+9	+4.455024E-1	+8.269751E-1
+7.147430E+9	+4.463175E-1	+8.272129E-1
+7.147445E+9	+4.476904E-1	+8.274668E-1
+7.147460E+9	+4.465123E-1	+8.277026E-1
+7.147475E+9	+4.453751E-1	+8.284082E-1
+7.147490E+9	+4.463073E-1	+8.273124E-1
+7.147505E+9	+4.471795E-1	+8.269238E-1
+7.147520E+9	+4.476331E-1	+8.270850E-1
+7.147535E+9	+4.482381E-1	+8.267622E-1
+7.147550E+9	+4.477529E-1	+8.260120E-1
+7.147565E+9	+4.480522E-1	+8.254771E-1
+7.147580E+9	+4.479813E-1	+8.257882E-1
+7.147595E+9	+4.479502E-1	+8.256303E-1
+7.147610E+9	+4.483635E-1	+8.264791E-1
+7.147625E+9	+4.482788E-1	+8.276094E-1
+7.147640E+9	+4.477395E-1	+8.273993E-1
+7.147655E+9	+4.477021E-1	+8.251578E-1
+7.147670E+9	+4.476150E-1	+8.245940E-1
+7.147685E+9	+4.509624E-1	+8.256138E-1
+7.147700E+9	+4.494296E-1	+8.267702E-1
+7.147715E+9	+4.502823E-1	+8.250237E-1
+7.147730E+9	+4.512203E-1	+8.242102E-1
+7.147745E+9	+4.508564E-1	+8.245762E-1
+7.147760E+9	+4.502586E-1	+8.248440E-1
+7.147775E+9	+4.498684E-1	+8.253107E-1
+7.147790E+9	+4.510833E-1	+8.247523E-1
+7.147805E+9	+4.520383E-1	+8.246917E-1
+7.147820E+9	+4.518787E-1	+8.250587E-1
+7.147835E+9	+4.524204E-1	+8.251722E-1
+7.147850E+9	+4.521704E-1	+8.254989E-1
+7.147865E+9	+4.520019E-1	+8.244337E-1
+7.147880E+9	+4.508200E-1	+8.243902E-1
+7.147895E+9	+4.510900E-1	+8.244405E-1
+7.147910E+9	+4.509088E-1	+8.242460E-1
+7.147925E+9	+4.516104E-1	+8.248739E-1
+7.147940E+9	+4.526856E-1	+8.250365E-1
+7.147955E+9	+4.534125E-1	+8.248850E-1
+7.147970E+9	+4.539071E-1	+8.244985E-1
+7.147985E+9	+4.529728E-1	+8.235320E-1
+7.148000E+9	+4.531193E-1	+8.241444E-1
+7.148015E+9	+4.533690E-1	+8.237822E-1
+7.148030E+9	+4.534207E-1	+8.235034E-1
+7.148045E+9	+4.528540E-1	+8.230109E-1
+7.148060E+9	+4.528338E-1	+8.239506E-1
+7.148075E+9	+4.538869E-1	+8.233482E-1
+7.148090E+9	+4.534044E-1	+8.229234E-1
+7.148105E+9	+4.534893E-1	+8.225773E-1
+7.148120E+9	+4.535798E-1	+8.224446E-1
+7.148135E+9	+4.539018E-1	+8.224156E-1
+7.148150E+9	+4.541560E-1	+8.233287E-1
+7.148165E+9	+4.548113E-1	+8.229791E-1
+7.148180E+9	+4.549308E-1	+8.229420E-1
+7.148195E+9	+4.542314E-1	+8.230059E-1
+7.148210E+9	+4.548076E-1	+8.227900E-1
+7.148225E+9	+4.565214E-1	+8.227504E-1
+7.148240E+9	+4.563191E-1	+8.225178E-1
+7.148255E+9	+4.566398E-1	+8.223504E-1
+7.148270E+9	+4.568088E-1	+8.220070E-1
+7.148285E+9	+4.563339E-1	+8.215623E-1
+7.148300E+9	+4.558004E-1	+8.216313E-1
+7.148315E+9	+4.566458E-1	+8.226479E-1
+7.148330E+9	+4.574732E-1	+8.224346E-1
+7.148345E+9	+4.563347E-1	+8.219824E-1
+7.148360E+9	+4.563776E-1	+8.217328E-1
+7.148375E+9	+4.567701E-1	+8.214115E-1
+7.148390E+9	+4.569564E-1	+8.211080E-1
+7.148405E+9	+4.572459E-1	+8.216687E-1
+7.148420E+9	+4.578082E-1	+8.214618E-1
+7.148435E+9	+4.579173E-1	+8.209362E-1
+7.148450E+9	+4.578536E-1	+8.203135E-1
+7.148465E+9	+4.589324E-1	+8.207243E-1
+7.148480E+9	+4.578814E-1	+8.212022E-1
+7.148495E+9	+4.576491E-1	+8.209506E-1
+7.148510E+9	+4.578161E-1	+8.213170E-1
+7.148525E+9	+4.576503E-1	+8.219373E-1
+7.148540E+9	+4.585229E-1	+8.212338E-1
+7.148555E+9	+4.593895E-1	+8.210784E-1
+7.148570E+9	+4.591107E-1	+8.208100E-1
+7.148585E+9	+4.584399E-1	+8.203948E-1
+7.148600E+9	+4.585543E-1	+8.209449E-1
+7.148615E+9	+4.599558E-1	+8.203180E-1
+7.148630E+9	+4.602819E-1	+8.196164E-1
+7.148645E+9	+4.590352E-1	+8.190673E-1
+7.148660E+9	+4.585854E-1	+8.180349E-1
+7.148675E+9	+4.601080E-1	+8.192626E-1
+7.148690E+9	+4.603468E-1	+8.191784E-1
+7.148705E+9	+4.612031E-1	+8.189128E-1
+7.148720E+9	+4.624648E-1	+8.188219E-1
+7.148735E+9	+4.611285E-1	+8.194078E-1
+7.148750E+9	+4.595005E-1	+8.186586E-1
+7.148765E+9	+4.613640E-1	+8.187122E-1
+7.148780E+9	+4.624048E-1	+8.186035E-1
+7.148795E+9	+4.624104E-1	+8.180490E-1
+7.148810E+9	+4.614157E-1	+8.183259E-1
+7.148825E+9	+4.631446E-1	+8.196641E-1
+7.148840E+9	+4.637878E-1	+8.191327E-1
+7.148855E+9	+4.637614E-1	+8.184357E-1
+7.148870E+9	+4.635270E-1	+8.177987E-1
+7.148885E+9	+4.610545E-1	+8.176727E-1
+7.148900E+9	+4.615140E-1	+8.182163E-1
+7.148915E+9	+4.620941E-1	+8.188907E-1
+7.148930E+9	+4.623487E-1	+8.193701E-1
+7.148945E+9	+4.623008E-1	+8.184789E-1
+7.148960E+9	+4.628594E-1	+8.181825E-1
+7.148975E+9	+4.645828E-1	+8.180998E-1
+7.148990E+9	+4.646969E-1	+8.177829E-1
+7.149005E+9	+4.632995E-1	+8.166537E-1
+7.149020E+9	+4.643286E-1	+8.168212E-1
+7.149035E+9	+4.633943E-1	+8.175372E-1
+7.149050E+9	+4.633839E-1	+8.155530E-1
+7.149065E+9	+4.648699E-1	+8.153157E-1
+7.149080E+9	+4.643490E-1	+8.172710E-1
+7.149095E+9	+4.638088E-1	+8.173090E-1
+7.149110E+9	+4.639525E-1	+8.162213E-1
+7.149125E+9	+4.650554E-1	+8.149060E-1
+7.149140E+9	+4.650950E-1	+8.153503E-1
+7.149155E+9	+4.651896E-1	+8.156313E-1
+7.149170E+9	+4.653538E-1	+8.163601E-1
+7.149185E+9	+4.652515E-1	+8.172900E-1
+7.149200E+9	+4.652869E-1	+8.175496E-1
+7.149215E+9	+4.654110E-1	+8.161881E-1
+7.149230E+9	+4.665433E-1	+8.158764E-1
+7.149245E+9	+4.677574E-1	+8.164393E-1
+7.149260E+9	+4.669491E-1	+8.164184E-1
+7.149275E+9	+4.669944E-1	+8.151642E-1
+7.149290E+9	+4.667205E-1	+8.150788E-1
+7.149305E+9	+4.678742E-1	+8.151992E-1
+7.149320E+9	+4.679919E-1	+8.147827E-1
+7.149335E+9	+4.678295E-1	+8.142917E-1
+7.149350E+9	+4.676018E-1	+8.155096E-1
+7.149365E+9	+4.683906E-1	+8.154552E-1
+7.149380E+9	+4.695284E-1	+8.157595E-1
+7.149395E+9	+4.691964E-1	+8.161026E-1
+7.149410E+9	+4.673073E-1	+8.154765E-1
+7.149425E+9	+4.672032E-1	+8.139721E-1
+7.149440E+9	+4.681964E-1	+8.147153E-1
+7.149455E+9	+4.686564E-1	+8.147634E-1
+7.149470E+9	+4.685097E-1	+8.148311E-1
+7.149485E+9	+4.689223E-1	+8.135062E-1
+7.149500E+9	+4.682630E-1	+8.144174E-1
+7.149515E+9	+4.692450E-1	+8.142688E-1
+7.149530E+9	+4.689429E-1	+8.145426E-1
+7.149545E+9	+4.686348E-1	+8.135023E-1
+7.149560E+9	+4.684919E-1	+8.131657E-1
+7.149575E+9	+4.688429E-1	+8.155453E-1
+7.149590E+9	+4.695656E-1	+8.153227E-1
+7.149605E+9	+4.708800E-1	+8.144160E-1
+7.149620E+9	+4.705591E-1	+8.142107E-1
+7.149635E+9	+4.703797E-1	+8.138917E-1
+7.149650E+9	+4.702921E-1	+8.114919E-1
+7.149665E+9	+4.711617E-1	+8.113994E-1
+7.149680E+9	+4.714906E-1	+8.117859E-1
+7.149695E+9	+4.703895E-1	+8.126543E-1
+7.149710E+9	+4.709577E-1	+8.122064E-1
+7.149725E+9	+4.728122E-1	+8.115751E-1
+7.149740E+9	+4.732278E-1	+8.126218E-1
+7.149755E+9	+4.735634E-1	+8.121097E-1
+7.149770E+9	+4.732391E-1	+8.108487E-1
+7.149785E+9	+4.725522E-1	+8.101816E-1
+7.149800E+9	+4.707663E-1	+8.116856E-1
+7.149815E+9	+4.715439E-1	+8.117857E-1
+7.149830E+9	+4.737777E-1	+8.111388E-1
+7.149845E+9	+4.725814E-1	+8.108788E-1
+7.149860E+9	+4.729343E-1	+8.105408E-1
+7.149875E+9	+4.735624E-1	+8.103783E-1
+7.149890E+9	+4.741868E-1	+8.103606E-1
+7.149905E+9	+4.750595E-1	+8.118837E-1
+7.149920E+9	+4.747435E-1	+8.115238E-1
+7.149935E+9	+4.736795E-1	+8.120876E-1
+7.149950E+9	+4.727445E-1	+8.123027E-1
+7.149965E+9	+4.742853E-1	+8.113896E-1
+7.149980E+9	+4.758860E-1	+8.108887E-1
+7.149995E+9	+4.760670E-1	+8.108978E-1
+7.150010E+9	+4.752017E-1	+8.109906E-1
+7.150025E+9	+4.748175E-1	+8.108807E-1
+7.150040E+9	+4.751647E-1	+8.109747E-1
+7.150055E+9	+4.755408E-1	+8.112350E-1
+7.150070E+9	+4.767486E-1	+8.111571E-1
+7.150085E+9	+4.757674E-1	+8.107544E-1
+7.150100E+9	+4.757118E-1	+8.112092E-1
+7.150115E+9	+4.756356E-1	+8.109649E-1
+7.150130E+9	+4.776890E-1	+8.105324E-1
+7.150145E+9	+4.779090E-1	+8.111305E-1
+7.150160E+9	+4.780216E-1	+8.114075E-1
+7.150175E+9	+4.764677E-1	+8.098986E-1
+7.150190E+9	+4.766258E-1	+8.096016E-1
+7.150205E+9	+4.772925E-1	+8.087173E-1
+7.150220E+9	+4.771304E-1	+8.082088E-1
+7.150235E+9	+4.766099E-1	+8.088286E-1
+7.150250E+9	+4.771120E-1	+8.097338E-1
+7.150265E+9	+4.772945E-1	+8.101443E-1
+7.150280E+9	+4.783186E-1	+8.101607E-1
+7.150295E+9	+4.781574E-1	+8.092040E-1
+7.150310E+9	+4.774177E-1	+8.089120E-1
+7.150325E+9	+4.766870E-1	+8.084448E-1
+7.150340E+9	+4.779521E-1	+8.079902E-1
+7.150355E+9	+4.781362E-1	+8.083610E-1
+7.150370E+9	+4.795179E-1	+8.083637E-1
+7.150385E+9	+4.806920E-1	+8.088582E-1
+7.150400E+9	+4.797279E-1	+8.085836E-1
+7.150415E+9	+4.789574E-1	+8.080005E-1
+7.150430E+9	+4.797256E-1	+8.080601E-1
+7.150445E+9	+4.797981E-1	+8.082638E-1
+7.150460E+9	+4.799262E-1	+8.082756E-1
+7.150475E+9	+4.791393E-1	+8.083307E-1
+7.150490E+9	+4.804371E-1	+8.078556E-1
+7.150505E+9	+4.805909E-1	+8.057497E-1
+7.150520E+9	+4.811513E-1	+8.079084E-1
+7.150535E+9	+4.809813E-1	+8.075428E-1
+7.150550E+9	+4.806451E-1	+8.062771E-1
+7.150565E+9	+4.809043E-1	+8.051318E-1
+7.150580E+9	+4.810719E-1	+8.044316E-1
+7.150595E+9	+4.815884E-1	+8.051175E-1
+7.150610E+9	+4.807713E-1	+8.070659E-1
+7.150625E+9	+4.829718E-1	+8.065543E-1
+7.150640E+9	+4.825203E-1	+8.068767E-1
+7.150655E+9	+4.822608E-1	+8.067335E-1
+7.150670E+9	+4.831880E-1	+8.074794E-1
+7.150685E+9	+4.830059E-1	+8.067989E-1
+7.150700E+9	+4.830199E-1	+8.047951E-1
+7.150715E+9	+4.833095E-1	+8.043314E-1
+7.150730E+9	+4.834769E-1	+8.037146E-1
+7.150745E+9	+4.832742E-1	+8.046359E-1
+7.150760E+9	+4.837788E-1	+8.048299E-1
+7.150775E+9	+4.843261E-1	+8.037058E-1
+7.150790E+9	+4.835844E-1	+8.045933E-1
+7.150805E+9	+4.827129E-1	+8.049566E-1
+7.150820E+9	+4.829445E-1	+8.053512E-1
+7.150835E+9	+4.834810E-1	+8.052951E-1
+7.150850E+9	+4.842315E-1	+8.043741E-1
+7.150865E+9	+4.842414E-1	+8.042874E-1
+7.150880E+9	+4.850177E-1	+8.041226E-1
+7.150895E+9	+4.857118E-1	+8.034337E-1
+7.150910E+9	+4.854867E-1	+8.032388E-1
+7.150925E+9	+4.838466E-1	+8.037771E-1
+7.150940E+9	+4.847396E-1	+8.035815E-1
+7.150955E+9	+4.858061E-1	+8.032712E-1
+7.150970E+9	+4.865357E-1	+8.037454E-1
+7.150985E+9	+4.870915E-1	+8.037652E-1
+7.151000E+9	+4.863986E-1	+8.034675E-1
+7.151015E+9	+4.865165E-1	+8.032994E-1
+7.151030E+9	+4.870239E-1	+8.038588E-1
+7.151045E+9	+4.872713E-1	+8.036392E-1
+7.151060E+9	+4.875456E-1	+8.038928E-1
+7.151075E+9	+4.859258E-1	+8.032678E-1
+7.151090E+9	+4.853057E-1	+8.031912E-1
+7.151105E+9	+4.849660E-1	+8.031334E-1
+7.151120E+9	+4.855244E-1	+8.039407E-1
+7.151135E+9	+4.876539E-1	+8.038487E-1
+7.151150E+9	+4.887136E-1	+8.027112E-1
+7.151165E+9	+4.887141E-1	+8.025280E-1
+7.151180E+9	+4.879440E-1	+8.022878E-1
+7.151195E+9	+4.877927E-1	+8.021867E-1
+7.151210E+9	+4.884094E-1	+8.021196E-1
+7.151225E+9	+4.901593E-1	+8.013158E-1
+7.151240E+9	+4.900074E-1	+8.014127E-1
+7.151255E+9	+4.903037E-1	+8.014063E-1
+7.151270E+9	+4.907435E-1	+8.020460E-1
+7.151285E+9	+4.902153E-1	+8.024294E-1
+7.151300E+9	+4.895729E-1	+8.021611E-1
+7.151315E+9	+4.893085E-1	+8.018323E-1
+7.151330E+9	+4.896738E-1	+7.998084E-1
+7.151345E+9	+4.895870E-1	+8.002797E-1
+7.151360E+9	+4.893020E-1	+8.004309E-1
+7.151375E+9	+4.892871E-1	+8.013829E-1
+7.151390E+9	+4.897676E-1	+8.008596E-1
+7.151405E+9	+4.913329E-1	+8.012489E-1
+7.151420E+9	+4.908860E-1	+8.013674E-1
+7.151435E+9	+4.910848E-1	+8.006710E-1
+7.151450E+9	+4.917532E-1	+7.994319E-1
+7.151465E+9	+4.915993E-1	+7.998863E-1
+7.151480E+9	+4.911086E-1	+8.000710E-1
+7.151495E+9	+4.906921E-1	+8.012472E-1
+7.151510E+9	+4.918555E-1	+8.013584E-1
+7.151525E+9	+4.926227E-1	+8.003330E-1
+7.151540E+9	+4.927947E-1	+7.995345E-1
+7.151555E+9	+4.924845E-1	+7.990889E-1
+7.151570E+9	+4.917489E-1	+7.987605E-1
+7.151585E+9	+4.915452E-1	+8.001042E-1
+7.151600E+9	+4.914958E-1	+7.994163E-1
+7.151615E+9	+4.923629E-1	+7.992724E-1
+7.151630E+9	+4.930505E-1	+7.991645E-1
+7.151645E+9	+4.937830E-1	+7.991274E-1
+7.151660E+9	+4.944130E-1	+7.979500E-1
+7.151675E+9	+4.942764E-1	+7.982786E-1
+7.151690E+9	+4.944811E-1	+7.994160E-1
+7.151705E+9	+4.934100E-1	+7.990940E-1
+7.151720E+9	+4.931877E-1	+7.985978E-1
+7.151735E+9	+4.925720E-1	+7.978071E-1
+7.151750E+9	+4.932597E-1	+7.984769E-1
+7.151765E+9	+4.954578E-1	+7.981503E-1
+7.151780E+9	+4.964299E-1	+7.973062E-1
+7.151795E+9	+4.967043E-1	+7.968808E-1
+7.151810E+9	+4.939823E-1	+7.968179E-1
+7.151825E+9	+4.973205E-1	+7.963921E-1
+7.151840E+9	+4.960123E-1	+7.967155E-1
+7.151855E+9	+4.951650E-1	+7.973678E-1
+7.151870E+9	+4.961590E-1	+7.981922E-1
+7.151885E+9	+4.958415E-1	+7.979144E-1
+7.151900E+9	+4.963645E-1	+7.962018E-1
+7.151915E+9	+4.965469E-1	+7.959639E-1
+7.151930E+9	+4.972947E-1	+7.972358E-1
+7.151945E+9	+4.978823E-1	+7.957818E-1
+7.151960E+9	+4.974505E-1	+7.964914E-1
+7.151975E+9	+4.955579E-1	+7.968768E-1
+7.151990E+9	+4.975639E-1	+7.968948E-1
+7.152005E+9	+4.977157E-1	+7.965048E-1
+7.152020E+9	+4.974861E-1	+7.964240E-1
+7.152035E+9	+4.985941E-1	+7.953579E-1
+7.152050E+9	+4.991549E-1	+7.939624E-1
+7.152065E+9	+4.978260E-1	+7.948154E-1
+7.152080E+9	+4.977252E-1	+7.961391E-1
+7.152095E+9	+4.976718E-1	+7.966928E-1
+7.152110E+9	+4.977677E-1	+7.964207E-1
+7.152125E+9	+4.992308E-1	+7.942489E-1
+7.152140E+9	+4.992919E-1	+7.943261E-1
+7.152155E+9	+4.982604E-1	+7.941623E-1
+7.152170E+9	+4.989071E-1	+7.939779E-1
+7.152185E+9	+4.993445E-1	+7.930231E-1
+7.152200E+9	+4.985234E-1	+7.928528E-1
+7.152215E+9	+4.993535E-1	+7.941765E-1
+7.152230E+9	+4.998958E-1	+7.943030E-1
+7.152245E+9	+5.004368E-1	+7.942669E-1
+7.152260E+9	+4.995980E-1	+7.939974E-1
+7.152275E+9	+4.982578E-1	+7.933953E-1
+7.152290E+9	+4.995667E-1	+7.929210E-1
+7.152305E+9	+5.001178E-1	+7.946315E-1
+7.152320E+9	+5.006721E-1	+7.944200E-1
+7.152335E+9	+5.017774E-1	+7.938257E-1
+7.152350E+9	+5.027848E-1	+7.934295E-1
+7.152365E+9	+5.025134E-1	+7.927005E-1
+7.152380E+9	+5.013996E-1	+7.934413E-1
+7.152395E+9	+5.027316E-1	+7.938861E-1
+7.152410E+9	+5.030661E-1	+7.938309E-1
+7.152425E+9	+5.026819E-1	+7.936799E-1
+7.152440E+9	+5.021504E-1	+7.926312E-1
+7.152455E+9	+5.025105E-1	+7.916601E-1
+7.152470E+9	+5.028481E-1	+7.921711E-1
+7.152485E+9	+5.036488E-1	+7.925984E-1
+7.152500E+9	+5.045234E-1	+7.929242E-1
+7.152515E+9	+5.037131E-1	+7.926326E-1
+7.152530E+9	+5.035627E-1	+7.919007E-1
+7.152545E+9	+5.023459E-1	+7.910836E-1
+7.152560E+9	+5.026057E-1	+7.911023E-1
+7.152575E+9	+5.048900E-1	+7.925134E-1
+7.152590E+9	+5.042818E-1	+7.933102E-1
+7.152605E+9	+5.035289E-1	+7.928203E-1
+7.152620E+9	+5.048999E-1	+7.911112E-1
+7.152635E+9	+5.055686E-1	+7.910422E-1
+7.152650E+9	+5.055416E-1	+7.909510E-1
+7.152665E+9	+5.055500E-1	+7.909010E-1
+7.152680E+9	+5.051730E-1	+7.920122E-1
+7.152695E+9	+5.052389E-1	+7.910713E-1
+7.152710E+9	+5.058502E-1	+7.913759E-1
+7.152725E+9	+5.064841E-1	+7.905608E-1
+7.152740E+9	+5.066966E-1	+7.906599E-1
+7.152755E+9	+5.075774E-1	+7.889889E-1
+7.152770E+9	+5.082809E-1	+7.898483E-1
+7.152785E+9	+5.075829E-1	+7.905739E-1
+7.152800E+9	+5.062462E-1	+7.898797E-1
+7.152815E+9	+5.071934E-1	+7.895063E-1
+7.152830E+9	+5.073163E-1	+7.888615E-1
+7.152845E+9	+5.068948E-1	+7.883163E-1
+7.152860E+9	+5.074679E-1	+7.882198E-1
+7.152875E+9	+5.069969E-1	+7.877788E-1
+7.152890E+9	+5.078265E-1	+7.882217E-1
+7.152905E+9	+5.085548E-1	+7.894837E-1
+7.152920E+9	+5.092762E-1	+7.891352E-1
+7.152935E+9	+5.092739E-1	+7.884440E-1
+7.152950E+9	+5.096932E-1	+7.874125E-1
+7.152965E+9	+5.088177E-1	+7.877745E-1
+7.152980E+9	+5.085109E-1	+7.884983E-1
+7.152995E+9	+5.087970E-1	+7.883340E-1
+7.153010E+9	+5.092123E-1	+7.889387E-1
+7.153025E+9	+5.102920E-1	+7.884470E-1
+7.153040E+9	+5.108002E-1	+7.878372E-1
+7.153055E+9	+5.105529E-1	+7.881174E-1
+7.153070E+9	+5.102573E-1	+7.877768E-1
+7.153085E+9	+5.092517E-1	+7.875585E-1
+7.153100E+9	+5.081640E-1	+7.874943E-1
+7.153115E+9	+5.089843E-1	+7.869571E-1
+7.153130E+9	+5.096574E-1	+7.869412E-1
+7.153145E+9	+5.099709E-1	+7.861429E-1
+7.153160E+9	+5.102843E-1	+7.869338E-1
+7.153175E+9	+5.109669E-1	+7.863735E-1
+7.153190E+9	+5.113809E-1	+7.862861E-1
+7.153205E+9	+5.115589E-1	+7.860963E-1
+7.153220E+9	+5.115866E-1	+7.857340E-1
+7.153235E+9	+5.120327E-1	+7.864155E-1
+7.153250E+9	+5.115607E-1	+7.865099E-1
+7.153265E+9	+5.121077E-1	+7.860875E-1
+7.153280E+9	+5.126643E-1	+7.852720E-1
+7.153295E+9	+5.128229E-1	+7.844199E-1
+7.153310E+9	+5.133785E-1	+7.850923E-1
+7.153325E+9	+5.117681E-1	+7.862183E-1
+7.153340E+9	+5.123064E-1	+7.869328E-1
+7.153355E+9	+5.129154E-1	+7.866621E-1
+7.153370E+9	+5.132097E-1	+7.854343E-1
+7.153385E+9	+5.117827E-1	+7.852206E-1
+7.153400E+9	+5.127767E-1	+7.864841E-1
+7.153415E+9	+5.129458E-1	+7.845119E-1
+7.153430E+9	+5.136323E-1	+7.833395E-1
+7.153445E+9	+5.136290E-1	+7.833885E-1
+7.153460E+9	+5.155515E-1	+7.851327E-1
+7.153475E+9	+5.146918E-1	+7.861016E-1
+7.153490E+9	+5.152550E-1	+7.855926E-1
+7.153505E+9	+5.148534E-1	+7.857006E-1
+7.153520E+9	+5.143645E-1	+7.853298E-1
+7.153535E+9	+5.152529E-1	+7.850325E-1
+7.153550E+9	+5.163187E-1	+7.849868E-1
+7.153565E+9	+5.174462E-1	+7.829148E-1
+7.153580E+9	+5.159632E-1	+7.815721E-1
+7.153595E+9	+5.149957E-1	+7.835295E-1
+7.153610E+9	+5.153346E-1	+7.849207E-1
+7.153625E+9	+5.163196E-1	+7.837582E-1
+7.153640E+9	+5.162265E-1	+7.828984E-1
+7.153655E+9	+5.164874E-1	+7.818538E-1
+7.153670E+9	+5.166600E-1	+7.820743E-1
+7.153685E+9	+5.171891E-1	+7.824355E-1
+7.153700E+9	+5.166833E-1	+7.825273E-1
+7.153715E+9	+5.178746E-1	+7.828781E-1
+7.153730E+9	+5.190195E-1	+7.825656E-1
+7.153745E+9	+5.184844E-1	+7.813267E-1
+7.153760E+9	+5.181537E-1	+7.811778E-1
+7.153775E+9	+5.165077E-1	+7.811415E-1
+7.153790E+9	+5.174673E-1	+7.812095E-1
+7.153805E+9	+5.184242E-1	+7.823209E-1
+7.153820E+9	+5.181588E-1	+7.816880E-1
+7.153835E+9	+5.180756E-1	+7.804627E-1
+7.153850E+9	+5.192910E-1	+7.810821E-1
+7.153865E+9	+5.190151E-1	+7.808966E-1
+7.153880E+9	+5.187604E-1	+7.805625E-1
+7.153895E+9	+5.191576E-1	+7.804575E-1
+7.153910E+9	+5.197308E-1	+7.798759E-1
+7.153925E+9	+5.206218E-1	+7.806207E-1
+7.153940E+9	+5.212748E-1	+7.805002E-1
+7.153955E+9	+5.210983E-1	+7.807877E-1
+7.153970E+9	+5.218993E-1	+7.796191E-1
+7.153985E+9	+5.201489E-1	+7.796555E-1
+7.154000E+9	+5.207439E-1	+7.792677E-1
+7.154015E+9	+5.205367E-1	+7.795181E-1
+7.154030E+9	+5.203899E-1	+7.789405E-1
+7.154045E+9	+5.205212E-1	+7.782899E-1
+7.154060E+9	+5.208069E-1	+7.786230E-1
+7.154075E+9	+5.211810E-1	+7.785344E-1
+7.154090E+9	+5.217480E-1	+7.790289E-1
+7.154105E+9	+5.223163E-1	+7.792719E-1
+7.154120E+9	+5.238830E-1	+7.789316E-1
+7.154135E+9	+5.235506E-1	+7.778237E-1
+7.154150E+9	+5.217380E-1	+7.789288E-1
+7.154165E+9	+5.226780E-1	+7.785081E-1
+7.154180E+9	+5.235553E-1	+7.778005E-1
+7.154195E+9	+5.236663E-1	+7.767390E-1
+7.154210E+9	+5.234242E-1	+7.760733E-1
+7.154225E+9	+5.217381E-1	+7.768413E-1
+7.154240E+9	+5.217513E-1	+7.771378E-1
+7.154255E+9	+5.238454E-1	+7.785063E-1
+7.154270E+9	+5.244998E-1	+7.775053E-1
+7.154285E+9	+5.240791E-1	+7.766520E-1
+7.154300E+9	+5.238830E-1	+7.765432E-1
+7.154315E+9	+5.245880E-1	+7.766120E-1
+7.154330E+9	+5.254127E-1	+7.767475E-1
+7.154345E+9	+5.251496E-1	+7.773135E-1
+7.154360E+9	+5.249771E-1	+7.773159E-1
+7.154375E+9	+5.245350E-1	+7.753851E-1
+7.154390E+9	+5.248974E-1	+7.756831E-1
+7.154405E+9	+5.247586E-1	+7.763048E-1
+7.154420E+9	+5.250275E-1	+7.760159E-1
+7.154435E+9	+5.257389E-1	+7.757189E-1
+7.154450E+9	+5.255016E-1	+7.751989E-1
+7.154465E+9	+5.260369E-1	+7.754850E-1
+7.154480E+9	+5.271745E-1	+7.757204E-1
+7.154495E+9	+5.278968E-1	+7.759624E-1
+7.154510E+9	+5.272643E-1	+7.758604E-1
+7.154525E+9	+5.276287E-1	+7.736668E-1
+7.154540E+9	+5.277745E-1	+7.739644E-1
+7.154555E+9	+5.278187E-1	+7.742687E-1
+7.154570E+9	+5.284798E-1	+7.745628E-1
+7.154585E+9	+5.286498E-1	+7.739679E-1
+7.154600E+9	+5.291304E-1	+7.730530E-1
+7.154615E+9	+5.289544E-1	+7.733357E-1
+7.154630E+9	+5.285510E-1	+7.730594E-1
+7.154645E+9	+5.278714E-1	+7.728876E-1
+7.154660E+9	+5.281307E-1	+7.733012E-1
+7.154675E+9	+5.288089E-1	+7.727003E-1
+7.154690E+9	+5.290202E-1	+7.725857E-1
+7.154705E+9	+5.270154E-1	+7.735627E-1
+7.154720E+9	+5.283095E-1	+7.722559E-1
+7.154735E+9	+5.287057E-1	+7.729163E-1
+7.154750E+9	+5.294503E-1	+7.743856E-1
+7.154765E+9	+5.294171E-1	+7.737216E-1
+7.154780E+9	+5.293579E-1	+7.732994E-1
+7.154795E+9	+5.302095E-1	+7.720772E-1
+7.154810E+9	+5.305506E-1	+7.722983E-1
+7.154825E+9	+5.307800E-1	+7.734292E-1
+7.154840E+9	+5.308884E-1	+7.728278E-1
+7.154855E+9	+5.299619E-1	+7.711712E-1
+7.154870E+9	+5.304076E-1	+7.711881E-1
+7.154885E+9	+5.308038E-1	+7.708829E-1
+7.154900E+9	+5.333479E-1	+7.710722E-1
+7.154915E+9	+5.341785E-1	+7.717871E-1
+7.154930E+9	+5.332443E-1	+7.732491E-1
+7.154945E+9	+5.326413E-1	+7.724211E-1
+7.154960E+9	+5.322226E-1	+7.704924E-1
+7.154975E+9	+5.333916E-1	+7.694507E-1
+7.154990E+9	+5.332132E-1	+7.711511E-1
+7.155005E+9	+5.326203E-1	+7.718514E-1
+7.155020E+9	+5.333834E-1	+7.706603E-1
+7.155035E+9	+5.341782E-1	+7.701582E-1
+7.155050E+9	+5.342668E-1	+7.706153E-1
+7.155065E+9	+5.344586E-1	+7.701751E-1
+7.155080E+9	+5.346581E-1	+7.697902E-1
+7.155095E+9	+5.349802E-1	+7.695748E-1
+7.155110E+9	+5.343646E-1	+7.691565E-1
+7.155125E+9	+5.347127E-1	+7.703091E-1
+7.155140E+9	+5.355076E-1	+7.695044E-1
+7.155155E+9	+5.362484E-1	+7.684753E-1
+7.155170E+9	+5.370851E-1	+7.678266E-1
+7.155185E+9	+5.364094E-1	+7.685692E-1
+7.155200E+9	+5.365811E-1	+7.689571E-1
+7.155215E+9	+5.358111E-1	+7.684539E-1
+7.155230E+9	+5.355106E-1	+7.674196E-1
+7.155245E+9	+5.355738E-1	+7.674450E-1
+7.155260E+9	+5.375274E-1	+7.679408E-1
+7.155275E+9	+5.379906E-1	+7.673439E-1
+7.155290E+9	+5.375079E-1	+7.682323E-1
+7.155305E+9	+5.355560E-1	+7.689979E-1
+7.155320E+9	+5.367143E-1	+7.684474E-1
+7.155335E+9	+5.376837E-1	+7.681824E-1
+7.155350E+9	+5.373867E-1	+7.678829E-1
+7.155365E+9	+5.371666E-1	+7.670956E-1
+7.155380E+9	+5.374545E-1	+7.672838E-1
+7.155395E+9	+5.377087E-1	+7.674073E-1
+7.155410E+9	+5.377185E-1	+7.676158E-1
+7.155425E+9	+5.380738E-1	+7.670482E-1
+7.155440E+9	+5.397346E-1	+7.668578E-1
+7.155455E+9	+5.392715E-1	+7.666504E-1
+7.155470E+9	+5.385318E-1	+7.657748E-1
+7.155485E+9	+5.379875E-1	+7.659169E-1
+7.155500E+9	+5.382293E-1	+7.664638E-1
+7.155515E+9	+5.401804E-1	+7.658906E-1
+7.155530E+9	+5.406173E-1	+7.654168E-1
+7.155545E+9	+5.399617E-1	+7.650715E-1
+7.155560E+9	+5.395292E-1	+7.652745E-1
+7.155575E+9	+5.397351E-1	+7.658359E-1
+7.155590E+9	+5.399346E-1	+7.652332E-1
+7.155605E+9	+5.409123E-1	+7.654136E-1
+7.155620E+9	+5.405849E-1	+7.656679E-1
+7.155635E+9	+5.401920E-1	+7.647460E-1
+7.155650E+9	+5.402312E-1	+7.639444E-1
+7.155665E+9	+5.406496E-1	+7.625878E-1
+7.155680E+9	+5.417907E-1	+7.622032E-1
+7.155695E+9	+5.423237E-1	+7.617693E-1
+7.155710E+9	+5.427615E-1	+7.637882E-1
+7.155725E+9	+5.424866E-1	+7.633673E-1
+7.155740E+9	+5.423024E-1	+7.628441E-1
+7.155755E+9	+5.426515E-1	+7.624805E-1
+7.155770E+9	+5.431003E-1	+7.631074E-1
+7.155785E+9	+5.430665E-1	+7.631722E-1
+7.155800E+9	+5.435683E-1	+7.639048E-1
+7.155815E+9	+5.440060E-1	+7.633864E-1
+7.155830E+9	+5.437545E-1	+7.632789E-1
+7.155845E+9	+5.433374E-1	+7.623469E-1
+7.155860E+9	+5.434405E-1	+7.618331E-1
+7.155875E+9	+5.431317E-1	+7.611330E-1
+7.155890E+9	+5.437022E-1	+7.622267E-1
+7.155905E+9	+5.447227E-1	+7.629748E-1
+7.155920E+9	+5.456556E-1	+7.627197E-1
+7.155935E+9	+5.456206E-1	+7.621008E-1
+7.155950E+9	+5.437222E-1	+7.615840E-1
+7.155965E+9	+5.440155E-1	+7.600867E-1
+7.155980E+9	+5.444163E-1	+7.592688E-1
+7.155995E+9	+5.451355E-1	+7.597383E-1
+7.156010E+9	+5.459782E-1	+7.608540E-1
+7.156025E+9	+5.463522E-1	+7.604020E-1
+7.156040E+9	+5.458966E-1	+7.611578E-1
+7.156055E+9	+5.452498E-1	+7.606722E-1
+7.156070E+9	+5.456999E-1	+7.597697E-1
+7.156085E+9	+5.464204E-1	+7.595478E-1
+7.156100E+9	+5.470623E-1	+7.598853E-1
+7.156115E+9	+5.477072E-1	+7.586314E-1
+7.156130E+9	+5.478811E-1	+7.584595E-1
+7.156145E+9	+5.474932E-1	+7.591723E-1
+7.156160E+9	+5.470207E-1	+7.591749E-1
+7.156175E+9	+5.472728E-1	+7.585190E-1
+7.156190E+9	+5.489380E-1	+7.582980E-1
+7.156205E+9	+5.486303E-1	+7.583803E-1
+7.156220E+9	+5.488066E-1	+7.581913E-1
+7.156235E+9	+5.482426E-1	+7.584882E-1
+7.156250E+9	+5.486720E-1	+7.590353E-1
+7.156265E+9	+5.499350E-1	+7.581870E-1
+7.156280E+9	+5.499789E-1	+7.575358E-1
+7.156295E+9	+5.501759E-1	+7.569438E-1
+7.156310E+9	+5.498972E-1	+7.580892E-1
+7.156325E+9	+5.499580E-1	+7.575084E-1
+7.156340E+9	+5.501584E-1	+7.563514E-1
+7.156355E+9	+5.499884E-1	+7.560855E-1
+7.156370E+9	+5.493421E-1	+7.574499E-1
+7.156385E+9	+5.507858E-1	+7.570668E-1
+7.156400E+9	+5.521724E-1	+7.567425E-1
+7.156415E+9	+5.523053E-1	+7.560609E-1
+7.156430E+9	+5.505801E-1	+7.562363E-1
+7.156445E+9	+5.512021E-1	+7.556346E-1
+7.156460E+9	+5.506661E-1	+7.545520E-1
+7.156475E+9	+5.513343E-1	+7.552529E-1
+7.156490E+9	+5.515157E-1	+7.551305E-1
+7.156505E+9	+5.516648E-1	+7.548324E-1
+7.156520E+9	+5.517564E-1	+7.547337E-1
+7.156535E+9	+5.523282E-1	+7.561327E-1
+7.156550E+9	+5.519746E-1	+7.547800E-1
+7.156565E+9	+5.523928E-1	+7.545286E-1
+7.156580E+9	+5.525993E-1	+7.542823E-1
+7.156595E+9	+5.523710E-1	+7.541573E-1
+7.156610E+9	+5.531678E-1	+7.542244E-1
+7.156625E+9	+5.537424E-1	+7.551952E-1
+7.156640E+9	+5.531008E-1	+7.541697E-1
+7.156655E+9	+5.533568E-1	+7.534561E-1
+7.156670E+9	+5.538919E-1	+7.535186E-1
+7.156685E+9	+5.539581E-1	+7.531438E-1
+7.156700E+9	+5.531701E-1	+7.528522E-1
+7.156715E+9	+5.536991E-1	+7.526473E-1
+7.156730E+9	+5.543132E-1	+7.534608E-1
+7.156745E+9	+5.546329E-1	+7.532375E-1
+7.156760E+9	+5.555697E-1	+7.531351E-1
+7.156775E+9	+5.563514E-1	+7.528064E-1
+7.156790E+9	+5.558383E-1	+7.521945E-1
+7.156805E+9	+5.558163E-1	+7.523053E-1
+7.156820E+9	+5.563226E-1	+7.518294E-1
+7.156835E+9	+5.563878E-1	+7.516788E-1
+7.156850E+9	+5.556018E-1	+7.520340E-1
+7.156865E+9	+5.561009E-1	+7.518880E-1
+7.156880E+9	+5.567378E-1	+7.511515E-1
+7.156895E+9	+5.578594E-1	+7.515565E-1
+7.156910E+9	+5.577474E-1	+7.509644E-1
+7.156925E+9	+5.573331E-1	+7.510198E-1
+7.156940E+9	+5.579979E-1	+7.510114E-1
+7.156955E+9	+5.579327E-1	+7.503580E-1
+7.156970E+9	+5.576253E-1	+7.500329E-1
+7.156985E+9	+5.578111E-1	+7.502056E-1
+7.157000E+9	+5.587652E-1	+7.514363E-1
+7.157015E+9	+5.586205E-1	+7.504357E-1
+7.157030E+9	+5.587520E-1	+7.502447E-1
+7.157045E+9	+5.588473E-1	+7.495642E-1
+7.157060E+9	+5.578712E-1	+7.504085E-1
+7.157075E+9	+5.580322E-1	+7.503669E-1
+7.157090E+9	+5.593943E-1	+7.499097E-1
+7.157105E+9	+5.596682E-1	+7.501276E-1
+7.157120E+9	+5.597616E-1	+7.501469E-1
+7.157135E+9	+5.602397E-1	+7.501490E-1
+7.157150E+9	+5.600287E-1	+7.483465E-1
+7.157165E+9	+5.601475E-1	+7.483911E-1
+7.157180E+9	+5.602115E-1	+7.490914E-1
+7.157195E+9	+5.596320E-1	+7.486850E-1
+7.157210E+9	+5.599471E-1	+7.481978E-1
+7.157225E+9	+5.600957E-1	+7.478836E-1
+7.157240E+9	+5.600430E-1	+7.479798E-1
+7.157255E+9	+5.600835E-1	+7.472441E-1
+7.157270E+9	+5.613983E-1	+7.473354E-1
+7.157285E+9	+5.623616E-1	+7.476594E-1
+7.157300E+9	+5.621058E-1	+7.475622E-1
+7.157315E+9	+5.615211E-1	+7.470838E-1
+7.157330E+9	+5.616542E-1	+7.464475E-1
+7.157345E+9	+5.624752E-1	+7.456466E-1
+7.157360E+9	+5.637007E-1	+7.457175E-1
+7.157375E+9	+5.633519E-1	+7.466970E-1
+7.157390E+9	+5.640118E-1	+7.455764E-1
+7.157405E+9	+5.632953E-1	+7.454765E-1
+7.157420E+9	+5.635389E-1	+7.452264E-1
+7.157435E+9	+5.640063E-1	+7.450560E-1
+7.157450E+9	+5.643394E-1	+7.456328E-1
+7.157465E+9	+5.650778E-1	+7.446974E-1
+7.157480E+9	+5.662814E-1	+7.458762E-1
+7.157495E+9	+5.658083E-1	+7.463310E-1
+7.157510E+9	+5.643623E-1	+7.456319E-1
+7.157525E+9	+5.643184E-1	+7.444476E-1
+7.157540E+9	+5.657679E-1	+7.431781E-1
+7.157555E+9	+5.664400E-1	+7.430015E-1
+7.157570E+9	+5.662745E-1	+7.431952E-1
+7.157585E+9	+5.660260E-1	+7.435202E-1
+7.157600E+9	+5.655543E-1	+7.440218E-1
+7.157615E+9	+5.650021E-1	+7.433835E-1
+7.157630E+9	+5.650841E-1	+7.430136E-1
+7.157645E+9	+5.655813E-1	+7.428019E-1
+7.157660E+9	+5.668570E-1	+7.423434E-1
+7.157675E+9	+5.671700E-1	+7.414182E-1
+7.157690E+9	+5.674594E-1	+7.415615E-1
+7.157705E+9	+5.676750E-1	+7.420213E-1
+7.157720E+9	+5.681402E-1	+7.422094E-1
+7.157735E+9	+5.674451E-1	+7.420946E-1
+7.157750E+9	+5.663239E-1	+7.417890E-1
+7.157765E+9	+5.676716E-1	+7.414521E-1
+7.157780E+9	+5.683077E-1	+7.414551E-1
+7.157795E+9	+5.698479E-1	+7.410774E-1
+7.157810E+9	+5.701400E-1	+7.395976E-1
+7.157825E+9	+5.698689E-1	+7.397910E-1
+7.157840E+9	+5.711502E-1	+7.406114E-1
+7.157855E+9	+5.705353E-1	+7.413689E-1
+7.157870E+9	+5.701729E-1	+7.402497E-1
+7.157885E+9	+5.693546E-1	+7.395571E-1
+7.157900E+9	+5.700168E-1	+7.388494E-1
+7.157915E+9	+5.690531E-1	+7.394637E-1
+7.157930E+9	+5.697388E-1	+7.397396E-1
+7.157945E+9	+5.715158E-1	+7.391608E-1
+7.157960E+9	+5.722320E-1	+7.390985E-1
+7.157975E+9	+5.716576E-1	+7.386589E-1
+7.157990E+9	+5.709651E-1	+7.381320E-1
+7.158005E+9	+5.706408E-1	+7.381393E-1
+7.158020E+9	+5.713770E-1	+7.392393E-1
+7.158035E+9	+5.724447E-1	+7.391352E-1
+7.158050E+9	+5.720323E-1	+7.386415E-1
+7.158065E+9	+5.715968E-1	+7.378441E-1
+7.158080E+9	+5.714095E-1	+7.374335E-1
+7.158095E+9	+5.717691E-1	+7.373247E-1
+7.158110E+9	+5.723540E-1	+7.374682E-1
+7.158125E+9	+5.736576E-1	+7.354936E-1
+7.158140E+9	+5.737399E-1	+7.358550E-1
+7.158155E+9	+5.740333E-1	+7.375467E-1
+7.158170E+9	+5.754162E-1	+7.362688E-1
+7.158185E+9	+5.753430E-1	+7.355283E-1
+7.158200E+9	+5.742822E-1	+7.346833E-1
+7.158215E+9	+5.743372E-1	+7.348979E-1
+7.158230E+9	+5.743292E-1	+7.363309E-1
+7.158245E+9	+5.741557E-1	+7.366212E-1
+7.158260E+9	+5.751663E-1	+7.357249E-1
+7.158275E+9	+5.762791E-1	+7.355009E-1
+7.158290E+9	+5.769899E-1	+7.356051E-1
+7.158305E+9	+5.771932E-1	+7.355299E-1
+7.158320E+9	+5.773705E-1	+7.350005E-1
+7.158335E+9	+5.770589E-1	+7.355048E-1
+7.158350E+9	+5.759331E-1	+7.363303E-1
+7.158365E+9	+5.753732E-1	+7.357074E-1
+7.158380E+9	+5.767271E-1	+7.337556E-1
+7.158395E+9	+5.761787E-1	+7.344964E-1
+7.158410E+9	+5.760992E-1	+7.341305E-1
+7.158425E+9	+5.763864E-1	+7.346333E-1
+7.158440E+9	+5.779071E-1	+7.337944E-1
+7.158455E+9	+5.780276E-1	+7.332085E-1
+7.158470E+9	+5.785262E-1	+7.330387E-1
+7.158485E+9	+5.779414E-1	+7.334199E-1
+7.158500E+9	+5.769876E-1	+7.338441E-1
+7.158515E+9	+5.782143E-1	+7.331775E-1
+7.158530E+9	+5.791409E-1	+7.315527E-1
+7.158545E+9	+5.792814E-1	+7.328622E-1
+7.158560E+9	+5.794594E-1	+7.331816E-1
+7.158575E+9	+5.776730E-1	+7.317406E-1
+7.158590E+9	+5.784827E-1	+7.310888E-1
+7.158605E+9	+5.791673E-1	+7.310354E-1
+7.158620E+9	+5.796290E-1	+7.311062E-1
+7.158635E+9	+5.795587E-1	+7.307159E-1
+7.158650E+9	+5.798028E-1	+7.298345E-1
+7.158665E+9	+5.807963E-1	+7.306836E-1
+7.158680E+9	+5.819923E-1	+7.304015E-1
+7.158695E+9	+5.810733E-1	+7.301833E-1
+7.158710E+9	+5.810475E-1	+7.301578E-1
+7.158725E+9	+5.824311E-1	+7.300885E-1
+7.158740E+9	+5.823139E-1	+7.297912E-1
+7.158755E+9	+5.820147E-1	+7.294392E-1
+7.158770E+9	+5.814617E-1	+7.292232E-1
+7.158785E+9	+5.810475E-1	+7.284805E-1
+7.158800E+9	+5.810184E-1	+7.280794E-1
+7.158815E+9	+5.818638E-1	+7.280039E-1
+7.158830E+9	+5.820695E-1	+7.286547E-1
+7.158845E+9	+5.822873E-1	+7.282574E-1
+7.158860E+9	+5.841712E-1	+7.280334E-1
+7.158875E+9	+5.840239E-1	+7.272874E-1
+7.158890E+9	+5.844403E-1	+7.276181E-1
+7.158905E+9	+5.841879E-1	+7.274268E-1
+7.158920E+9	+5.838727E-1	+7.269905E-1
+7.158935E+9	+5.834750E-1	+7.265187E-1
+7.158950E+9	+5.826460E-1	+7.264872E-1
+7.158965E+9	+5.842145E-1	+7.272007E-1
+7.158980E+9	+5.855969E-1	+7.273533E-1
+7.158995E+9	+5.859374E-1	+7.262839E-1
+7.159010E+9	+5.861220E-1	+7.256704E-1
+7.159025E+9	+5.860827E-1	+7.245397E-1
+7.159040E+9	+5.860088E-1	+7.239977E-1
+7.159055E+9	+5.859689E-1	+7.238824E-1
+7.159070E+9	+5.860777E-1	+7.240225E-1
+7.159085E+9	+5.866493E-1	+7.242790E-1
+7.159100E+9	+5.861443E-1	+7.259440E-1
+7.159115E+9	+5.875763E-1	+7.254954E-1
+7.159130E+9	+5.876307E-1	+7.233475E-1
+7.159145E+9	+5.872574E-1	+7.232654E-1
+7.159160E+9	+5.863618E-1	+7.232109E-1
+7.159175E+9	+5.872345E-1	+7.228005E-1
+7.159190E+9	+5.877761E-1	+7.225678E-1
+7.159205E+9	+5.884094E-1	+7.225098E-1
+7.159220E+9	+5.879277E-1	+7.229293E-1
+7.159235E+9	+5.886611E-1	+7.234958E-1
+7.159250E+9	+5.890567E-1	+7.227573E-1
+7.159265E+9	+5.888651E-1	+7.217162E-1
+7.159280E+9	+5.890069E-1	+7.214057E-1
+7.159295E+9	+5.890891E-1	+7.215647E-1
+7.159310E+9	+5.896513E-1	+7.218475E-1
+7.159325E+9	+5.895606E-1	+7.202321E-1
+7.159340E+9	+5.899072E-1	+7.205397E-1
+7.159355E+9	+5.894866E-1	+7.206525E-1
+7.159370E+9	+5.901166E-1	+7.203526E-1
+7.159385E+9	+5.909993E-1	+7.203426E-1
+7.159400E+9	+5.915833E-1	+7.206592E-1
+7.159415E+9	+5.913711E-1	+7.207494E-1
+7.159430E+9	+5.914447E-1	+7.209647E-1
+7.159445E+9	+5.917315E-1	+7.200533E-1
+7.159460E+9	+5.926030E-1	+7.202253E-1
+7.159475E+9	+5.928366E-1	+7.205378E-1
+7.159490E+9	+5.922817E-1	+7.194534E-1
+7.159505E+9	+5.927808E-1	+7.182675E-1
+7.159520E+9	+5.929539E-1	+7.176052E-1
+7.159535E+9	+5.932465E-1	+7.175154E-1
+7.159550E+9	+5.940459E-1	+7.192781E-1
+7.159565E+9	+5.944388E-1	+7.188064E-1
+7.159580E+9	+5.938363E-1	+7.174895E-1
+7.159595E+9	+5.940092E-1	+7.170579E-1
+7.159610E+9	+5.944530E-1	+7.174855E-1
+7.159625E+9	+5.926280E-1	+7.171094E-1
+7.159640E+9	+5.932715E-1	+7.169828E-1
+7.159655E+9	+5.953488E-1	+7.175216E-1
+7.159670E+9	+5.961149E-1	+7.177580E-1
+7.159685E+9	+5.958034E-1	+7.163778E-1
+7.159700E+9	+5.958576E-1	+7.160203E-1
+7.159715E+9	+5.955135E-1	+7.163709E-1
+7.159730E+9	+5.950473E-1	+7.157947E-1
+7.159745E+9	+5.953957E-1	+7.152007E-1
+7.159760E+9	+5.961420E-1	+7.145816E-1
+7.159775E+9	+5.967036E-1	+7.153951E-1
+7.159790E+9	+5.966602E-1	+7.153357E-1
+7.159805E+9	+5.963375E-1	+7.151803E-1
+7.159820E+9	+5.965197E-1	+7.147402E-1
+7.159835E+9	+5.958024E-1	+7.150733E-1
+7.159850E+9	+5.971051E-1	+7.147147E-1
+7.159865E+9	+5.974168E-1	+7.136476E-1
+7.159880E+9	+5.979518E-1	+7.131952E-1
+7.159895E+9	+5.986462E-1	+7.123709E-1
+7.159910E+9	+5.997787E-1	+7.129435E-1
+7.159925E+9	+5.984999E-1	+7.137882E-1
+7.159940E+9	+5.985964E-1	+7.137693E-1
+7.159955E+9	+5.984211E-1	+7.125368E-1
+7.159970E+9	+5.993794E-1	+7.122685E-1
+7.159985E+9	+5.997609E-1	+7.123096E-1
+7.160000E+9	+5.994673E-1	+7.116063E-1
+7.160015E+9	+6.000325E-1	+7.116165E-1
+7.160030E+9	+6.005166E-1	+7.110813E-1
+7.160045E+9	+6.007555E-1	+7.108070E-1
+7.160060E+9	+6.013674E-1	+7.108546E-1
+7.160075E+9	+6.017727E-1	+7.112818E-1
+7.160090E+9	+6.010593E-1	+7.112156E-1
+7.160105E+9	+6.008842E-1	+7.100654E-1
+7.160120E+9	+6.015177E-1	+7.093557E-1
+7.160135E+9	+6.003979E-1	+7.090502E-1
+7.160150E+9	+6.019485E-1	+7.094898E-1
+7.160165E+9	+6.022769E-1	+7.091797E-1
+7.160180E+9	+6.026422E-1	+7.096156E-1
+7.160195E+9	+6.030198E-1	+7.088168E-1
+7.160210E+9	+6.030816E-1	+7.078820E-1
+7.160225E+9	+6.026464E-1	+7.080425E-1
+7.160240E+9	+6.027984E-1	+7.078985E-1
+7.160255E+9	+6.027006E-1	+7.079184E-1
+7.160270E+9	+6.026783E-1	+7.073803E-1
+7.160285E+9	+6.035228E-1	+7.079929E-1
+7.160300E+9	+6.047893E-1	+7.090674E-1
+7.160315E+9	+6.043731E-1	+7.070406E-1
+7.160330E+9	+6.030374E-1	+7.066149E-1
+7.160345E+9	+6.033287E-1	+7.063712E-1
+7.160360E+9	+6.043924E-1	+7.058075E-1
+7.160375E+9	+6.044593E-1	+7.056215E-1
+7.160390E+9	+6.053676E-1	+7.053631E-1
+7.160405E+9	+6.053289E-1	+7.051723E-1
+7.160420E+9	+6.054121E-1	+7.048861E-1
+7.160435E+9	+6.062674E-1	+7.053931E-1
+7.160450E+9	+6.068300E-1	+7.044059E-1
+7.160465E+9	+6.065811E-1	+7.039317E-1
+7.160480E+9	+6.067439E-1	+7.051164E-1
+7.160495E+9	+6.066463E-1	+7.055752E-1
+7.160510E+9	+6.071260E-1	+7.055703E-1
+7.160525E+9	+6.075738E-1	+7.039531E-1
+7.160540E+9	+6.079300E-1	+7.036437E-1
+7.160555E+9	+6.083108E-1	+7.032773E-1
+7.160570E+9	+6.087212E-1	+7.027774E-1
+7.160585E+9	+6.091856E-1	+7.023894E-1
+7.160600E+9	+6.097699E-1	+7.021232E-1
+7.160615E+9	+6.097177E-1	+7.009608E-1
+7.160630E+9	+6.095626E-1	+7.009717E-1
+7.160645E+9	+6.093709E-1	+7.006876E-1
+7.160660E+9	+6.089477E-1	+7.021574E-1
+7.160675E+9	+6.090575E-1	+7.021841E-1
+7.160690E+9	+6.094200E-1	+7.014142E-1
+7.160705E+9	+6.101777E-1	+7.008968E-1
+7.160720E+9	+6.109981E-1	+7.005822E-1
+7.160735E+9	+6.104183E-1	+7.002469E-1
+7.160750E+9	+6.086670E-1	+7.004416E-1
+7.160765E+9	+6.097880E-1	+7.000868E-1
+7.160780E+9	+6.110711E-1	+6.995586E-1
+7.160795E+9	+6.111390E-1	+6.983203E-1
+7.160810E+9	+6.111118E-1	+6.980184E-1
+7.160825E+9	+6.115180E-1	+6.987744E-1
+7.160840E+9	+6.119772E-1	+6.984890E-1
+7.160855E+9	+6.125442E-1	+6.982241E-1
+7.160870E+9	+6.134400E-1	+6.981749E-1
+7.160885E+9	+6.132673E-1	+6.980442E-1
+7.160900E+9	+6.136787E-1	+6.976120E-1
+7.160915E+9	+6.140211E-1	+6.979763E-1
+7.160930E+9	+6.147382E-1	+6.980693E-1
+7.160945E+9	+6.147184E-1	+6.986017E-1
+7.160960E+9	+6.137695E-1	+6.980352E-1
+7.160975E+9	+6.131769E-1	+6.971380E-1
+7.160990E+9	+6.134282E-1	+6.957303E-1
+7.161005E+9	+6.139939E-1	+6.957380E-1
+7.161020E+9	+6.148418E-1	+6.967155E-1
+7.161035E+9	+6.147882E-1	+6.956435E-1
+7.161050E+9	+6.148266E-1	+6.956717E-1
+7.161065E+9	+6.153755E-1	+6.948286E-1
+7.161080E+9	+6.147704E-1	+6.952956E-1
+7.161095E+9	+6.162118E-1	+6.946768E-1
+7.161110E+9	+6.172421E-1	+6.942612E-1
+7.161125E+9	+6.176640E-1	+6.942419E-1
+7.161140E+9	+6.170498E-1	+6.931982E-1
+7.161155E+9	+6.165722E-1	+6.925935E-1
+7.161170E+9	+6.168188E-1	+6.916915E-1
+7.161185E+9	+6.173512E-1	+6.919172E-1
+7.161200E+9	+6.171846E-1	+6.920982E-1
+7.161215E+9	+6.178451E-1	+6.921572E-1
+7.161230E+9	+6.180894E-1	+6.917192E-1
+7.161245E+9	+6.174864E-1	+6.912575E-1
+7.161260E+9	+6.172399E-1	+6.917857E-1
+7.161275E+9	+6.189347E-1	+6.929668E-1
+7.161290E+9	+6.192572E-1	+6.926956E-1
+7.161305E+9	+6.195449E-1	+6.916610E-1
+7.161320E+9	+6.192888E-1	+6.905167E-1
+7.161335E+9	+6.189531E-1	+6.903140E-1
+7.161350E+9	+6.181347E-1	+6.899716E-1
+7.161365E+9	+6.184675E-1	+6.894776E-1
+7.161380E+9	+6.203965E-1	+6.897025E-1
+7.161395E+9	+6.203273E-1	+6.900074E-1
+7.161410E+9	+6.194542E-1	+6.897242E-1
+7.161425E+9	+6.209031E-1	+6.880473E-1
+7.161440E+9	+6.215678E-1	+6.876461E-1
+7.161455E+9	+6.213517E-1	+6.882392E-1
+7.161470E+9	+6.213899E-1	+6.875941E-1
+7.161485E+9	+6.223164E-1	+6.869021E-1
+7.161500E+9	+6.221645E-1	+6.884775E-1
+7.161515E+9	+6.220502E-1	+6.868031E-1
+7.161530E+9	+6.225430E-1	+6.865810E-1
+7.161545E+9	+6.232089E-1	+6.864211E-1
+7.161560E+9	+6.236167E-1	+6.863698E-1
+7.161575E+9	+6.229878E-1	+6.857443E-1
+7.161590E+9	+6.232074E-1	+6.851029E-1
+7.161605E+9	+6.235127E-1	+6.848218E-1
+7.161620E+9	+6.236631E-1	+6.851782E-1
+7.161635E+9	+6.238945E-1	+6.848279E-1
+7.161650E+9	+6.237134E-1	+6.841472E-1
+7.161665E+9	+6.236584E-1	+6.840485E-1
+7.161680E+9	+6.239420E-1	+6.845016E-1
+7.161695E+9	+6.240393E-1	+6.836870E-1
+7.161710E+9	+6.240987E-1	+6.832175E-1
+7.161725E+9	+6.239064E-1	+6.832812E-1
+7.161740E+9	+6.244595E-1	+6.819287E-1
+7.161755E+9	+6.255566E-1	+6.815553E-1
+7.161770E+9	+6.262212E-1	+6.814476E-1
+7.161785E+9	+6.263744E-1	+6.819971E-1
+7.161800E+9	+6.259714E-1	+6.817096E-1
+7.161815E+9	+6.262092E-1	+6.812931E-1
+7.161830E+9	+6.262254E-1	+6.810765E-1
+7.161845E+9	+6.269001E-1	+6.807037E-1
+7.161860E+9	+6.271255E-1	+6.798821E-1
+7.161875E+9	+6.273854E-1	+6.802216E-1
+7.161890E+9	+6.284213E-1	+6.802864E-1
+7.161905E+9	+6.288180E-1	+6.799302E-1
+7.161920E+9	+6.284027E-1	+6.797992E-1
+7.161935E+9	+6.285864E-1	+6.800112E-1
+7.161950E+9	+6.288132E-1	+6.795070E-1
+7.161965E+9	+6.286612E-1	+6.787039E-1
+7.161980E+9	+6.285531E-1	+6.784344E-1
+7.161995E+9	+6.295488E-1	+6.788201E-1
+7.162010E+9	+6.299341E-1	+6.777609E-1
+7.162025E+9	+6.295833E-1	+6.759308E-1
+7.162040E+9	+6.299692E-1	+6.769585E-1
+7.162055E+9	+6.305605E-1	+6.769500E-1
+7.162070E+9	+6.307543E-1	+6.759677E-1
+7.162085E+9	+6.309931E-1	+6.754124E-1
+7.162100E+9	+6.318642E-1	+6.750424E-1
+7.162115E+9	+6.310957E-1	+6.745364E-1
+7.162130E+9	+6.313355E-1	+6.744301E-1
+7.162145E+9	+6.316153E-1	+6.741830E-1
+7.162160E+9	+6.337042E-1	+6.741421E-1
+7.162175E+9	+6.329194E-1	+6.753535E-1
+7.162190E+9	+6.333599E-1	+6.741996E-1
+7.162205E+9	+6.336884E-1	+6.733398E-1
+7.162220E+9	+6.338600E-1	+6.731489E-1
+7.162235E+9	+6.336614E-1	+6.730337E-1
+7.162250E+9	+6.332102E-1	+6.727048E-1
+7.162265E+9	+6.338336E-1	+6.722737E-1
+7.162280E+9	+6.346657E-1	+6.730206E-1
+7.162295E+9	+6.344650E-1	+6.712777E-1
+7.162310E+9	+6.353903E-1	+6.709290E-1
+7.162325E+9	+6.354783E-1	+6.711229E-1
+7.162340E+9	+6.358245E-1	+6.711163E-1
+7.162355E+9	+6.360996E-1	+6.708382E-1
+7.162370E+9	+6.368350E-1	+6.700564E-1
+7.162385E+9	+6.368915E-1	+6.697365E-1
+7.162400E+9	+6.368362E-1	+6.704151E-1
+7.162415E+9	+6.368767E-1	+6.709344E-1
+7.162430E+9	+6.369456E-1	+6.704404E-1
+7.162445E+9	+6.364280E-1	+6.698653E-1
+7.162460E+9	+6.365457E-1	+6.688469E-1
+7.162475E+9	+6.370739E-1	+6.676117E-1
+7.162490E+9	+6.371811E-1	+6.675554E-1
+7.162505E+9	+6.377583E-1	+6.678246E-1
+7.162520E+9	+6.386701E-1	+6.675268E-1
+7.162535E+9	+6.382866E-1	+6.670416E-1
+7.162550E+9	+6.374333E-1	+6.667630E-1
+7.162565E+9	+6.382708E-1	+6.661051E-1
+7.162580E+9	+6.391243E-1	+6.658919E-1
+7.162595E+9	+6.394817E-1	+6.656743E-1
+7.162610E+9	+6.402261E-1	+6.657071E-1
+7.162625E+9	+6.406623E-1	+6.653660E-1
+7.162640E+9	+6.407171E-1	+6.658261E-1
+7.162655E+9	+6.415596E-1	+6.659762E-1
+7.162670E+9	+6.423011E-1	+6.651121E-1
+7.162685E+9	+6.421858E-1	+6.646864E-1
+7.162700E+9	+6.427082E-1	+6.649847E-1
+7.162715E+9	+6.428275E-1	+6.632348E-1
+7.162730E+9	+6.419401E-1	+6.627410E-1
+7.162745E+9	+6.423953E-1	+6.621740E-1
+7.162760E+9	+6.432639E-1	+6.618679E-1
+7.162775E+9	+6.431653E-1	+6.616801E-1
+7.162790E+9	+6.428225E-1	+6.610512E-1
+7.162805E+9	+6.409415E-1	+6.605237E-1
+7.162820E+9	+6.409965E-1	+6.606376E-1
+7.162835E+9	+6.423696E-1	+6.611498E-1
+7.162850E+9	+6.441697E-1	+6.609786E-1
+7.162865E+9	+6.450793E-1	+6.605707E-1
+7.162880E+9	+6.454633E-1	+6.594933E-1
+7.162895E+9	+6.449862E-1	+6.591574E-1
+7.162910E+9	+6.450462E-1	+6.585475E-1
+7.162925E+9	+6.455211E-1	+6.586488E-1
+7.162940E+9	+6.468779E-1	+6.583049E-1
+7.162955E+9	+6.470584E-1	+6.583060E-1
+7.162970E+9	+6.456485E-1	+6.575604E-1
+7.162985E+9	+6.450602E-1	+6.574091E-1
+7.163000E+9	+6.461516E-1	+6.573095E-1
+7.163015E+9	+6.466877E-1	+6.565537E-1
+7.163030E+9	+6.471372E-1	+6.567818E-1
+7.163045E+9	+6.475944E-1	+6.563246E-1
+7.163060E+9	+6.480876E-1	+6.537235E-1
+7.163075E+9	+6.468063E-1	+6.549680E-1
+7.163090E+9	+6.472880E-1	+6.544714E-1
+7.163105E+9	+6.480934E-1	+6.546649E-1
+7.163120E+9	+6.483231E-1	+6.546421E-1
+7.163135E+9	+6.489155E-1	+6.541583E-1
+7.163150E+9	+6.482528E-1	+6.529779E-1
+7.163165E+9	+6.496597E-1	+6.536831E-1
+7.163180E+9	+6.495257E-1	+6.533792E-1
+7.163195E+9	+6.488821E-1	+6.515597E-1
+7.163210E+9	+6.492448E-1	+6.517685E-1
+7.163225E+9	+6.501630E-1	+6.525350E-1
+7.163240E+9	+6.506173E-1	+6.519051E-1
+7.163255E+9	+6.512962E-1	+6.517492E-1
+7.163270E+9	+6.513025E-1	+6.516432E-1
+7.163285E+9	+6.505006E-1	+6.514991E-1
+7.163300E+9	+6.511464E-1	+6.491331E-1
+7.163315E+9	+6.522375E-1	+6.491374E-1
+7.163330E+9	+6.532556E-1	+6.491460E-1
+7.163345E+9	+6.526354E-1	+6.500184E-1
+7.163360E+9	+6.522319E-1	+6.496813E-1
+7.163375E+9	+6.522128E-1	+6.486188E-1
+7.163390E+9	+6.522632E-1	+6.480676E-1
+7.163405E+9	+6.529884E-1	+6.477569E-1
+7.163420E+9	+6.529712E-1	+6.480040E-1
+7.163435E+9	+6.537129E-1	+6.472085E-1
+7.163450E+9	+6.553361E-1	+6.460991E-1
+7.163465E+9	+6.554759E-1	+6.451699E-1
+7.163480E+9	+6.547131E-1	+6.455904E-1
+7.163495E+9	+6.549626E-1	+6.450410E-1
+7.163510E+9	+6.554988E-1	+6.446003E-1
+7.163525E+9	+6.565563E-1	+6.459594E-1
+7.163540E+9	+6.561302E-1	+6.447514E-1
+7.163555E+9	+6.558019E-1	+6.440532E-1
+7.163570E+9	+6.550897E-1	+6.433828E-1
+7.163585E+9	+6.557124E-1	+6.438714E-1
+7.163600E+9	+6.568527E-1	+6.439811E-1
+7.163615E+9	+6.577569E-1	+6.429594E-1
+7.163630E+9	+6.582618E-1	+6.417702E-1
+7.163645E+9	+6.581036E-1	+6.409413E-1
+7.163660E+9	+6.572800E-1	+6.407192E-1
+7.163675E+9	+6.571800E-1	+6.403325E-1
+7.163690E+9	+6.579421E-1	+6.397641E-1
+7.163705E+9	+6.587001E-1	+6.394178E-1
+7.163720E+9	+6.593525E-1	+6.389391E-1
+7.163735E+9	+6.591001E-1	+6.389812E-1
+7.163750E+9	+6.590464E-1	+6.392634E-1
+7.163765E+9	+6.598880E-1	+6.387549E-1
+7.163780E+9	+6.600777E-1	+6.387318E-1
+7.163795E+9	+6.604130E-1	+6.378077E-1
+7.163810E+9	+6.601510E-1	+6.373036E-1
+7.163825E+9	+6.601739E-1	+6.373924E-1
+7.163840E+9	+6.604784E-1	+6.368169E-1
+7.163855E+9	+6.604900E-1	+6.359203E-1
+7.163870E+9	+6.622861E-1	+6.360683E-1
+7.163885E+9	+6.624040E-1	+6.358282E-1
+7.163900E+9	+6.618508E-1	+6.355463E-1
+7.163915E+9	+6.624939E-1	+6.350763E-1
+7.163930E+9	+6.626830E-1	+6.352422E-1
+7.163945E+9	+6.622514E-1	+6.347242E-1
+7.163960E+9	+6.629086E-1	+6.342047E-1
+7.163975E+9	+6.635758E-1	+6.337959E-1
+7.163990E+9	+6.637277E-1	+6.333656E-1
+7.164005E+9	+6.629820E-1	+6.314967E-1
+7.164020E+9	+6.631758E-1	+6.311952E-1
+7.164035E+9	+6.642668E-1	+6.321126E-1
+7.164050E+9	+6.643041E-1	+6.307558E-1
+7.164065E+9	+6.641470E-1	+6.303288E-1
+7.164080E+9	+6.645310E-1	+6.307878E-1
+7.164095E+9	+6.657330E-1	+6.305735E-1
+7.164110E+9	+6.663378E-1	+6.303586E-1
+7.164125E+9	+6.659429E-1	+6.286758E-1
+7.164140E+9	+6.664215E-1	+6.291278E-1
+7.164155E+9	+6.662083E-1	+6.287091E-1
+7.164170E+9	+6.664538E-1	+6.282996E-1
+7.164185E+9	+6.667476E-1	+6.276151E-1
+7.164200E+9	+6.670146E-1	+6.271686E-1
+7.164215E+9	+6.675636E-1	+6.260341E-1
+7.164230E+9	+6.684143E-1	+6.247837E-1
+7.164245E+9	+6.681656E-1	+6.249875E-1
+7.164260E+9	+6.685540E-1	+6.246097E-1
+7.164275E+9	+6.685401E-1	+6.245816E-1
+7.164290E+9	+6.692458E-1	+6.245875E-1
+7.164305E+9	+6.696223E-1	+6.241111E-1
+7.164320E+9	+6.705813E-1	+6.236636E-1
+7.164335E+9	+6.707190E-1	+6.229981E-1
+7.164350E+9	+6.683905E-1	+6.221405E-1
+7.164365E+9	+6.700357E-1	+6.222111E-1
+7.164380E+9	+6.706789E-1	+6.228070E-1
+7.164395E+9	+6.712750E-1	+6.225756E-1
+7.164410E+9	+6.720119E-1	+6.218089E-1
+7.164425E+9	+6.716555E-1	+6.199484E-1
+7.164440E+9	+6.718278E-1	+6.201799E-1
+7.164455E+9	+6.713138E-1	+6.197563E-1
+7.164470E+9	+6.721925E-1	+6.193796E-1
+7.164485E+9	+6.719364E-1	+6.188888E-1
+7.164500E+9	+6.712553E-1	+6.180376E-1
+7.164515E+9	+6.725349E-1	+6.183059E-1
+7.164530E+9	+6.728820E-1	+6.188743E-1
+7.164545E+9	+6.732648E-1	+6.183346E-1
+7.164560E+9	+6.724332E-1	+6.171601E-1
+7.164575E+9	+6.736922E-1	+6.160476E-1
+7.164590E+9	+6.744416E-1	+6.159172E-1
+7.164605E+9	+6.751103E-1	+6.160123E-1
+7.164620E+9	+6.750823E-1	+6.153537E-1
+7.164635E+9	+6.754489E-1	+6.146827E-1
+7.164650E+9	+6.752465E-1	+6.141694E-1
+7.164665E+9	+6.751979E-1	+6.131237E-1
+7.164680E+9	+6.756986E-1	+6.136376E-1
+7.164695E+9	+6.760375E-1	+6.136706E-1
+7.164710E+9	+6.764675E-1	+6.129044E-1
+7.164725E+9	+6.774207E-1	+6.113407E-1
+7.164740E+9	+6.760462E-1	+6.104827E-1
+7.164755E+9	+6.763570E-1	+6.106617E-1
+7.164770E+9	+6.768865E-1	+6.093237E-1
+7.164785E+9	+6.774452E-1	+6.088734E-1
+7.164800E+9	+6.768611E-1	+6.085531E-1
+7.164815E+9	+6.776025E-1	+6.075944E-1
+7.164830E+9	+6.779578E-1	+6.074467E-1
+7.164845E+9	+6.781624E-1	+6.077179E-1
+7.164860E+9	+6.784773E-1	+6.075793E-1
+7.164875E+9	+6.797075E-1	+6.065675E-1
+7.164890E+9	+6.801764E-1	+6.055338E-1
+7.164905E+9	+6.807922E-1	+6.055247E-1
+7.164920E+9	+6.815829E-1	+6.050686E-1
+7.164935E+9	+6.808846E-1	+6.047665E-1
+7.164950E+9	+6.808612E-1	+6.037934E-1
+7.164965E+9	+6.811655E-1	+6.032391E-1
+7.164980E+9	+6.817508E-1	+6.032905E-1
+7.164995E+9	+6.819349E-1	+6.036683E-1
+7.165010E+9	+6.814261E-1	+6.037177E-1
+7.165025E+9	+6.822736E-1	+6.029591E-1
+7.165040E+9	+6.828474E-1	+6.007739E-1
+7.165055E+9	+6.837788E-1	+5.997105E-1
+7.165070E+9	+6.839419E-1	+6.000851E-1
+7.165085E+9	+6.839922E-1	+5.999197E-1
+7.165100E+9	+6.831933E-1	+5.998181E-1
+7.165115E+9	+6.834509E-1	+5.987972E-1
+7.165130E+9	+6.837947E-1	+5.985284E-1
+7.165145E+9	+6.842275E-1	+5.977375E-1
+7.165160E+9	+6.854321E-1	+5.971163E-1
+7.165175E+9	+6.851521E-1	+5.969850E-1
+7.165190E+9	+6.851607E-1	+5.965599E-1
+7.165205E+9	+6.858742E-1	+5.974625E-1
+7.165220E+9	+6.869743E-1	+5.972996E-1
+7.165235E+9	+6.865970E-1	+5.954222E-1
+7.165250E+9	+6.861527E-1	+5.941518E-1
+7.165265E+9	+6.860235E-1	+5.936185E-1
+7.165280E+9	+6.857378E-1	+5.925705E-1
+7.165295E+9	+6.874020E-1	+5.921517E-1
+7.165310E+9	+6.877993E-1	+5.916439E-1
+7.165325E+9	+6.879415E-1	+5.915707E-1
+7.165340E+9	+6.880313E-1	+5.914366E-1
+7.165355E+9	+6.880228E-1	+5.909000E-1
+7.165370E+9	+6.886370E-1	+5.897131E-1
+7.165385E+9	+6.885127E-1	+5.891021E-1
+7.165400E+9	+6.884467E-1	+5.890212E-1
+7.165415E+9	+6.881093E-1	+5.883887E-1
+7.165430E+9	+6.882022E-1	+5.883340E-1
+7.165445E+9	+6.896087E-1	+5.878260E-1
+7.165460E+9	+6.902740E-1	+5.874845E-1
+7.165475E+9	+6.909578E-1	+5.867751E-1
+7.165490E+9	+6.907448E-1	+5.858702E-1
+7.165505E+9	+6.908882E-1	+5.857430E-1
+7.165520E+9	+6.905632E-1	+5.858195E-1
+7.165535E+9	+6.908119E-1	+5.847893E-1
+7.165550E+9	+6.913829E-1	+5.838898E-1
+7.165565E+9	+6.925612E-1	+5.833553E-1
+7.165580E+9	+6.932645E-1	+5.830018E-1
+7.165595E+9	+6.935324E-1	+5.821785E-1
+7.165610E+9	+6.932985E-1	+5.819047E-1
+7.165625E+9	+6.942218E-1	+5.803127E-1
+7.165640E+9	+6.940208E-1	+5.797447E-1
+7.165655E+9	+6.936639E-1	+5.800499E-1
+7.165670E+9	+6.945854E-1	+5.796070E-1
+7.165685E+9	+6.950165E-1	+5.787725E-1
+7.165700E+9	+6.953785E-1	+5.778788E-1
+7.165715E+9	+6.953341E-1	+5.775325E-1
+7.165730E+9	+6.955303E-1	+5.769933E-1
+7.165745E+9	+6.954836E-1	+5.766712E-1
+7.165760E+9	+6.960786E-1	+5.760117E-1
+7.165775E+9	+6.964625E-1	+5.751351E-1
+7.165790E+9	+6.968343E-1	+5.739490E-1
+7.165805E+9	+6.959187E-1	+5.740225E-1
+7.165820E+9	+6.968564E-1	+5.733602E-1
+7.165835E+9	+6.965145E-1	+5.724668E-1
+7.165850E+9	+6.964819E-1	+5.727487E-1
+7.165865E+9	+6.968333E-1	+5.713715E-1
+7.165880E+9	+6.974651E-1	+5.706148E-1
+7.165895E+9	+6.978070E-1	+5.703471E-1
+7.165910E+9	+6.996417E-1	+5.696542E-1
+7.165925E+9	+6.997073E-1	+5.690727E-1
+7.165940E+9	+6.992648E-1	+5.682780E-1
+7.165955E+9	+6.996772E-1	+5.678259E-1
+7.165970E+9	+6.996803E-1	+5.675228E-1
+7.165985E+9	+7.004299E-1	+5.671625E-1
+7.166000E+9	+7.007059E-1	+5.660304E-1
+7.166015E+9	+7.006403E-1	+5.652639E-1
+7.166030E+9	+7.006908E-1	+5.653238E-1
+7.166045E+9	+7.015671E-1	+5.652374E-1
+7.166060E+9	+7.017151E-1	+5.648111E-1
+7.166075E+9	+7.018084E-1	+5.639508E-1
+7.166090E+9	+7.024568E-1	+5.633050E-1
+7.166105E+9	+7.023472E-1	+5.623995E-1
+7.166120E+9	+7.023628E-1	+5.610650E-1
+7.166135E+9	+7.028086E-1	+5.604641E-1
+7.166150E+9	+7.034040E-1	+5.599892E-1
+7.166165E+9	+7.040262E-1	+5.599138E-1
+7.166180E+9	+7.036364E-1	+5.586698E-1
+7.166195E+9	+7.040674E-1	+5.574017E-1
+7.166210E+9	+7.042983E-1	+5.573045E-1
+7.166225E+9	+7.042540E-1	+5.571758E-1
+7.166240E+9	+7.045664E-1	+5.567342E-1
+7.166255E+9	+7.050400E-1	+5.555439E-1
+7.166270E+9	+7.065896E-1	+5.543567E-1
+7.166285E+9	+7.065522E-1	+5.544065E-1
+7.166300E+9	+7.060042E-1	+5.538964E-1
+7.166315E+9	+7.065234E-1	+5.532964E-1
+7.166330E+9	+7.071460E-1	+5.525705E-1
+7.166345E+9	+7.071275E-1	+5.518858E-1
+7.166360E+9	+7.070385E-1	+5.504742E-1
+7.166375E+9	+7.074316E-1	+5.502497E-1
+7.166390E+9	+7.076062E-1	+5.496472E-1
+7.166405E+9	+7.077983E-1	+5.494788E-1
+7.166420E+9	+7.082109E-1	+5.486007E-1
+7.166435E+9	+7.089737E-1	+5.474476E-1
+7.166450E+9	+7.093985E-1	+5.470256E-1
+7.166465E+9	+7.088539E-1	+5.459375E-1
+7.166480E+9	+7.084613E-1	+5.457897E-1
+7.166495E+9	+7.086640E-1	+5.454168E-1
+7.166510E+9	+7.097241E-1	+5.447132E-1
+7.166525E+9	+7.110390E-1	+5.427923E-1
+7.166540E+9	+7.108670E-1	+5.421697E-1
+7.166555E+9	+7.107461E-1	+5.427467E-1
+7.166570E+9	+7.111011E-1	+5.415759E-1
+7.166585E+9	+7.114607E-1	+5.404547E-1
+7.166600E+9	+7.127339E-1	+5.396011E-1
+7.166615E+9	+7.126654E-1	+5.387054E-1
+7.166630E+9	+7.125427E-1	+5.387221E-1
+7.166645E+9	+7.122883E-1	+5.379686E-1
+7.166660E+9	+7.132978E-1	+5.368443E-1
+7.166675E+9	+7.138388E-1	+5.360757E-1
+7.166690E+9	+7.139826E-1	+5.359255E-1
+7.166705E+9	+7.139647E-1	+5.352321E-1
+7.166720E+9	+7.143768E-1	+5.341152E-1
+7.166735E+9	+7.142749E-1	+5.334813E-1
+7.166750E+9	+7.154774E-1	+5.322339E-1
+7.166765E+9	+7.159140E-1	+5.320180E-1
+7.166780E+9	+7.158681E-1	+5.311357E-1
+7.166795E+9	+7.160419E-1	+5.299011E-1
+7.166810E+9	+7.152025E-1	+5.289549E-1
+7.166825E+9	+7.168354E-1	+5.286257E-1
+7.166840E+9	+7.175224E-1	+5.270904E-1
+7.166855E+9	+7.168499E-1	+5.265060E-1
+7.166870E+9	+7.173694E-1	+5.251767E-1
+7.166885E+9	+7.171370E-1	+5.251479E-1
+7.166900E+9	+7.169531E-1	+5.239006E-1
+7.166915E+9	+7.170838E-1	+5.234292E-1
+7.166930E+9	+7.178920E-1	+5.232232E-1
+7.166945E+9	+7.185070E-1	+5.221996E-1
+7.166960E+9	+7.188643E-1	+5.212766E-1
+7.166975E+9	+7.193044E-1	+5.207429E-1
+7.166990E+9	+7.192556E-1	+5.202821E-1
+7.167005E+9	+7.191367E-1	+5.195024E-1
+7.167020E+9	+7.187562E-1	+5.187822E-1
+7.167035E+9	+7.195258E-1	+5.181798E-1
+7.167050E+9	+7.203147E-1	+5.187216E-1
+7.167065E+9	+7.210113E-1	+5.170476E-1
+7.167080E+9	+7.210209E-1	+5.147368E-1
+7.167095E+9	+7.214503E-1	+5.139492E-1
+7.167110E+9	+7.218424E-1	+5.130981E-1
+7.167125E+9	+7.213871E-1	+5.123642E-1
+7.167140E+9	+7.212590E-1	+5.117300E-1
+7.167155E+9	+7.214645E-1	+5.107968E-1
+7.167170E+9	+7.215820E-1	+5.105449E-1
+7.167185E+9	+7.229243E-1	+5.099810E-1
+7.167200E+9	+7.229424E-1	+5.090447E-1
+7.167215E+9	+7.232599E-1	+5.079657E-1
+7.167230E+9	+7.233780E-1	+5.072415E-1
+7.167245E+9	+7.229857E-1	+5.063825E-1
+7.167260E+9	+7.235380E-1	+5.052617E-1
+7.167275E+9	+7.249126E-1	+5.034922E-1
+7.167290E+9	+7.253135E-1	+5.036578E-1
+7.167305E+9	+7.248079E-1	+5.028696E-1
+7.167320E+9	+7.244122E-1	+5.020659E-1
+7.167335E+9	+7.244395E-1	+5.007452E-1
+7.167350E+9	+7.260977E-1	+4.994356E-1
+7.167365E+9	+7.255919E-1	+4.987656E-1
+7.167380E+9	+7.257814E-1	+4.981760E-1
+7.167395E+9	+7.263163E-1	+4.973798E-1
+7.167410E+9	+7.262943E-1	+4.962109E-1
+7.167425E+9	+7.264582E-1	+4.949224E-1
+7.167440E+9	+7.271791E-1	+4.946302E-1
+7.167455E+9	+7.278511E-1	+4.937971E-1
+7.167470E+9	+7.280269E-1	+4.925668E-1
+7.167485E+9	+7.271819E-1	+4.925952E-1
+7.167500E+9	+7.282238E-1	+4.917871E-1
+7.167515E+9	+7.282988E-1	+4.905712E-1
+7.167530E+9	+7.287330E-1	+4.892856E-1
+7.167545E+9	+7.287388E-1	+4.878316E-1
+7.167560E+9	+7.286943E-1	+4.868141E-1
+7.167575E+9	+7.282148E-1	+4.872173E-1
+7.167590E+9	+7.286502E-1	+4.862223E-1
+7.167605E+9	+7.298801E-1	+4.850574E-1
+7.167620E+9	+7.300563E-1	+4.841411E-1
+7.167635E+9	+7.298498E-1	+4.823327E-1
+7.167650E+9	+7.299313E-1	+4.811381E-1
+7.167665E+9	+7.305954E-1	+4.803279E-1
+7.167680E+9	+7.313090E-1	+4.796401E-1
+7.167695E+9	+7.313958E-1	+4.778918E-1
+7.167710E+9	+7.317003E-1	+4.771309E-1
+7.167725E+9	+7.313221E-1	+4.763597E-1
+7.167740E+9	+7.321151E-1	+4.756743E-1
+7.167755E+9	+7.315201E-1	+4.752208E-1
+7.167770E+9	+7.312853E-1	+4.737297E-1
+7.167785E+9	+7.317432E-1	+4.727878E-1
+7.167800E+9	+7.329804E-1	+4.715359E-1
+7.167815E+9	+7.328562E-1	+4.700977E-1
+7.167830E+9	+7.330399E-1	+4.695267E-1
+7.167845E+9	+7.334741E-1	+4.688720E-1
+7.167860E+9	+7.334725E-1	+4.686383E-1
+7.167875E+9	+7.333703E-1	+4.677293E-1
+7.167890E+9	+7.336831E-1	+4.664949E-1
+7.167905E+9	+7.341844E-1	+4.648361E-1
+7.167920E+9	+7.335471E-1	+4.633493E-1
+7.167935E+9	+7.340373E-1	+4.622650E-1
+7.167950E+9	+7.343879E-1	+4.616501E-1
+7.167965E+9	+7.344274E-1	+4.612264E-1
+7.167980E+9	+7.347939E-1	+4.606511E-1
+7.167995E+9	+7.351533E-1	+4.599977E-1
+7.168010E+9	+7.357111E-1	+4.580097E-1
+7.168025E+9	+7.350425E-1	+4.567577E-1
+7.168040E+9	+7.360243E-1	+4.552718E-1
+7.168055E+9	+7.368182E-1	+4.542577E-1
+7.168070E+9	+7.366684E-1	+4.529632E-1
+7.168085E+9	+7.363569E-1	+4.519796E-1
+7.168100E+9	+7.359701E-1	+4.510573E-1
+7.168115E+9	+7.362505E-1	+4.499028E-1
+7.168130E+9	+7.370167E-1	+4.488560E-1
+7.168145E+9	+7.370060E-1	+4.479681E-1
+7.168160E+9	+7.378514E-1	+4.466871E-1
+7.168175E+9	+7.379115E-1	+4.457054E-1
+7.168190E+9	+7.379006E-1	+4.438735E-1
+7.168205E+9	+7.381329E-1	+4.427504E-1
+7.168220E+9	+7.377387E-1	+4.416691E-1
+7.168235E+9	+7.372441E-1	+4.409866E-1
+7.168250E+9	+7.380070E-1	+4.404677E-1
+7.168265E+9	+7.380693E-1	+4.385861E-1
+7.168280E+9	+7.390641E-1	+4.376720E-1
+7.168295E+9	+7.392282E-1	+4.363871E-1
+7.168310E+9	+7.389856E-1	+4.351388E-1
+7.168325E+9	+7.389923E-1	+4.338118E-1
+7.168340E+9	+7.387484E-1	+4.329254E-1
+7.168355E+9	+7.392462E-1	+4.319070E-1
+7.168370E+9	+7.405666E-1	+4.302434E-1
+7.168385E+9	+7.404787E-1	+4.283638E-1
+7.168400E+9	+7.394631E-1	+4.276543E-1
+7.168415E+9	+7.401923E-1	+4.263324E-1
+7.168430E+9	+7.408232E-1	+4.249629E-1
+7.168445E+9	+7.408720E-1	+4.235291E-1
+7.168460E+9	+7.407620E-1	+4.227787E-1
+7.168475E+9	+7.412469E-1	+4.224378E-1
+7.168490E+9	+7.412577E-1	+4.204722E-1
+7.168505E+9	+7.413354E-1	+4.190794E-1
+7.168520E+9	+7.411755E-1	+4.176829E-1
+7.168535E+9	+7.411683E-1	+4.174437E-1
+7.168550E+9	+7.422183E-1	+4.155476E-1
+7.168565E+9	+7.418308E-1	+4.141466E-1
+7.168580E+9	+7.417238E-1	+4.123992E-1
+7.168595E+9	+7.416846E-1	+4.109464E-1
+7.168610E+9	+7.421573E-1	+4.104882E-1
+7.168625E+9	+7.420729E-1	+4.087023E-1
+7.168640E+9	+7.421519E-1	+4.077936E-1
+7.168655E+9	+7.422617E-1	+4.064604E-1
+7.168670E+9	+7.424668E-1	+4.051256E-1
+7.168685E+9	+7.418165E-1	+4.037599E-1
+7.168700E+9	+7.419129E-1	+4.018451E-1
+7.168715E+9	+7.418779E-1	+4.005620E-1
+7.168730E+9	+7.432192E-1	+4.002194E-1
+7.168745E+9	+7.431707E-1	+3.990549E-1
+7.168760E+9	+7.428724E-1	+3.976787E-1
+7.168775E+9	+7.432366E-1	+3.956957E-1
+7.168790E+9	+7.432450E-1	+3.940460E-1
+7.168805E+9	+7.433374E-1	+3.937115E-1
+7.168820E+9	+7.429472E-1	+3.923186E-1
+7.168835E+9	+7.432677E-1	+3.906647E-1
+7.168850E+9	+7.431045E-1	+3.891855E-1
+7.168865E+9	+7.432465E-1	+3.878671E-1
+7.168880E+9	+7.432239E-1	+3.856137E-1
+7.168895E+9	+7.433161E-1	+3.846911E-1
+7.168910E+9	+7.432152E-1	+3.838705E-1
+7.168925E+9	+7.443793E-1	+3.829969E-1
+7.168940E+9	+7.436242E-1	+3.818724E-1
+7.168955E+9	+7.427969E-1	+3.795722E-1
+7.168970E+9	+7.428824E-1	+3.779490E-1
+7.168985E+9	+7.437665E-1	+3.755486E-1
+7.169000E+9	+7.442585E-1	+3.743676E-1
+7.169015E+9	+7.446061E-1	+3.732350E-1
+7.169030E+9	+7.443704E-1	+3.721032E-1
+7.169045E+9	+7.442031E-1	+3.707407E-1
+7.169060E+9	+7.425686E-1	+3.679446E-1
+7.169075E+9	+7.426925E-1	+3.671146E-1
+7.169090E+9	+7.435992E-1	+3.654093E-1
+7.169105E+9	+7.434796E-1	+3.639855E-1
+7.169120E+9	+7.433552E-1	+3.622047E-1
+7.169135E+9	+7.434437E-1	+3.609873E-1
+7.169150E+9	+7.429741E-1	+3.593409E-1
+7.169165E+9	+7.430518E-1	+3.576372E-1
+7.169180E+9	+7.435429E-1	+3.561295E-1
+7.169195E+9	+7.436308E-1	+3.548995E-1
+7.169210E+9	+7.435271E-1	+3.529985E-1
+7.169225E+9	+7.432437E-1	+3.514507E-1
+7.169240E+9	+7.437453E-1	+3.504453E-1
+7.169255E+9	+7.435982E-1	+3.489012E-1
+7.169270E+9	+7.431944E-1	+3.468195E-1
+7.169285E+9	+7.429698E-1	+3.451197E-1
+7.169300E+9	+7.430524E-1	+3.436930E-1
+7.169315E+9	+7.427713E-1	+3.420588E-1
+7.169330E+9	+7.423061E-1	+3.411343E-1
+7.169345E+9	+7.417222E-1	+3.392035E-1
+7.169360E+9	+7.431577E-1	+3.372374E-1
+7.169375E+9	+7.421877E-1	+3.352666E-1
+7.169390E+9	+7.422314E-1	+3.341268E-1
+7.169405E+9	+7.428802E-1	+3.317345E-1
+7.169420E+9	+7.420294E-1	+3.297498E-1
+7.169435E+9	+7.413277E-1	+3.283676E-1
+7.169450E+9	+7.412543E-1	+3.270049E-1
+7.169465E+9	+7.416752E-1	+3.249609E-1
+7.169480E+9	+7.416466E-1	+3.234046E-1
+7.169495E+9	+7.411475E-1	+3.215701E-1
+7.169510E+9	+7.412811E-1	+3.199663E-1
+7.169525E+9	+7.409625E-1	+3.181955E-1
+7.169540E+9	+7.403939E-1	+3.165177E-1
+7.169555E+9	+7.397750E-1	+3.151388E-1
+7.169570E+9	+7.395726E-1	+3.138055E-1
+7.169585E+9	+7.397402E-1	+3.115853E-1
+7.169600E+9	+7.402834E-1	+3.097034E-1
+7.169615E+9	+7.395171E-1	+3.079983E-1
+7.169630E+9	+7.390406E-1	+3.061845E-1
+7.169645E+9	+7.388946E-1	+3.038545E-1
+7.169660E+9	+7.385564E-1	+3.017905E-1
+7.169675E+9	+7.380544E-1	+3.002740E-1
+7.169690E+9	+7.381809E-1	+2.985910E-1
+7.169705E+9	+7.378394E-1	+2.966147E-1
+7.169720E+9	+7.375398E-1	+2.942477E-1
+7.169735E+9	+7.372059E-1	+2.923933E-1
+7.169750E+9	+7.371176E-1	+2.911277E-1
+7.169765E+9	+7.369581E-1	+2.891915E-1
+7.169780E+9	+7.361395E-1	+2.868326E-1
+7.169795E+9	+7.360099E-1	+2.848520E-1
+7.169810E+9	+7.359689E-1	+2.828020E-1
+7.169825E+9	+7.356273E-1	+2.814118E-1
+7.169840E+9	+7.354777E-1	+2.794521E-1
+7.169855E+9	+7.350293E-1	+2.776008E-1
+7.169870E+9	+7.347561E-1	+2.760268E-1
+7.169885E+9	+7.341562E-1	+2.740627E-1
+7.169900E+9	+7.330740E-1	+2.714311E-1
+7.169915E+9	+7.327533E-1	+2.698924E-1
+7.169930E+9	+7.323247E-1	+2.678702E-1
+7.169945E+9	+7.316172E-1	+2.656428E-1
+7.169960E+9	+7.314710E-1	+2.633115E-1
+7.169975E+9	+7.308199E-1	+2.616663E-1
+7.169990E+9	+7.307533E-1	+2.595974E-1
+7.170005E+9	+7.301925E-1	+2.574268E-1
+7.170020E+9	+7.289105E-1	+2.554608E-1
+7.170035E+9	+7.285198E-1	+2.531380E-1
+7.170050E+9	+7.286190E-1	+2.510084E-1
+7.170065E+9	+7.278090E-1	+2.491554E-1
+7.170080E+9	+7.268612E-1	+2.475022E-1
+7.170095E+9	+7.260104E-1	+2.454141E-1
+7.170110E+9	+7.257856E-1	+2.430337E-1
+7.170125E+9	+7.258082E-1	+2.408307E-1
+7.170140E+9	+7.247920E-1	+2.392326E-1
+7.170155E+9	+7.234274E-1	+2.370655E-1
+7.170170E+9	+7.225953E-1	+2.348358E-1
+7.170185E+9	+7.224964E-1	+2.321255E-1
+7.170200E+9	+7.215975E-1	+2.304426E-1
+7.170215E+9	+7.211379E-1	+2.279323E-1
+7.170230E+9	+7.207593E-1	+2.258790E-1
+7.170245E+9	+7.198395E-1	+2.236934E-1
+7.170260E+9	+7.188579E-1	+2.216107E-1
+7.170275E+9	+7.180269E-1	+2.190834E-1
+7.170290E+9	+7.175475E-1	+2.169779E-1
+7.170305E+9	+7.166953E-1	+2.144636E-1
+7.170320E+9	+7.157326E-1	+2.120504E-1
+7.170335E+9	+7.145009E-1	+2.103581E-1
+7.170350E+9	+7.138356E-1	+2.074707E-1
+7.170365E+9	+7.133269E-1	+2.052589E-1
+7.170380E+9	+7.122399E-1	+2.036385E-1
+7.170395E+9	+7.114577E-1	+2.011923E-1
+7.170410E+9	+7.106499E-1	+1.988155E-1
+7.170425E+9	+7.101375E-1	+1.964831E-1
+7.170440E+9	+7.089537E-1	+1.940612E-1
+7.170455E+9	+7.076810E-1	+1.921920E-1
+7.170470E+9	+7.068331E-1	+1.897107E-1
+7.170485E+9	+7.055299E-1	+1.872005E-1
+7.170500E+9	+7.044497E-1	+1.842836E-1
+7.170515E+9	+7.038612E-1	+1.818574E-1
+7.170530E+9	+7.033791E-1	+1.797885E-1
+7.170545E+9	+7.027049E-1	+1.773314E-1
+7.170560E+9	+7.005834E-1	+1.755107E-1
+7.170575E+9	+6.993275E-1	+1.723630E-1
+7.170590E+9	+6.979236E-1	+1.700995E-1
+7.170605E+9	+6.970473E-1	+1.679531E-1
+7.170620E+9	+6.959381E-1	+1.655090E-1
+7.170635E+9	+6.944870E-1	+1.631539E-1
+7.170650E+9	+6.927361E-1	+1.604800E-1
+7.170665E+9	+6.917848E-1	+1.577303E-1
+7.170680E+9	+6.912099E-1	+1.557150E-1
+7.170695E+9	+6.893262E-1	+1.532816E-1
+7.170710E+9	+6.881415E-1	+1.509035E-1
+7.170725E+9	+6.869474E-1	+1.484460E-1
+7.170740E+9	+6.852685E-1	+1.460486E-1
+7.170755E+9	+6.837564E-1	+1.433026E-1
+7.170770E+9	+6.824557E-1	+1.404367E-1
+7.170785E+9	+6.812114E-1	+1.381177E-1
+7.170800E+9	+6.795096E-1	+1.364845E-1
+7.170815E+9	+6.780062E-1	+1.340972E-1
+7.170830E+9	+6.766524E-1	+1.314149E-1
+7.170845E+9	+6.748604E-1	+1.285951E-1
+7.170860E+9	+6.729731E-1	+1.258827E-1
+7.170875E+9	+6.714463E-1	+1.233264E-1
+7.170890E+9	+6.699995E-1	+1.206851E-1
+7.170905E+9	+6.682321E-1	+1.180111E-1
+7.170920E+9	+6.666516E-1	+1.153723E-1
+7.170935E+9	+6.648278E-1	+1.128425E-1
+7.170950E+9	+6.630778E-1	+1.105256E-1
+7.170965E+9	+6.614649E-1	+1.081059E-1
+7.170980E+9	+6.598445E-1	+1.053967E-1
+7.170995E+9	+6.578465E-1	+1.029890E-1
+7.171010E+9	+6.557453E-1	+1.004727E-1
+7.171025E+9	+6.539907E-1	+9.781294E-2
+7.171040E+9	+6.522559E-1	+9.495896E-2
+7.171055E+9	+6.503617E-1	+9.210962E-2
+7.171070E+9	+6.481449E-1	+8.973451E-2
+7.171085E+9	+6.458986E-1	+8.727018E-2
+7.171100E+9	+6.436573E-1	+8.450889E-2
+7.171115E+9	+6.413446E-1	+8.175051E-2
+7.171130E+9	+6.396106E-1	+7.908302E-2
+7.171145E+9	+6.376509E-1	+7.624839E-2
+7.171160E+9	+6.355642E-1	+7.393032E-2
+7.171175E+9	+6.335944E-1	+7.147669E-2
+7.171190E+9	+6.312861E-1	+6.892256E-2
+7.171205E+9	+6.286980E-1	+6.614576E-2
+7.171220E+9	+6.264177E-1	+6.355087E-2
+7.171235E+9	+6.236886E-1	+6.094762E-2
+7.171250E+9	+6.214093E-1	+5.843460E-2
+7.171265E+9	+6.190896E-1	+5.570850E-2
+7.171280E+9	+6.165346E-1	+5.334612E-2
+7.171295E+9	+6.141161E-1	+5.055388E-2
+7.171310E+9	+6.117139E-1	+4.798739E-2
+7.171325E+9	+6.093386E-1	+4.617498E-2
+7.171340E+9	+6.064635E-1	+4.376534E-2
+7.171355E+9	+6.032655E-1	+4.094683E-2
+7.171370E+9	+6.004993E-1	+3.836915E-2
+7.171385E+9	+5.978820E-1	+3.581309E-2
+7.171400E+9	+5.954218E-1	+3.326677E-2
+7.171415E+9	+5.928454E-1	+3.080710E-2
+7.171430E+9	+5.902121E-1	+2.895666E-2
+7.171445E+9	+5.870174E-1	+2.646980E-2
+7.171460E+9	+5.839455E-1	+2.428233E-2
+7.171475E+9	+5.812896E-1	+2.164286E-2
+7.171490E+9	+5.781040E-1	+1.920928E-2
+7.171505E+9	+5.748079E-1	+1.674706E-2
+7.171520E+9	+5.715436E-1	+1.427283E-2
+7.171535E+9	+5.683856E-1	+1.198090E-2
+7.171550E+9	+5.657210E-1	+9.212288E-3
+7.171565E+9	+5.625445E-1	+6.808617E-3
+7.171580E+9	+5.593412E-1	+4.384816E-3
+7.171595E+9	+5.561249E-1	+2.116344E-3
+7.171610E+9	+5.523765E-1	-6.036867E-4
+7.171625E+9	+5.491174E-1	-2.943332E-3
+7.171640E+9	+5.455600E-1	-5.554235E-3
+7.171655E+9	+5.420132E-1	-7.918631E-3
+7.171670E+9	+5.386853E-1	-1.009596E-2
+7.171685E+9	+5.352005E-1	-1.231595E-2
+7.171700E+9	+5.314541E-1	-1.473709E-2
+7.171715E+9	+5.278230E-1	-1.723295E-2
+7.171730E+9	+5.242749E-1	-1.972293E-2
+7.171745E+9	+5.206600E-1	-2.198287E-2
+7.171760E+9	+5.166825E-1	-2.397540E-2
+7.171775E+9	+5.124198E-1	-2.610016E-2
+7.171790E+9	+5.088561E-1	-2.846861E-2
+7.171805E+9	+5.053204E-1	-3.055594E-2
+7.171820E+9	+5.014624E-1	-3.260029E-2
+7.171835E+9	+4.969761E-1	-3.438186E-2
+7.171850E+9	+4.927628E-1	-3.683541E-2
+7.171865E+9	+4.887001E-1	-3.862850E-2
+7.171880E+9	+4.846969E-1	-4.066482E-2
+7.171895E+9	+4.806692E-1	-4.271094E-2
+7.171910E+9	+4.763951E-1	-4.479689E-2
+7.171925E+9	+4.722280E-1	-4.686704E-2
+7.171940E+9	+4.678399E-1	-4.844108E-2
+7.171955E+9	+4.631343E-1	-5.023396E-2
+7.171970E+9	+4.586170E-1	-5.225785E-2
+7.171985E+9	+4.544171E-1	-5.420194E-2
+7.172000E+9	+4.501012E-1	-5.580171E-2
+7.172015E+9	+4.453904E-1	-5.750082E-2
+7.172030E+9	+4.408210E-1	-5.912756E-2
+7.172045E+9	+4.363492E-1	-6.062758E-2
+7.172060E+9	+4.317110E-1	-6.224619E-2
+7.172075E+9	+4.269871E-1	-6.392269E-2
+7.172090E+9	+4.222658E-1	-6.543444E-2
+7.172105E+9	+4.175294E-1	-6.665894E-2
+7.172120E+9	+4.126579E-1	-6.790064E-2
+7.172135E+9	+4.075883E-1	-6.925856E-2
+7.172150E+9	+4.026044E-1	-7.085557E-2
+7.172165E+9	+3.977906E-1	-7.205617E-2
+7.172180E+9	+3.928234E-1	-7.328813E-2
+7.172195E+9	+3.876921E-1	-7.449276E-2
+7.172210E+9	+3.826301E-1	-7.556635E-2
+7.172225E+9	+3.775422E-1	-7.655806E-2
+7.172240E+9	+3.723785E-1	-7.754796E-2
+7.172255E+9	+3.671795E-1	-7.841729E-2
+7.172270E+9	+3.619493E-1	-7.918532E-2
+7.172285E+9	+3.569880E-1	-8.011977E-2
+7.172300E+9	+3.515729E-1	-8.078809E-2
+7.172315E+9	+3.461429E-1	-8.165756E-2
+7.172330E+9	+3.407400E-1	-8.223552E-2
+7.172345E+9	+3.354104E-1	-8.265730E-2
+7.172360E+9	+3.300490E-1	-8.312720E-2
+7.172375E+9	+3.244911E-1	-8.370067E-2
+7.172390E+9	+3.189132E-1	-8.420543E-2
+7.172405E+9	+3.132920E-1	-8.477516E-2
+7.172420E+9	+3.079695E-1	-8.492159E-2
+7.172435E+9	+3.023688E-1	-8.487765E-2
+7.172450E+9	+2.967508E-1	-8.519756E-2
+7.172465E+9	+2.912201E-1	-8.533998E-2
+7.172480E+9	+2.855094E-1	-8.532167E-2
+7.172495E+9	+2.798140E-1	-8.515075E-2
+7.172510E+9	+2.741628E-1	-8.473462E-2
+7.172525E+9	+2.686541E-1	-8.453047E-2
+7.172540E+9	+2.629770E-1	-8.410805E-2
+7.172555E+9	+2.571841E-1	-8.368936E-2
+7.172570E+9	+2.515375E-1	-8.332508E-2
+7.172585E+9	+2.458828E-1	-8.281421E-2
+7.172600E+9	+2.398879E-1	-8.229369E-2
+7.172615E+9	+2.340737E-1	-8.156524E-2
+7.172630E+9	+2.282220E-1	-8.086615E-2
+7.172645E+9	+2.225208E-1	-7.998256E-2
+7.172660E+9	+2.166969E-1	-7.884949E-2
+7.172675E+9	+2.108994E-1	-7.781858E-2
+7.172690E+9	+2.051341E-1	-7.675379E-2
+7.172705E+9	+1.994625E-1	-7.558156E-2
+7.172720E+9	+1.935396E-1	-7.434681E-2
+7.172735E+9	+1.875479E-1	-7.303901E-2
+7.172750E+9	+1.817642E-1	-7.161953E-2
+7.172765E+9	+1.759528E-1	-7.015214E-2
+7.172780E+9	+1.702365E-1	-6.855595E-2
+7.172795E+9	+1.644363E-1	-6.664865E-2
+7.172810E+9	+1.587659E-1	-6.505080E-2
+7.172825E+9	+1.531256E-1	-6.337937E-2
+7.172840E+9	+1.472582E-1	-6.143331E-2
+7.172855E+9	+1.414813E-1	-5.922842E-2
+7.172870E+9	+1.357436E-1	-5.717244E-2
+7.172885E+9	+1.301949E-1	-5.518083E-2
+7.172900E+9	+1.244354E-1	-5.289221E-2
+7.172915E+9	+1.187693E-1	-5.054694E-2
+7.172930E+9	+1.131103E-1	-4.795792E-2
+7.172945E+9	+1.074505E-1	-4.543040E-2
+7.172960E+9	+1.021928E-1	-4.293800E-2
+7.172975E+9	+9.658641E-2	-4.041479E-2
+7.172990E+9	+9.104822E-2	-3.769541E-2
+7.173005E+9	+8.540407E-2	-3.472094E-2
+7.173020E+9	+8.005662E-2	-3.177091E-2
+7.173035E+9	+7.457211E-2	-2.878836E-2
+7.173050E+9	+6.917804E-2	-2.587365E-2
+7.173065E+9	+6.389210E-2	-2.276598E-2
+7.173080E+9	+5.866075E-2	-1.940064E-2
+7.173095E+9	+5.340761E-2	-1.600766E-2
+7.173110E+9	+4.816034E-2	-1.280411E-2
+7.173125E+9	+4.303500E-2	-9.497126E-3
+7.173140E+9	+3.791300E-2	-6.025394E-3
+7.173155E+9	+3.302136E-2	-2.434252E-3
+7.173170E+9	+2.797827E-2	+1.343190E-3
+7.173185E+9	+2.281929E-2	+5.151276E-3
+7.173200E+9	+1.778460E-2	+8.874890E-3
+7.173215E+9	+1.314907E-2	+1.257147E-2
+7.173230E+9	+8.472711E-3	+1.640978E-2
+7.173245E+9	+3.580926E-3	+2.048515E-2
+7.173260E+9	-1.173372E-3	+2.450074E-2
+7.173275E+9	-5.918634E-3	+2.865968E-2
+7.173290E+9	-1.050576E-2	+3.286802E-2
+7.173305E+9	-1.483928E-2	+3.721593E-2
+7.173320E+9	-1.926818E-2	+4.141735E-2
+7.173335E+9	-2.365886E-2	+4.574660E-2
+7.173350E+9	-2.781879E-2	+5.000057E-2
+7.173365E+9	-3.214812E-2	+5.441169E-2
+7.173380E+9	-3.635355E-2	+5.893810E-2
+7.173395E+9	-4.053534E-2	+6.348697E-2
+7.173410E+9	-4.460685E-2	+6.796717E-2
+7.173425E+9	-4.857213E-2	+7.276597E-2
+7.173440E+9	-5.237692E-2	+7.731023E-2
+7.173455E+9	-5.615066E-2	+8.213463E-2
+7.173470E+9	-6.001011E-2	+8.719444E-2
+7.173485E+9	-6.370842E-2	+9.200709E-2
+7.173500E+9	-6.728965E-2	+9.677305E-2
+7.173515E+9	-7.093237E-2	+1.016827E-1
+7.173530E+9	-7.438816E-2	+1.065430E-1
+7.173545E+9	-7.770751E-2	+1.114523E-1
+7.173560E+9	-8.092781E-2	+1.163530E-1
+7.173575E+9	-8.410388E-2	+1.213982E-1
+7.173590E+9	-8.724238E-2	+1.266033E-1
+7.173605E+9	-9.023331E-2	+1.318041E-1
+7.173620E+9	-9.322603E-2	+1.369117E-1
+7.173635E+9	-9.618608E-2	+1.419986E-1
+7.173650E+9	-9.918276E-2	+1.471252E-1
+7.173665E+9	-1.019246E-1	+1.524323E-1
+7.173680E+9	-1.045993E-1	+1.574219E-1
+7.173695E+9	-1.072526E-1	+1.626196E-1
+7.173710E+9	-1.097587E-1	+1.679094E-1
+7.173725E+9	-1.119623E-1	+1.729499E-1
+7.173740E+9	-1.145132E-1	+1.783272E-1
+7.173755E+9	-1.169150E-1	+1.837037E-1
+7.173770E+9	-1.190902E-1	+1.890174E-1
+7.173785E+9	-1.212760E-1	+1.941855E-1
+7.173800E+9	-1.233296E-1	+1.993668E-1
+7.173815E+9	-1.254128E-1	+2.045944E-1
+7.173830E+9	-1.273576E-1	+2.100273E-1
+7.173845E+9	-1.293338E-1	+2.154591E-1
+7.173860E+9	-1.309602E-1	+2.209168E-1
+7.173875E+9	-1.324864E-1	+2.260565E-1
+7.173890E+9	-1.340350E-1	+2.314146E-1
+7.173905E+9	-1.356938E-1	+2.368661E-1
+7.173920E+9	-1.372253E-1	+2.421163E-1
+7.173935E+9	-1.387368E-1	+2.473425E-1
+7.173950E+9	-1.402642E-1	+2.525781E-1
+7.173965E+9	-1.414750E-1	+2.580362E-1
+7.173980E+9	-1.426821E-1	+2.633929E-1
+7.173995E+9	-1.438894E-1	+2.686332E-1
+7.174010E+9	-1.449255E-1	+2.739075E-1
+7.174025E+9	-1.457765E-1	+2.793102E-1
+7.174040E+9	-1.469616E-1	+2.844738E-1
+7.174055E+9	-1.480523E-1	+2.895051E-1
+7.174070E+9	-1.488537E-1	+2.947050E-1
+7.174085E+9	-1.493940E-1	+2.998046E-1
+7.174100E+9	-1.502155E-1	+3.052146E-1
+7.174115E+9	-1.506803E-1	+3.102419E-1
+7.174130E+9	-1.510743E-1	+3.153273E-1
+7.174145E+9	-1.515357E-1	+3.205992E-1
+7.174160E+9	-1.518199E-1	+3.255499E-1
+7.174175E+9	-1.523525E-1	+3.304787E-1
+7.174190E+9	-1.528168E-1	+3.354013E-1
+7.174205E+9	-1.530375E-1	+3.405851E-1
+7.174220E+9	-1.531340E-1	+3.456574E-1
+7.174235E+9	-1.531971E-1	+3.505859E-1
+7.174250E+9	-1.532448E-1	+3.555103E-1
+7.174265E+9	-1.534692E-1	+3.606342E-1
+7.174280E+9	-1.536187E-1	+3.656088E-1
+7.174295E+9	-1.535581E-1	+3.703769E-1
+7.174310E+9	-1.533904E-1	+3.748106E-1
+7.174325E+9	-1.527319E-1	+3.799986E-1
+7.174340E+9	-1.524883E-1	+3.846700E-1
+7.174355E+9	-1.522400E-1	+3.893719E-1
+7.174370E+9	-1.518042E-1	+3.940057E-1
+7.174385E+9	-1.515600E-1	+3.985320E-1
+7.174400E+9	-1.512133E-1	+4.029113E-1
+7.174415E+9	-1.508316E-1	+4.078976E-1
+7.174430E+9	-1.505028E-1	+4.130217E-1
+7.174445E+9	-1.500657E-1	+4.173634E-1
+7.174460E+9	-1.492936E-1	+4.217025E-1
+7.174475E+9	-1.489407E-1	+4.263745E-1
+7.174490E+9	-1.481345E-1	+4.307775E-1
+7.174505E+9	-1.471967E-1	+4.350460E-1
+7.174520E+9	-1.462074E-1	+4.393391E-1
+7.174535E+9	-1.455317E-1	+4.438282E-1
+7.174550E+9	-1.454236E-1	+4.481916E-1
+7.174565E+9	-1.443149E-1	+4.526498E-1
+7.174580E+9	-1.432126E-1	+4.570239E-1
+7.174595E+9	-1.420091E-1	+4.611172E-1
+7.174610E+9	-1.409607E-1	+4.652769E-1
+7.174625E+9	-1.403465E-1	+4.696065E-1
+7.174640E+9	-1.392059E-1	+4.737895E-1
+7.174655E+9	-1.380445E-1	+4.776704E-1
+7.174670E+9	-1.367837E-1	+4.812539E-1
+7.174685E+9	-1.354931E-1	+4.853263E-1
+7.174700E+9	-1.345211E-1	+4.900362E-1
+7.174715E+9	-1.332564E-1	+4.935488E-1
+7.174730E+9	-1.322720E-1	+4.971271E-1
+7.174745E+9	-1.310426E-1	+5.013047E-1
+7.174760E+9	-1.298846E-1	+5.051123E-1
+7.174775E+9	-1.286148E-1	+5.089421E-1
+7.174790E+9	-1.274138E-1	+5.128706E-1
+7.174805E+9	-1.261045E-1	+5.164991E-1
+7.174820E+9	-1.247806E-1	+5.204105E-1
+7.174835E+9	-1.231691E-1	+5.237716E-1
+7.174850E+9	-1.221383E-1	+5.272131E-1
+7.174865E+9	-1.205915E-1	+5.311344E-1
+7.174880E+9	-1.191527E-1	+5.349694E-1
+7.174895E+9	-1.173026E-1	+5.388247E-1
+7.174910E+9	-1.159019E-1	+5.421268E-1
+7.174925E+9	-1.148115E-1	+5.450334E-1
+7.174940E+9	-1.130100E-1	+5.484673E-1
+7.174955E+9	-1.110283E-1	+5.514801E-1
+7.174970E+9	-1.099143E-1	+5.551991E-1
+7.174985E+9	-1.080143E-1	+5.587522E-1
+7.175000E+9	-1.066766E-1	+5.620053E-1
+7.175015E+9	-1.051017E-1	+5.652882E-1
+7.175030E+9	-1.037398E-1	+5.682978E-1
+7.175045E+9	-1.019287E-1	+5.713638E-1
+7.175060E+9	-1.004208E-1	+5.746244E-1
+7.175075E+9	-9.850225E-2	+5.776512E-1
+7.175090E+9	-9.681525E-2	+5.810694E-1
+7.175105E+9	-9.506512E-2	+5.842950E-1
+7.175120E+9	-9.325053E-2	+5.870039E-1
+7.175135E+9	-9.172475E-2	+5.901438E-1
+7.175150E+9	-9.035119E-2	+5.930080E-1
+7.175165E+9	-8.857565E-2	+5.959649E-1
+7.175180E+9	-8.682565E-2	+5.987551E-1
+7.175195E+9	-8.481613E-2	+6.018798E-1
+7.175210E+9	-8.339940E-2	+6.046580E-1
+7.175225E+9	-8.140413E-2	+6.075730E-1
+7.175240E+9	-7.960722E-2	+6.105455E-1
+7.175255E+9	-7.788107E-2	+6.132420E-1
+7.175270E+9	-7.606691E-2	+6.159594E-1
+7.175285E+9	-7.390942E-2	+6.186984E-1
+7.175300E+9	-7.176846E-2	+6.212276E-1
+7.175315E+9	-7.029396E-2	+6.235086E-1
+7.175330E+9	-6.879946E-2	+6.260924E-1
+7.175345E+9	-6.716859E-2	+6.287583E-1
+7.175360E+9	-6.566054E-2	+6.316884E-1
+7.175375E+9	-6.373262E-2	+6.339947E-1
+7.175390E+9	-6.180722E-2	+6.367043E-1
+7.175405E+9	-5.916052E-2	+6.389955E-1
+7.175420E+9	-5.749736E-2	+6.417025E-1
+7.175435E+9	-5.565527E-2	+6.442869E-1
+7.175450E+9	-5.405988E-2	+6.465283E-1
+7.175465E+9	-5.238725E-2	+6.483010E-1
+7.175480E+9	-5.011419E-2	+6.503172E-1
+7.175495E+9	-4.814945E-2	+6.534640E-1
+7.175510E+9	-4.641592E-2	+6.559858E-1
+7.175525E+9	-4.451996E-2	+6.579676E-1
+7.175540E+9	-4.245544E-2	+6.599015E-1
+7.175555E+9	-4.059433E-2	+6.621072E-1
+7.175570E+9	-3.882289E-2	+6.649145E-1
+7.175585E+9	-3.659537E-2	+6.668504E-1
+7.175600E+9	-3.395470E-2	+6.687374E-1
+7.175615E+9	-3.143168E-2	+6.714988E-1
+7.175630E+9	-2.886293E-2	+6.742695E-1
+7.175645E+9	-2.688180E-2	+6.762012E-1
+7.175660E+9	-2.480218E-2	+6.784448E-1
+7.175675E+9	-2.230334E-2	+6.806411E-1
+7.175690E+9	-2.048751E-2	+6.822861E-1
+7.175705E+9	-1.847893E-2	+6.831881E-1
+7.175720E+9	-1.623045E-2	+6.856311E-1
+7.175735E+9	-1.524949E-2	+6.882188E-1
+7.175750E+9	-1.344131E-2	+6.898097E-1
+7.175765E+9	-1.125569E-2	+6.911868E-1
+7.175780E+9	-9.038935E-3	+6.935968E-1
+7.175795E+9	-7.240716E-3	+6.956072E-1
+7.175810E+9	-5.591989E-3	+6.970228E-1
+7.175825E+9	-3.940793E-3	+6.985718E-1
+7.175840E+9	-1.764258E-3	+7.006953E-1
+7.175855E+9	+3.155289E-5	+7.023175E-1
+7.175870E+9	+2.238819E-3	+7.041527E-1
+7.175885E+9	+4.023665E-3	+7.061696E-1
+7.175900E+9	+6.144844E-3	+7.075309E-1
+7.175915E+9	+7.992297E-3	+7.093380E-1
+7.175930E+9	+1.020300E-2	+7.112900E-1
+7.175945E+9	+1.238706E-2	+7.131073E-1
+7.175960E+9	+1.439306E-2	+7.144200E-1
+7.175975E+9	+1.607060E-2	+7.158866E-1
+7.175990E+9	+1.778181E-2	+7.175309E-1
+7.176005E+9	+1.985766E-2	+7.189645E-1
+7.176020E+9	+2.213165E-2	+7.208710E-1
+7.176035E+9	+2.409880E-2	+7.221801E-1
+7.176050E+9	+2.480657E-2	+7.230269E-1
+7.176065E+9	+2.660299E-2	+7.248570E-1
+7.176080E+9	+2.892581E-2	+7.268985E-1
+7.176095E+9	+3.071786E-2	+7.281244E-1
+7.176110E+9	+3.314472E-2	+7.292110E-1
+7.176125E+9	+3.538532E-2	+7.305178E-1
+7.176140E+9	+3.723386E-2	+7.319241E-1
+7.176155E+9	+3.868648E-2	+7.330641E-1
+7.176170E+9	+4.054859E-2	+7.345570E-1
+7.176185E+9	+4.189883E-2	+7.361805E-1
+7.176200E+9	+4.372643E-2	+7.374122E-1
+7.176215E+9	+4.581033E-2	+7.391897E-1
+7.176230E+9	+4.811018E-2	+7.403370E-1
+7.176245E+9	+4.956246E-2	+7.409563E-1
+7.176260E+9	+5.172819E-2	+7.422560E-1
+7.176275E+9	+5.374333E-2	+7.435802E-1
+7.176290E+9	+5.529147E-2	+7.452693E-1
+7.176305E+9	+5.695720E-2	+7.464215E-1
+7.176320E+9	+5.886712E-2	+7.478814E-1
+7.176335E+9	+6.024512E-2	+7.483828E-1
+7.176350E+9	+6.302146E-2	+7.503389E-1
+7.176365E+9	+6.466222E-2	+7.507995E-1
+7.176380E+9	+6.580832E-2	+7.514583E-1
+7.176395E+9	+6.778674E-2	+7.525781E-1
+7.176410E+9	+6.935305E-2	+7.537567E-1
+7.176425E+9	+7.105161E-2	+7.555054E-1
+7.176440E+9	+7.349369E-2	+7.566576E-1
+7.176455E+9	+7.612277E-2	+7.574274E-1
+7.176470E+9	+7.798453E-2	+7.578010E-1
+7.176485E+9	+7.903988E-2	+7.588586E-1
+7.176500E+9	+7.987789E-2	+7.605716E-1
+7.176515E+9	+8.232542E-2	+7.618280E-1
+7.176530E+9	+8.413858E-2	+7.628300E-1
+7.176545E+9	+8.538583E-2	+7.634367E-1
+7.176560E+9	+8.713407E-2	+7.643791E-1
+7.176575E+9	+8.907946E-2	+7.653657E-1
+7.176590E+9	+9.075324E-2	+7.663470E-1
+7.176605E+9	+9.197979E-2	+7.670493E-1
+7.176620E+9	+9.349153E-2	+7.681733E-1
+7.176635E+9	+9.519916E-2	+7.689143E-1
+7.176650E+9	+9.734692E-2	+7.693768E-1
+7.176665E+9	+9.919876E-2	+7.707982E-1
+7.176680E+9	+1.006779E-1	+7.714714E-1
+7.176695E+9	+1.026659E-1	+7.719727E-1
+7.176710E+9	+1.049387E-1	+7.729763E-1
+7.176725E+9	+1.060729E-1	+7.741650E-1
+7.176740E+9	+1.084118E-1	+7.752924E-1
+7.176755E+9	+1.103440E-1	+7.760382E-1
+7.176770E+9	+1.116812E-1	+7.768061E-1
+7.176785E+9	+1.125964E-1	+7.771358E-1
+7.176800E+9	+1.148714E-1	+7.778855E-1
+7.176815E+9	+1.163272E-1	+7.783859E-1
+7.176830E+9	+1.177231E-1	+7.797679E-1
+7.176845E+9	+1.193285E-1	+7.803995E-1
+7.176860E+9	+1.210165E-1	+7.808718E-1
+7.176875E+9	+1.225364E-1	+7.816410E-1
+7.176890E+9	+1.243968E-1	+7.824117E-1
+7.176905E+9	+1.261123E-1	+7.832306E-1
+7.176920E+9	+1.270657E-1	+7.835238E-1
+7.176935E+9	+1.289386E-1	+7.841187E-1
+7.176950E+9	+1.309129E-1	+7.852531E-1
+7.176965E+9	+1.323906E-1	+7.853788E-1
+7.176980E+9	+1.337327E-1	+7.863653E-1
+7.176995E+9	+1.354547E-1	+7.872102E-1
+7.177010E+9	+1.373590E-1	+7.881958E-1
+7.177025E+9	+1.389936E-1	+7.883953E-1
+7.177040E+9	+1.404940E-1	+7.887091E-1
+7.177055E+9	+1.417062E-1	+7.896607E-1
+7.177070E+9	+1.429638E-1	+7.900729E-1
+7.177085E+9	+1.450136E-1	+7.909033E-1
+7.177100E+9	+1.468586E-1	+7.920441E-1
+7.177115E+9	+1.484397E-1	+7.919222E-1
+7.177130E+9	+1.498090E-1	+7.925320E-1
+7.177145E+9	+1.514872E-1	+7.935550E-1
+7.177160E+9	+1.533493E-1	+7.937891E-1
+7.177175E+9	+1.546998E-1	+7.938347E-1
+7.177190E+9	+1.560211E-1	+7.943863E-1
+7.177205E+9	+1.569064E-1	+7.950939E-1
+7.177220E+9	+1.587362E-1	+7.960646E-1
+7.177235E+9	+1.600812E-1	+7.969593E-1
+7.177250E+9	+1.619234E-1	+7.964831E-1
+7.177265E+9	+1.630444E-1	+7.972302E-1
+7.177280E+9	+1.642146E-1	+7.979709E-1
+7.177295E+9	+1.656079E-1	+7.983747E-1
+7.177310E+9	+1.671156E-1	+7.988717E-1
+7.177325E+9	+1.686506E-1	+7.990460E-1
+7.177340E+9	+1.706988E-1	+8.001174E-1
+7.177355E+9	+1.723623E-1	+8.006436E-1
+7.177370E+9	+1.739248E-1	+8.008538E-1
+7.177385E+9	+1.746496E-1	+8.009196E-1
+7.177400E+9	+1.761163E-1	+8.020078E-1
+7.177415E+9	+1.781056E-1	+8.022892E-1
+7.177430E+9	+1.793897E-1	+8.017022E-1
+7.177445E+9	+1.809300E-1	+8.022957E-1
+7.177460E+9	+1.813117E-1	+8.036214E-1
+7.177475E+9	+1.830470E-1	+8.036585E-1
+7.177490E+9	+1.842698E-1	+8.034599E-1
+7.177505E+9	+1.860196E-1	+8.040470E-1
+7.177520E+9	+1.875711E-1	+8.041991E-1
+7.177535E+9	+1.892274E-1	+8.047807E-1
+7.177550E+9	+1.898866E-1	+8.057314E-1
+7.177565E+9	+1.913498E-1	+8.056161E-1
+7.177580E+9	+1.926808E-1	+8.060873E-1
+7.177595E+9	+1.946709E-1	+8.063030E-1
+7.177610E+9	+1.958131E-1	+8.070965E-1
+7.177625E+9	+1.971041E-1	+8.066965E-1
+7.177640E+9	+1.982779E-1	+8.072839E-1
+7.177655E+9	+2.003412E-1	+8.074732E-1
+7.177670E+9	+2.014999E-1	+8.078525E-1
+7.177685E+9	+2.027896E-1	+8.082741E-1
+7.177700E+9	+2.039107E-1	+8.082154E-1
+7.177715E+9	+2.052220E-1	+8.087104E-1
+7.177730E+9	+2.066445E-1	+8.093697E-1
+7.177745E+9	+2.080072E-1	+8.094467E-1
+7.177760E+9	+2.090541E-1	+8.096656E-1
+7.177775E+9	+2.098236E-1	+8.097001E-1
+7.177790E+9	+2.110633E-1	+8.105453E-1
+7.177805E+9	+2.126550E-1	+8.107481E-1
+7.177820E+9	+2.142389E-1	+8.113934E-1
+7.177835E+9	+2.159668E-1	+8.108661E-1
+7.177850E+9	+2.169345E-1	+8.116797E-1
+7.177865E+9	+2.183724E-1	+8.119637E-1
+7.177880E+9	+2.197772E-1	+8.126379E-1
+7.177895E+9	+2.210263E-1	+8.125507E-1
+7.177910E+9	+2.223279E-1	+8.123813E-1
+7.177925E+9	+2.230272E-1	+8.131246E-1
+7.177940E+9	+2.242609E-1	+8.133469E-1
+7.177955E+9	+2.257357E-1	+8.138114E-1
+7.177970E+9	+2.269830E-1	+8.134123E-1
+7.177985E+9	+2.284875E-1	+8.133382E-1
+7.178000E+9	+2.297021E-1	+8.134421E-1
+7.178015E+9	+2.312193E-1	+8.134290E-1
+7.178030E+9	+2.319532E-1	+8.136284E-1
+7.178045E+9	+2.334052E-1	+8.138535E-1
+7.178060E+9	+2.345038E-1	+8.145819E-1
+7.178075E+9	+2.354912E-1	+8.147641E-1
+7.178090E+9	+2.366078E-1	+8.151055E-1
+7.178105E+9	+2.383430E-1	+8.152665E-1
+7.178120E+9	+2.390775E-1	+8.154049E-1
+7.178135E+9	+2.404782E-1	+8.151644E-1
+7.178150E+9	+2.414231E-1	+8.149023E-1
+7.178165E+9	+2.421533E-1	+8.153903E-1
+7.178180E+9	+2.430462E-1	+8.160892E-1
+7.178195E+9	+2.445143E-1	+8.161292E-1
+7.178210E+9	+2.462634E-1	+8.163776E-1
+7.178225E+9	+2.479200E-1	+8.166072E-1
+7.178240E+9	+2.486242E-1	+8.169260E-1
+7.178255E+9	+2.498386E-1	+8.167176E-1
+7.178270E+9	+2.509777E-1	+8.174090E-1
+7.178285E+9	+2.523304E-1	+8.170340E-1
+7.178300E+9	+2.533384E-1	+8.165991E-1
+7.178315E+9	+2.538697E-1	+8.167091E-1
+7.178330E+9	+2.545080E-1	+8.167127E-1
+7.178345E+9	+2.557351E-1	+8.168442E-1
+7.178360E+9	+2.575345E-1	+8.171562E-1
+7.178375E+9	+2.587001E-1	+8.177228E-1
+7.178390E+9	+2.596021E-1	+8.181431E-1
+7.178405E+9	+2.605674E-1	+8.183589E-1
+7.178420E+9	+2.618419E-1	+8.187304E-1
+7.178435E+9	+2.631490E-1	+8.180383E-1
+7.178450E+9	+2.644799E-1	+8.186823E-1
+7.178465E+9	+2.658256E-1	+8.181054E-1
+7.178480E+9	+2.666403E-1	+8.177549E-1
+7.178495E+9	+2.670209E-1	+8.179563E-1
+7.178510E+9	+2.682895E-1	+8.181993E-1
+7.178525E+9	+2.701531E-1	+8.189913E-1
+7.178540E+9	+2.709276E-1	+8.191081E-1
+7.178555E+9	+2.719972E-1	+8.188661E-1
+7.178570E+9	+2.724746E-1	+8.187354E-1
+7.178585E+9	+2.735281E-1	+8.190775E-1
+7.178600E+9	+2.740897E-1	+8.186387E-1
+7.178615E+9	+2.756271E-1	+8.190652E-1
+7.178630E+9	+2.766848E-1	+8.185957E-1
+7.178645E+9	+2.782391E-1	+8.186406E-1
+7.178660E+9	+2.792205E-1	+8.187742E-1
+7.178675E+9	+2.797331E-1	+8.192636E-1
+7.178690E+9	+2.815171E-1	+8.196352E-1
+7.178705E+9	+2.825366E-1	+8.195592E-1
+7.178720E+9	+2.834589E-1	+8.196196E-1
+7.178735E+9	+2.842049E-1	+8.197658E-1
+7.178750E+9	+2.854182E-1	+8.197015E-1
+7.178765E+9	+2.864678E-1	+8.193492E-1
+7.178780E+9	+2.873468E-1	+8.196250E-1
+7.178795E+9	+2.884705E-1	+8.196617E-1
+7.178810E+9	+2.892322E-1	+8.195637E-1
+7.178825E+9	+2.900139E-1	+8.195964E-1
+7.178840E+9	+2.913291E-1	+8.195486E-1
+7.178855E+9	+2.925604E-1	+8.191387E-1
+7.178870E+9	+2.929874E-1	+8.187954E-1
+7.178885E+9	+2.942107E-1	+8.192997E-1
+7.178900E+9	+2.952736E-1	+8.198955E-1
+7.178915E+9	+2.962646E-1	+8.198834E-1
+7.178930E+9	+2.969250E-1	+8.197525E-1
+7.178945E+9	+2.978752E-1	+8.200209E-1
+7.178960E+9	+2.988178E-1	+8.195788E-1
+7.178975E+9	+2.999310E-1	+8.196925E-1
+7.178990E+9	+3.004599E-1	+8.189714E-1
+7.179005E+9	+3.011672E-1	+8.192363E-1
+7.179020E+9	+3.022933E-1	+8.196339E-1
+7.179035E+9	+3.040578E-1	+8.200923E-1
+7.179050E+9	+3.052347E-1	+8.199443E-1
+7.179065E+9	+3.055234E-1	+8.195628E-1
+7.179080E+9	+3.069546E-1	+8.194129E-1
+7.179095E+9	+3.080622E-1	+8.199049E-1
+7.179110E+9	+3.087656E-1	+8.200352E-1
+7.179125E+9	+3.093501E-1	+8.199255E-1
+7.179140E+9	+3.101040E-1	+8.201745E-1
+7.179155E+9	+3.109124E-1	+8.198991E-1
+7.179170E+9	+3.119201E-1	+8.195922E-1
+7.179185E+9	+3.127793E-1	+8.192509E-1
+7.179200E+9	+3.134437E-1	+8.194082E-1
+7.179215E+9	+3.149807E-1	+8.195828E-1
+7.179230E+9	+3.168985E-1	+8.198486E-1
+7.179245E+9	+3.171384E-1	+8.196790E-1
+7.179260E+9	+3.177290E-1	+8.195186E-1
+7.179275E+9	+3.178252E-1	+8.194114E-1
+7.179290E+9	+3.187246E-1	+8.193196E-1
+7.179305E+9	+3.196608E-1	+8.191160E-1
+7.179320E+9	+3.200596E-1	+8.190794E-1
+7.179335E+9	+3.215271E-1	+8.190056E-1
+7.179350E+9	+3.228582E-1	+8.195826E-1
+7.179365E+9	+3.241994E-1	+8.195471E-1
+7.179380E+9	+3.247719E-1	+8.202502E-1
+7.179395E+9	+3.252511E-1	+8.198331E-1
+7.179410E+9	+3.263810E-1	+8.196633E-1
+7.179425E+9	+3.270601E-1	+8.192825E-1
+7.179440E+9	+3.280936E-1	+8.192128E-1
+7.179455E+9	+3.290798E-1	+8.187782E-1
+7.179470E+9	+3.295937E-1	+8.188172E-1
+7.179485E+9	+3.307479E-1	+8.188112E-1
+7.179500E+9	+3.313136E-1	+8.182002E-1
+7.179515E+9	+3.317608E-1	+8.179589E-1
+7.179530E+9	+3.330445E-1	+8.189278E-1
+7.179545E+9	+3.342661E-1	+8.187588E-1
+7.179560E+9	+3.346393E-1	+8.185457E-1
+7.179575E+9	+3.349370E-1	+8.178320E-1
+7.179590E+9	+3.363051E-1	+8.181482E-1
+7.179605E+9	+3.382957E-1	+8.184149E-1
+7.179620E+9	+3.385059E-1	+8.177812E-1
+7.179635E+9	+3.381902E-1	+8.182688E-1
+7.179650E+9	+3.396610E-1	+8.181487E-1
+7.179665E+9	+3.401526E-1	+8.182365E-1
+7.179680E+9	+3.409980E-1	+8.182987E-1
+7.179695E+9	+3.417805E-1	+8.179634E-1
+7.179710E+9	+3.429487E-1	+8.177600E-1
+7.179725E+9	+3.435390E-1	+8.178484E-1
+7.179740E+9	+3.441325E-1	+8.177672E-1
+7.179755E+9	+3.447131E-1	+8.176427E-1
+7.179770E+9	+3.452512E-1	+8.178028E-1
+7.179785E+9	+3.464878E-1	+8.175440E-1
+7.179800E+9	+3.482598E-1	+8.174743E-1
+7.179815E+9	+3.483556E-1	+8.171479E-1
+7.179830E+9	+3.489307E-1	+8.172931E-1
+7.179845E+9	+3.494511E-1	+8.171186E-1
+7.179860E+9	+3.512471E-1	+8.174063E-1
+7.179875E+9	+3.518891E-1	+8.180479E-1
+7.179890E+9	+3.522895E-1	+8.173919E-1
+7.179905E+9	+3.530555E-1	+8.169048E-1
+7.179920E+9	+3.540370E-1	+8.173051E-1
+7.179935E+9	+3.545843E-1	+8.170753E-1
+7.179950E+9	+3.552121E-1	+8.172313E-1
+7.179965E+9	+3.560531E-1	+8.166597E-1
+7.179980E+9	+3.566392E-1	+8.159078E-1
+7.179995E+9	+3.580981E-1	+8.161614E-1
+7.180010E+9	+3.587549E-1	+8.164224E-1
+7.180025E+9	+3.590407E-1	+8.161978E-1
+7.180040E+9	+3.601059E-1	+8.161565E-1
+7.180055E+9	+3.609169E-1	+8.166130E-1
+7.180070E+9	+3.616843E-1	+8.162294E-1
+7.180085E+9	+3.619386E-1	+8.159462E-1
+7.180100E+9	+3.624323E-1	+8.158417E-1
+7.180115E+9	+3.630268E-1	+8.154804E-1
+7.180130E+9	+3.640793E-1	+8.149087E-1
+7.180145E+9	+3.645991E-1	+8.159189E-1
+7.180160E+9	+3.653275E-1	+8.152038E-1
+7.180175E+9	+3.667735E-1	+8.145238E-1
+7.180190E+9	+3.675134E-1	+8.146427E-1
+7.180205E+9	+3.683659E-1	+8.143125E-1
+7.180220E+9	+3.688365E-1	+8.143411E-1
+7.180235E+9	+3.693308E-1	+8.143941E-1
+7.180250E+9	+3.703366E-1	+8.144448E-1
+7.180265E+9	+3.710387E-1	+8.144902E-1
+7.180280E+9	+3.720079E-1	+8.146930E-1
+7.180295E+9	+3.727284E-1	+8.146525E-1
+7.180310E+9	+3.726252E-1	+8.143873E-1
+7.180325E+9	+3.733179E-1	+8.138699E-1
+7.180340E+9	+3.743423E-1	+8.140484E-1
+7.180355E+9	+3.752243E-1	+8.141680E-1
+7.180370E+9	+3.759095E-1	+8.144037E-1
+7.180385E+9	+3.760916E-1	+8.140992E-1
+7.180400E+9	+3.762578E-1	+8.136230E-1
+7.180415E+9	+3.772200E-1	+8.136409E-1
+7.180430E+9	+3.775134E-1	+8.137809E-1
+7.180445E+9	+3.779153E-1	+8.132787E-1
+7.180460E+9	+3.790191E-1	+8.126231E-1
+7.180475E+9	+3.802039E-1	+8.124937E-1
+7.180490E+9	+3.812438E-1	+8.120093E-1
+7.180505E+9	+3.818538E-1	+8.122346E-1
+7.180520E+9	+3.827674E-1	+8.120744E-1
+7.180535E+9	+3.830520E-1	+8.129063E-1
+7.180550E+9	+3.835985E-1	+8.120544E-1
+7.180565E+9	+3.844401E-1	+8.121124E-1
+7.180580E+9	+3.850153E-1	+8.121730E-1
+7.180595E+9	+3.854779E-1	+8.121030E-1
+7.180610E+9	+3.864940E-1	+8.117977E-1
+7.180625E+9	+3.871119E-1	+8.119050E-1
+7.180640E+9	+3.880988E-1	+8.116938E-1
+7.180655E+9	+3.881090E-1	+8.112526E-1
+7.180670E+9	+3.889896E-1	+8.107880E-1
+7.180685E+9	+3.898264E-1	+8.108309E-1
+7.180700E+9	+3.903358E-1	+8.109842E-1
+7.180715E+9	+3.907269E-1	+8.107489E-1
+7.180730E+9	+3.911424E-1	+8.110993E-1
+7.180745E+9	+3.923855E-1	+8.108348E-1
+7.180760E+9	+3.932437E-1	+8.109198E-1
+7.180775E+9	+3.941510E-1	+8.104494E-1
+7.180790E+9	+3.937905E-1	+8.102137E-1
+7.180805E+9	+3.939107E-1	+8.098492E-1
+7.180820E+9	+3.951668E-1	+8.097258E-1
+7.180835E+9	+3.960684E-1	+8.097345E-1
+7.180850E+9	+3.967415E-1	+8.098693E-1
+7.180865E+9	+3.972990E-1	+8.097920E-1
+7.180880E+9	+3.976145E-1	+8.100844E-1
+7.180895E+9	+3.985792E-1	+8.097851E-1
+7.180910E+9	+3.992378E-1	+8.091614E-1
+7.180925E+9	+3.996508E-1	+8.089531E-1
+7.180940E+9	+4.001451E-1	+8.088532E-1
+7.180955E+9	+4.007849E-1	+8.087665E-1
+7.180970E+9	+4.017851E-1	+8.086483E-1
+7.180985E+9	+4.024675E-1	+8.088800E-1
+7.181000E+9	+4.023746E-1	+8.087601E-1
+7.181015E+9	+4.027372E-1	+8.083196E-1
+7.181030E+9	+4.036153E-1	+8.084040E-1
+7.181045E+9	+4.040639E-1	+8.082878E-1
+7.181060E+9	+4.052291E-1	+8.077383E-1
+7.181075E+9	+4.052880E-1	+8.080635E-1
+7.181090E+9	+4.063594E-1	+8.076551E-1
+7.181105E+9	+4.072224E-1	+8.072826E-1
+7.181120E+9	+4.080174E-1	+8.072321E-1
+7.181135E+9	+4.086908E-1	+8.070866E-1
+7.181150E+9	+4.084321E-1	+8.072108E-1
+7.181165E+9	+4.093308E-1	+8.070577E-1
+7.181180E+9	+4.106786E-1	+8.061240E-1
+7.181195E+9	+4.108060E-1	+8.062796E-1
+7.181210E+9	+4.110058E-1	+8.064118E-1
+7.181225E+9	+4.113155E-1	+8.067181E-1
+7.181240E+9	+4.119251E-1	+8.066456E-1
+7.181255E+9	+4.121460E-1	+8.062258E-1
+7.181270E+9	+4.126727E-1	+8.057142E-1
+7.181285E+9	+4.134908E-1	+8.053863E-1
+7.181300E+9	+4.140093E-1	+8.053266E-1
+7.181315E+9	+4.144408E-1	+8.053381E-1
+7.181330E+9	+4.155959E-1	+8.052766E-1
+7.181345E+9	+4.160896E-1	+8.048487E-1
+7.181360E+9	+4.165352E-1	+8.048682E-1
+7.181375E+9	+4.173786E-1	+8.049108E-1
+7.181390E+9	+4.179006E-1	+8.050464E-1
+7.181405E+9	+4.184461E-1	+8.047005E-1
+7.181420E+9	+4.194183E-1	+8.046070E-1
+7.181435E+9	+4.200310E-1	+8.047632E-1
+7.181450E+9	+4.199274E-1	+8.045023E-1
+7.181465E+9	+4.209793E-1	+8.043269E-1
+7.181480E+9	+4.211292E-1	+8.038321E-1
+7.181495E+9	+4.219191E-1	+8.035302E-1
+7.181510E+9	+4.227206E-1	+8.036606E-1
+7.181525E+9	+4.230365E-1	+8.038200E-1
+7.181540E+9	+4.237057E-1	+8.036045E-1
+7.181555E+9	+4.236396E-1	+8.033772E-1
+7.181570E+9	+4.242958E-1	+8.030515E-1
+7.181585E+9	+4.249463E-1	+8.031313E-1
+7.181600E+9	+4.259007E-1	+8.020007E-1
+7.181615E+9	+4.259815E-1	+8.016785E-1
+7.181630E+9	+4.263300E-1	+8.015160E-1
+7.181645E+9	+4.267680E-1	+8.017352E-1
+7.181660E+9	+4.275675E-1	+8.021019E-1
+7.181675E+9	+4.283159E-1	+8.025757E-1
+7.181690E+9	+4.284688E-1	+8.022544E-1
+7.181705E+9	+4.289776E-1	+8.014059E-1
+7.181720E+9	+4.302007E-1	+8.013523E-1
+7.181735E+9	+4.307429E-1	+8.012307E-1
+7.181750E+9	+4.311276E-1	+8.010919E-1
+7.181765E+9	+4.313283E-1	+8.011185E-1
+7.181780E+9	+4.320448E-1	+8.009209E-1
+7.181795E+9	+4.329516E-1	+8.012162E-1
+7.181810E+9	+4.329700E-1	+8.011597E-1
+7.181825E+9	+4.332306E-1	+7.999835E-1
+7.181840E+9	+4.338124E-1	+8.001471E-1
+7.181855E+9	+4.342374E-1	+7.999986E-1
+7.181870E+9	+4.348285E-1	+8.005216E-1
+7.181885E+9	+4.353214E-1	+8.006579E-1
+7.181900E+9	+4.357714E-1	+7.996858E-1
+7.181915E+9	+4.365821E-1	+7.997459E-1
+7.181930E+9	+4.371788E-1	+7.996478E-1
+7.181945E+9	+4.372212E-1	+7.994538E-1
+7.181960E+9	+4.378824E-1	+7.986926E-1
+7.181975E+9	+4.384974E-1	+7.985528E-1
+7.181990E+9	+4.392340E-1	+7.988287E-1
+7.182005E+9	+4.395430E-1	+7.986708E-1
+7.182020E+9	+4.401027E-1	+7.985061E-1
+7.182035E+9	+4.407243E-1	+7.984626E-1
+7.182050E+9	+4.411395E-1	+7.981759E-1
+7.182065E+9	+4.415125E-1	+7.975953E-1
+7.182080E+9	+4.419466E-1	+7.976024E-1
+7.182095E+9	+4.422946E-1	+7.975522E-1
+7.182110E+9	+4.434509E-1	+7.979011E-1
+7.182125E+9	+4.431098E-1	+7.971789E-1
+7.182140E+9	+4.438152E-1	+7.971185E-1
+7.182155E+9	+4.444679E-1	+7.971080E-1
+7.182170E+9	+4.451686E-1	+7.966717E-1
+7.182185E+9	+4.453587E-1	+7.964350E-1
+7.182200E+9	+4.458166E-1	+7.963312E-1
+7.182215E+9	+4.464981E-1	+7.962156E-1
+7.182230E+9	+4.470932E-1	+7.961764E-1
+7.182245E+9	+4.475649E-1	+7.960280E-1
+7.182260E+9	+4.480561E-1	+7.961347E-1
+7.182275E+9	+4.484283E-1	+7.961556E-1
+7.182290E+9	+4.485882E-1	+7.957346E-1
+7.182305E+9	+4.487760E-1	+7.956398E-1
+7.182320E+9	+4.492715E-1	+7.953861E-1
+7.182335E+9	+4.501069E-1	+7.951054E-1
+7.182350E+9	+4.512250E-1	+7.952262E-1
+7.182365E+9	+4.512059E-1	+7.950939E-1
+7.182380E+9	+4.517677E-1	+7.946258E-1
+7.182395E+9	+4.524807E-1	+7.945796E-1
+7.182410E+9	+4.528732E-1	+7.939386E-1
+7.182425E+9	+4.526984E-1	+7.938766E-1
+7.182440E+9	+4.531057E-1	+7.933287E-1
+7.182455E+9	+4.535969E-1	+7.936127E-1
+7.182470E+9	+4.545123E-1	+7.935978E-1
+7.182485E+9	+4.547710E-1	+7.941659E-1
+7.182500E+9	+4.552952E-1	+7.930839E-1
+7.182515E+9	+4.558809E-1	+7.930202E-1
+7.182530E+9	+4.563677E-1	+7.930453E-1
+7.182545E+9	+4.566686E-1	+7.928460E-1
+7.182560E+9	+4.567906E-1	+7.928479E-1
+7.182575E+9	+4.576419E-1	+7.928940E-1
+7.182590E+9	+4.583368E-1	+7.927328E-1
+7.182605E+9	+4.582841E-1	+7.927542E-1
+7.182620E+9	+4.589511E-1	+7.922773E-1
+7.182635E+9	+4.593193E-1	+7.918855E-1
+7.182650E+9	+4.595704E-1	+7.917108E-1
+7.182665E+9	+4.600371E-1	+7.917106E-1
+7.182680E+9	+4.605887E-1	+7.920138E-1
+7.182695E+9	+4.615269E-1	+7.916413E-1
+7.182710E+9	+4.619825E-1	+7.912449E-1
+7.182725E+9	+4.624015E-1	+7.912903E-1
+7.182740E+9	+4.624694E-1	+7.909057E-1
+7.182755E+9	+4.627614E-1	+7.909874E-1
+7.182770E+9	+4.634820E-1	+7.909182E-1
+7.182785E+9	+4.641209E-1	+7.907326E-1
+7.182800E+9	+4.640838E-1	+7.901572E-1
+7.182815E+9	+4.642887E-1	+7.902086E-1
+7.182830E+9	+4.651837E-1	+7.901672E-1
+7.182845E+9	+4.655871E-1	+7.895249E-1
+7.182860E+9	+4.660754E-1	+7.894380E-1
+7.182875E+9	+4.667756E-1	+7.897396E-1
+7.182890E+9	+4.672791E-1	+7.892009E-1
+7.182905E+9	+4.674821E-1	+7.888673E-1
+7.182920E+9	+4.681697E-1	+7.889048E-1
+7.182935E+9	+4.689114E-1	+7.882901E-1
+7.182950E+9	+4.690610E-1	+7.886718E-1
+7.182965E+9	+4.694469E-1	+7.882506E-1
+7.182980E+9	+4.697699E-1	+7.881453E-1
+7.182995E+9	+4.696379E-1	+7.881662E-1
+7.183010E+9	+4.702402E-1	+7.879869E-1
+7.183025E+9	+4.708998E-1	+7.876902E-1
+7.183040E+9	+4.719934E-1	+7.876438E-1
+7.183055E+9	+4.714543E-1	+7.867395E-1
+7.183070E+9	+4.717290E-1	+7.862847E-1
+7.183085E+9	+4.721021E-1	+7.869771E-1
+7.183100E+9	+4.730168E-1	+7.867893E-1
+7.183115E+9	+4.732676E-1	+7.863968E-1
+7.183130E+9	+4.735882E-1	+7.862703E-1
+7.183145E+9	+4.740890E-1	+7.859863E-1
+7.183160E+9	+4.749640E-1	+7.861098E-1
+7.183175E+9	+4.758821E-1	+7.864103E-1
+7.183190E+9	+4.759356E-1	+7.862861E-1
+7.183205E+9	+4.753471E-1	+7.856769E-1
+7.183220E+9	+4.757272E-1	+7.855807E-1
+7.183235E+9	+4.763115E-1	+7.852134E-1
+7.183250E+9	+4.772354E-1	+7.850286E-1
+7.183265E+9	+4.777224E-1	+7.848790E-1
+7.183280E+9	+4.783079E-1	+7.847920E-1
+7.183295E+9	+4.783385E-1	+7.849786E-1
+7.183310E+9	+4.787580E-1	+7.850088E-1
+7.183325E+9	+4.791717E-1	+7.848575E-1
+7.183340E+9	+4.793693E-1	+7.845075E-1
+7.183355E+9	+4.799013E-1	+7.839994E-1
+7.183370E+9	+4.806826E-1	+7.837579E-1
+7.183385E+9	+4.812097E-1	+7.835164E-1
+7.183400E+9	+4.816834E-1	+7.837368E-1
+7.183415E+9	+4.818193E-1	+7.839027E-1
+7.183430E+9	+4.818402E-1	+7.838422E-1
+7.183445E+9	+4.825425E-1	+7.833025E-1
+7.183460E+9	+4.831070E-1	+7.833540E-1
+7.183475E+9	+4.833197E-1	+7.831951E-1
+7.183490E+9	+4.833452E-1	+7.824361E-1
+7.183505E+9	+4.837396E-1	+7.818390E-1
+7.183520E+9	+4.843145E-1	+7.818533E-1
+7.183535E+9	+4.846578E-1	+7.817318E-1
+7.183550E+9	+4.849586E-1	+7.815023E-1
+7.183565E+9	+4.853553E-1	+7.814289E-1
+7.183580E+9	+4.858234E-1	+7.816586E-1
+7.183595E+9	+4.861084E-1	+7.811111E-1
+7.183610E+9	+4.869163E-1	+7.810446E-1
+7.183625E+9	+4.874837E-1	+7.813560E-1
+7.183640E+9	+4.874672E-1	+7.807760E-1
+7.183655E+9	+4.879444E-1	+7.807281E-1
+7.183670E+9	+4.882183E-1	+7.803509E-1
+7.183685E+9	+4.883565E-1	+7.802541E-1
+7.183700E+9	+4.884705E-1	+7.805096E-1
+7.183715E+9	+4.890623E-1	+7.804043E-1
+7.183730E+9	+4.895961E-1	+7.797221E-1
+7.183745E+9	+4.898680E-1	+7.796573E-1
+7.183760E+9	+4.902092E-1	+7.798339E-1
+7.183775E+9	+4.905621E-1	+7.792331E-1
+7.183790E+9	+4.913325E-1	+7.791078E-1
+7.183805E+9	+4.919229E-1	+7.784909E-1
+7.183820E+9	+4.922849E-1	+7.789956E-1
+7.183835E+9	+4.922726E-1	+7.792867E-1
+7.183850E+9	+4.929848E-1	+7.788420E-1
+7.183865E+9	+4.929828E-1	+7.787551E-1
+7.183880E+9	+4.934618E-1	+7.786499E-1
+7.183895E+9	+4.937369E-1	+7.781726E-1
+7.183910E+9	+4.937281E-1	+7.782045E-1
+7.183925E+9	+4.944880E-1	+7.779871E-1
+7.183940E+9	+4.951054E-1	+7.779167E-1
+7.183955E+9	+4.953971E-1	+7.779786E-1
+7.183970E+9	+4.955315E-1	+7.778252E-1
+7.183985E+9	+4.959754E-1	+7.775853E-1
+7.184000E+9	+4.970238E-1	+7.772446E-1
+7.184015E+9	+4.973516E-1	+7.772578E-1
+7.184030E+9	+4.968849E-1	+7.761032E-1
+7.184045E+9	+4.973914E-1	+7.762410E-1
+7.184060E+9	+4.974967E-1	+7.760940E-1
+7.184075E+9	+4.979974E-1	+7.763955E-1
+7.184090E+9	+4.987319E-1	+7.765966E-1
+7.184105E+9	+4.992539E-1	+7.758236E-1
+7.184120E+9	+4.999463E-1	+7.756332E-1
+7.184135E+9	+4.999365E-1	+7.756602E-1
+7.184150E+9	+5.001155E-1	+7.748683E-1
+7.184165E+9	+5.003872E-1	+7.748189E-1
+7.184180E+9	+5.009057E-1	+7.748435E-1
+7.184195E+9	+5.010506E-1	+7.746088E-1
+7.184210E+9	+5.011124E-1	+7.748437E-1
+7.184225E+9	+5.011462E-1	+7.746523E-1
+7.184240E+9	+5.015936E-1	+7.745329E-1
+7.184255E+9	+5.028355E-1	+7.741720E-1
+7.184270E+9	+5.029820E-1	+7.736870E-1
+7.184285E+9	+5.027447E-1	+7.734580E-1
+7.184300E+9	+5.033118E-1	+7.738046E-1
+7.184315E+9	+5.037923E-1	+7.739348E-1
+7.184330E+9	+5.047494E-1	+7.734110E-1
+7.184345E+9	+5.052016E-1	+7.728758E-1
+7.184360E+9	+5.052001E-1	+7.722945E-1
+7.184375E+9	+5.048587E-1	+7.728512E-1
+7.184390E+9	+5.055842E-1	+7.728607E-1
+7.184405E+9	+5.062519E-1	+7.723184E-1
+7.184420E+9	+5.065973E-1	+7.720106E-1
+7.184435E+9	+5.069461E-1	+7.718093E-1
+7.184450E+9	+5.070079E-1	+7.715496E-1
+7.184465E+9	+5.074577E-1	+7.715056E-1
+7.184480E+9	+5.079500E-1	+7.716214E-1
+7.184495E+9	+5.079567E-1	+7.717682E-1
+7.184510E+9	+5.084476E-1	+7.713339E-1
+7.184525E+9	+5.088500E-1	+7.709939E-1
+7.184540E+9	+5.096194E-1	+7.711777E-1
+7.184555E+9	+5.098885E-1	+7.709906E-1
+7.184570E+9	+5.097090E-1	+7.708718E-1
+7.184585E+9	+5.102788E-1	+7.701233E-1
+7.184600E+9	+5.106385E-1	+7.701521E-1
+7.184615E+9	+5.112048E-1	+7.703435E-1
+7.184630E+9	+5.113811E-1	+7.700841E-1
+7.184645E+9	+5.115767E-1	+7.698384E-1
+7.184660E+9	+5.120574E-1	+7.697063E-1
+7.184675E+9	+5.127244E-1	+7.696671E-1
+7.184690E+9	+5.131883E-1	+7.691996E-1
+7.184705E+9	+5.127000E-1	+7.690185E-1
+7.184720E+9	+5.133102E-1	+7.689120E-1
+7.184735E+9	+5.136863E-1	+7.689162E-1
+7.184750E+9	+5.138174E-1	+7.690073E-1
+7.184765E+9	+5.141127E-1	+7.684158E-1
+7.184780E+9	+5.147409E-1	+7.677572E-1
+7.184795E+9	+5.146876E-1	+7.676407E-1
+7.184810E+9	+5.152320E-1	+7.681181E-1
+7.184825E+9	+5.158428E-1	+7.683298E-1
+7.184840E+9	+5.157174E-1	+7.677153E-1
+7.184855E+9	+5.161591E-1	+7.673069E-1
+7.184870E+9	+5.167024E-1	+7.667863E-1
+7.184885E+9	+5.170584E-1	+7.667871E-1
+7.184900E+9	+5.173196E-1	+7.671883E-1
+7.184915E+9	+5.174909E-1	+7.670485E-1
+7.184930E+9	+5.177438E-1	+7.667499E-1
+7.184945E+9	+5.183167E-1	+7.664039E-1
+7.184960E+9	+5.182085E-1	+7.662354E-1
+7.184975E+9	+5.186044E-1	+7.658758E-1
+7.184990E+9	+5.190374E-1	+7.656630E-1
+7.185005E+9	+5.191527E-1	+7.661738E-1
+7.185020E+9	+5.195115E-1	+7.659767E-1
+7.185035E+9	+5.199693E-1	+7.653138E-1
+7.185050E+9	+5.207523E-1	+7.653692E-1
+7.185065E+9	+5.208631E-1	+7.654744E-1
+7.185080E+9	+5.209570E-1	+7.651068E-1
+7.185095E+9	+5.213381E-1	+7.647168E-1
+7.185110E+9	+5.220357E-1	+7.643540E-1
+7.185125E+9	+5.224386E-1	+7.640985E-1
+7.185140E+9	+5.227039E-1	+7.643028E-1
+7.185155E+9	+5.221727E-1	+7.640755E-1
+7.185170E+9	+5.228317E-1	+7.640419E-1
+7.185185E+9	+5.235010E-1	+7.640773E-1
+7.185200E+9	+5.236529E-1	+7.636409E-1
+7.185215E+9	+5.235830E-1	+7.633431E-1
+7.185230E+9	+5.243808E-1	+7.635946E-1
+7.185245E+9	+5.244073E-1	+7.637104E-1
+7.185260E+9	+5.245816E-1	+7.632454E-1
+7.185275E+9	+5.253175E-1	+7.627549E-1
+7.185290E+9	+5.258664E-1	+7.623676E-1
+7.185305E+9	+5.264445E-1	+7.623111E-1
+7.185320E+9	+5.265933E-1	+7.626139E-1
+7.185335E+9	+5.269971E-1	+7.620712E-1
+7.185350E+9	+5.272408E-1	+7.619151E-1
+7.185365E+9	+5.277796E-1	+7.614559E-1
+7.185380E+9	+5.278499E-1	+7.619696E-1
+7.185395E+9	+5.282646E-1	+7.617482E-1
+7.185410E+9	+5.283231E-1	+7.613945E-1
+7.185425E+9	+5.285545E-1	+7.610558E-1
+7.185440E+9	+5.288176E-1	+7.608816E-1
+7.185455E+9	+5.284355E-1	+7.613526E-1
+7.185470E+9	+5.288177E-1	+7.611479E-1
+7.185485E+9	+5.291281E-1	+7.605418E-1
+7.185500E+9	+5.300420E-1	+7.605075E-1
+7.185515E+9	+5.305609E-1	+7.600718E-1
+7.185530E+9	+5.303996E-1	+7.599242E-1
+7.185545E+9	+5.305994E-1	+7.598273E-1
+7.185560E+9	+5.311402E-1	+7.595530E-1
+7.185575E+9	+5.316887E-1	+7.595765E-1
+7.185590E+9	+5.318259E-1	+7.590266E-1
+7.185605E+9	+5.319407E-1	+7.588795E-1
+7.185620E+9	+5.324125E-1	+7.591232E-1
+7.185635E+9	+5.326799E-1	+7.593203E-1
+7.185650E+9	+5.327776E-1	+7.587458E-1
+7.185665E+9	+5.329289E-1	+7.583870E-1
+7.185680E+9	+5.336296E-1	+7.581570E-1
+7.185695E+9	+5.341411E-1	+7.579092E-1
+7.185710E+9	+5.342981E-1	+7.583336E-1
+7.185725E+9	+5.340903E-1	+7.578976E-1
+7.185740E+9	+5.344926E-1	+7.578218E-1
+7.185755E+9	+5.351042E-1	+7.576709E-1
+7.185770E+9	+5.352106E-1	+7.574426E-1
+7.185785E+9	+5.353541E-1	+7.570708E-1
+7.185800E+9	+5.359598E-1	+7.570600E-1
+7.185815E+9	+5.365572E-1	+7.565208E-1
+7.185830E+9	+5.368912E-1	+7.565042E-1
+7.185845E+9	+5.369011E-1	+7.563933E-1
+7.185860E+9	+5.373984E-1	+7.565124E-1
+7.185875E+9	+5.378825E-1	+7.564181E-1
+7.185890E+9	+5.380815E-1	+7.563311E-1
+7.185905E+9	+5.381554E-1	+7.557879E-1
+7.185920E+9	+5.381692E-1	+7.556498E-1
+7.185935E+9	+5.387145E-1	+7.556171E-1
+7.185950E+9	+5.385405E-1	+7.554590E-1
+7.185965E+9	+5.390906E-1	+7.554953E-1
+7.185980E+9	+5.395951E-1	+7.549100E-1
+7.185995E+9	+5.397435E-1	+7.548574E-1
+7.186010E+9	+5.400861E-1	+7.546443E-1
+7.186025E+9	+5.401237E-1	+7.547935E-1
+7.186040E+9	+5.402521E-1	+7.545973E-1
+7.186055E+9	+5.411730E-1	+7.545110E-1
+7.186070E+9	+5.408741E-1	+7.541702E-1
+7.186085E+9	+5.415295E-1	+7.540272E-1
+7.186100E+9	+5.419092E-1	+7.535320E-1
+7.186115E+9	+5.420019E-1	+7.532466E-1
+7.186130E+9	+5.421117E-1	+7.534130E-1
+7.186145E+9	+5.424751E-1	+7.532897E-1
+7.186160E+9	+5.429357E-1	+7.532461E-1
+7.186175E+9	+5.434777E-1	+7.533647E-1
+7.186190E+9	+5.434261E-1	+7.530956E-1
+7.186205E+9	+5.434408E-1	+7.531065E-1
+7.186220E+9	+5.437859E-1	+7.527941E-1
+7.186235E+9	+5.437844E-1	+7.520856E-1
+7.186250E+9	+5.446848E-1	+7.522622E-1
+7.186265E+9	+5.447568E-1	+7.519124E-1
+7.186280E+9	+5.450214E-1	+7.517781E-1
+7.186295E+9	+5.455668E-1	+7.517021E-1
+7.186310E+9	+5.459503E-1	+7.514478E-1
+7.186325E+9	+5.465898E-1	+7.514719E-1
+7.186340E+9	+5.461241E-1	+7.513553E-1
+7.186355E+9	+5.462104E-1	+7.507397E-1
+7.186370E+9	+5.467529E-1	+7.505494E-1
+7.186385E+9	+5.473069E-1	+7.508008E-1
+7.186400E+9	+5.471061E-1	+7.503611E-1
+7.186415E+9	+5.477108E-1	+7.499898E-1
+7.186430E+9	+5.480064E-1	+7.500013E-1
+7.186445E+9	+5.481274E-1	+7.498235E-1
+7.186460E+9	+5.482905E-1	+7.498340E-1
+7.186475E+9	+5.486976E-1	+7.497377E-1
+7.186490E+9	+5.488734E-1	+7.495072E-1
+7.186505E+9	+5.491255E-1	+7.493913E-1
+7.186520E+9	+5.491746E-1	+7.491479E-1
+7.186535E+9	+5.496704E-1	+7.491992E-1
+7.186550E+9	+5.505622E-1	+7.490332E-1
+7.186565E+9	+5.506291E-1	+7.486122E-1
+7.186580E+9	+5.505292E-1	+7.487097E-1
+7.186595E+9	+5.508530E-1	+7.488176E-1
+7.186610E+9	+5.512705E-1	+7.486306E-1
+7.186625E+9	+5.512922E-1	+7.479989E-1
+7.186640E+9	+5.516591E-1	+7.477525E-1
+7.186655E+9	+5.522968E-1	+7.476391E-1
+7.186670E+9	+5.524191E-1	+7.477058E-1
+7.186685E+9	+5.526096E-1	+7.476531E-1
+7.186700E+9	+5.528639E-1	+7.478094E-1
+7.186715E+9	+5.534338E-1	+7.475325E-1
+7.186730E+9	+5.537059E-1	+7.468456E-1
+7.186745E+9	+5.538039E-1	+7.465351E-1
+7.186760E+9	+5.540021E-1	+7.463984E-1
+7.186775E+9	+5.543262E-1	+7.462557E-1
+7.186790E+9	+5.548985E-1	+7.464745E-1
+7.186805E+9	+5.550291E-1	+7.464429E-1
+7.186820E+9	+5.555238E-1	+7.463053E-1
+7.186835E+9	+5.550576E-1	+7.462669E-1
+7.186850E+9	+5.556053E-1	+7.458509E-1
+7.186865E+9	+5.555851E-1	+7.457077E-1
+7.186880E+9	+5.561122E-1	+7.452755E-1
+7.186895E+9	+5.563355E-1	+7.451367E-1
+7.186910E+9	+5.560527E-1	+7.451085E-1
+7.186925E+9	+5.567879E-1	+7.447606E-1
+7.186940E+9	+5.570755E-1	+7.446985E-1
+7.186955E+9	+5.573540E-1	+7.445632E-1
+7.186970E+9	+5.574990E-1	+7.442687E-1
+7.186985E+9	+5.580176E-1	+7.442016E-1
+7.187000E+9	+5.589731E-1	+7.440934E-1
+7.187015E+9	+5.591492E-1	+7.437284E-1
+7.187030E+9	+5.587486E-1	+7.435637E-1
+7.187045E+9	+5.592835E-1	+7.437273E-1
+7.187060E+9	+5.591837E-1	+7.436922E-1
+7.187075E+9	+5.594534E-1	+7.437433E-1
+7.187090E+9	+5.594443E-1	+7.433533E-1
+7.187105E+9	+5.597192E-1	+7.425512E-1
+7.187120E+9	+5.600710E-1	+7.424809E-1
+7.187135E+9	+5.605649E-1	+7.428781E-1
+7.187150E+9	+5.607512E-1	+7.422021E-1
+7.187165E+9	+5.610217E-1	+7.421973E-1
+7.187180E+9	+5.612043E-1	+7.420652E-1
+7.187195E+9	+5.613548E-1	+7.421100E-1
+7.187210E+9	+5.614946E-1	+7.420178E-1
+7.187225E+9	+5.619594E-1	+7.417013E-1
+7.187240E+9	+5.626192E-1	+7.413093E-1
+7.187255E+9	+5.628940E-1	+7.408363E-1
+7.187270E+9	+5.628505E-1	+7.408728E-1
+7.187285E+9	+5.629674E-1	+7.405845E-1
+7.187300E+9	+5.631258E-1	+7.407389E-1
+7.187315E+9	+5.636631E-1	+7.405010E-1
+7.187330E+9	+5.643027E-1	+7.404841E-1
+7.187345E+9	+5.640228E-1	+7.400781E-1
+7.187360E+9	+5.643059E-1	+7.402297E-1
+7.187375E+9	+5.646317E-1	+7.402110E-1
+7.187390E+9	+5.648884E-1	+7.401062E-1
+7.187405E+9	+5.650006E-1	+7.398126E-1
+7.187420E+9	+5.654945E-1	+7.396124E-1
+7.187435E+9	+5.653536E-1	+7.392242E-1
+7.187450E+9	+5.654313E-1	+7.394544E-1
+7.187465E+9	+5.658038E-1	+7.391752E-1
+7.187480E+9	+5.660554E-1	+7.391622E-1
+7.187495E+9	+5.664824E-1	+7.388609E-1
+7.187510E+9	+5.672426E-1	+7.385618E-1
+7.187525E+9	+5.668537E-1	+7.388488E-1
+7.187540E+9	+5.671630E-1	+7.387399E-1
+7.187555E+9	+5.675512E-1	+7.379254E-1
+7.187570E+9	+5.674617E-1	+7.382052E-1
+7.187585E+9	+5.678615E-1	+7.377433E-1
+7.187600E+9	+5.683703E-1	+7.375668E-1
+7.187615E+9	+5.688100E-1	+7.375494E-1
+7.187630E+9	+5.688293E-1	+7.375861E-1
+7.187645E+9	+5.692940E-1	+7.373605E-1
+7.187660E+9	+5.691638E-1	+7.368225E-1
+7.187675E+9	+5.690650E-1	+7.367332E-1
+7.187690E+9	+5.694308E-1	+7.364089E-1
+7.187705E+9	+5.697892E-1	+7.364250E-1
+7.187720E+9	+5.702051E-1	+7.361552E-1
+7.187735E+9	+5.701929E-1	+7.360643E-1
+7.187750E+9	+5.705951E-1	+7.363482E-1
+7.187765E+9	+5.707076E-1	+7.361157E-1
+7.187780E+9	+5.710682E-1	+7.356888E-1
+7.187795E+9	+5.713231E-1	+7.353588E-1
+7.187810E+9	+5.717438E-1	+7.354835E-1
+7.187825E+9	+5.720711E-1	+7.351179E-1
+7.187840E+9	+5.723063E-1	+7.350970E-1
+7.187855E+9	+5.723187E-1	+7.348352E-1
+7.187870E+9	+5.726069E-1	+7.347969E-1
+7.187885E+9	+5.725491E-1	+7.348568E-1
+7.187900E+9	+5.730303E-1	+7.346248E-1
+7.187915E+9	+5.732287E-1	+7.343500E-1
+7.187930E+9	+5.735714E-1	+7.338562E-1
+7.187945E+9	+5.738219E-1	+7.338671E-1
+7.187960E+9	+5.742545E-1	+7.340914E-1
+7.187975E+9	+5.746808E-1	+7.344110E-1
+7.187990E+9	+5.745934E-1	+7.339386E-1
+7.188005E+9	+5.746746E-1	+7.332722E-1
+7.188020E+9	+5.748957E-1	+7.329024E-1
+7.188035E+9	+5.754405E-1	+7.333569E-1
+7.188050E+9	+5.756398E-1	+7.332187E-1
+7.188065E+9	+5.759990E-1	+7.329654E-1
+7.188080E+9	+5.761378E-1	+7.327422E-1
+7.188095E+9	+5.762446E-1	+7.326121E-1
+7.188110E+9	+5.763093E-1	+7.323238E-1
+7.188125E+9	+5.763109E-1	+7.320606E-1
+7.188140E+9	+5.766986E-1	+7.317160E-1
+7.188155E+9	+5.770831E-1	+7.316650E-1
+7.188170E+9	+5.775174E-1	+7.313884E-1
+7.188185E+9	+5.778440E-1	+7.316950E-1
+7.188200E+9	+5.780132E-1	+7.317493E-1
+7.188215E+9	+5.780898E-1	+7.315572E-1
+7.188230E+9	+5.785577E-1	+7.313804E-1
+7.188245E+9	+5.789203E-1	+7.312596E-1
+7.188260E+9	+5.788316E-1	+7.306194E-1
+7.188275E+9	+5.789202E-1	+7.305897E-1
+7.188290E+9	+5.793227E-1	+7.306396E-1
+7.188305E+9	+5.794735E-1	+7.305918E-1
+7.188320E+9	+5.799625E-1	+7.305123E-1
+7.188335E+9	+5.796019E-1	+7.303680E-1
+7.188350E+9	+5.799242E-1	+7.297830E-1
+7.188365E+9	+5.802284E-1	+7.293441E-1
+7.188380E+9	+5.806610E-1	+7.294404E-1
+7.188395E+9	+5.808361E-1	+7.294231E-1
+7.188410E+9	+5.812826E-1	+7.294481E-1
+7.188425E+9	+5.811914E-1	+7.294541E-1
+7.188440E+9	+5.815753E-1	+7.289187E-1
+7.188455E+9	+5.818719E-1	+7.286554E-1
+7.188470E+9	+5.819335E-1	+7.280137E-1
+7.188485E+9	+5.819383E-1	+7.280300E-1
+7.188500E+9	+5.822126E-1	+7.284641E-1
+7.188515E+9	+5.827087E-1	+7.282155E-1
+7.188530E+9	+5.829225E-1	+7.282683E-1
+7.188545E+9	+5.831157E-1	+7.282205E-1
+7.188560E+9	+5.837685E-1	+7.276707E-1
+7.188575E+9	+5.839193E-1	+7.273379E-1
+7.188590E+9	+5.838131E-1	+7.274078E-1
+7.188605E+9	+5.839770E-1	+7.272557E-1
+7.188620E+9	+5.845528E-1	+7.271233E-1
+7.188635E+9	+5.844685E-1	+7.266716E-1
+7.188650E+9	+5.846009E-1	+7.264380E-1
+7.188665E+9	+5.850846E-1	+7.261458E-1
+7.188680E+9	+5.852943E-1	+7.261275E-1
+7.188695E+9	+5.853744E-1	+7.260999E-1
+7.188710E+9	+5.855612E-1	+7.259548E-1
+7.188725E+9	+5.859286E-1	+7.255522E-1
+7.188740E+9	+5.859530E-1	+7.255666E-1
+7.188755E+9	+5.860236E-1	+7.254781E-1
+7.188770E+9	+5.862924E-1	+7.253706E-1
+7.188785E+9	+5.867366E-1	+7.251657E-1
+7.188800E+9	+5.871150E-1	+7.246885E-1
+7.188815E+9	+5.874588E-1	+7.250241E-1
+7.188830E+9	+5.877334E-1	+7.253744E-1
+7.188845E+9	+5.882160E-1	+7.250711E-1
+7.188860E+9	+5.882185E-1	+7.242767E-1
+7.188875E+9	+5.882177E-1	+7.245247E-1
+7.188890E+9	+5.884871E-1	+7.243880E-1
+7.188905E+9	+5.884824E-1	+7.239815E-1
+7.188920E+9	+5.887876E-1	+7.238178E-1
+7.188935E+9	+5.891857E-1	+7.235981E-1
+7.188950E+9	+5.892876E-1	+7.233210E-1
+7.188965E+9	+5.894645E-1	+7.231949E-1
+7.188980E+9	+5.895573E-1	+7.232528E-1
+7.188995E+9	+5.898037E-1	+7.227495E-1
+7.189010E+9	+5.898405E-1	+7.226913E-1
+7.189025E+9	+5.901091E-1	+7.228790E-1
+7.189040E+9	+5.905199E-1	+7.227711E-1
+7.189055E+9	+5.906301E-1	+7.226479E-1
+7.189070E+9	+5.911311E-1	+7.225239E-1
+7.189085E+9	+5.909414E-1	+7.225039E-1
+7.189100E+9	+5.912500E-1	+7.217045E-1
+7.189115E+9	+5.918959E-1	+7.219780E-1
+7.189130E+9	+5.921742E-1	+7.220021E-1
+7.189145E+9	+5.922026E-1	+7.214535E-1
+7.189160E+9	+5.921648E-1	+7.212358E-1
+7.189175E+9	+5.923317E-1	+7.212784E-1
+7.189190E+9	+5.928082E-1	+7.211050E-1
+7.189205E+9	+5.932597E-1	+7.210291E-1
+7.189220E+9	+5.930148E-1	+7.210530E-1
+7.189235E+9	+5.928671E-1	+7.207493E-1
+7.189250E+9	+5.935671E-1	+7.207235E-1
+7.189265E+9	+5.936361E-1	+7.205857E-1
+7.189280E+9	+5.939415E-1	+7.204619E-1
+7.189295E+9	+5.941816E-1	+7.203098E-1
+7.189310E+9	+5.942730E-1	+7.194848E-1
+7.189325E+9	+5.948348E-1	+7.196650E-1
+7.189340E+9	+5.950953E-1	+7.193322E-1
+7.189355E+9	+5.950147E-1	+7.192881E-1
+7.189370E+9	+5.953850E-1	+7.189229E-1
+7.189385E+9	+5.957070E-1	+7.188140E-1
+7.189400E+9	+5.957442E-1	+7.188107E-1
+7.189415E+9	+5.960294E-1	+7.187872E-1
+7.189430E+9	+5.963882E-1	+7.183607E-1
+7.189445E+9	+5.965701E-1	+7.183593E-1
+7.189460E+9	+5.967621E-1	+7.184191E-1
+7.189475E+9	+5.968334E-1	+7.181548E-1
+7.189490E+9	+5.968099E-1	+7.180128E-1
+7.189505E+9	+5.973434E-1	+7.176699E-1
+7.189520E+9	+5.971503E-1	+7.174718E-1
+7.189535E+9	+5.975657E-1	+7.173104E-1
+7.189550E+9	+5.976909E-1	+7.171864E-1
+7.189565E+9	+5.981626E-1	+7.169583E-1
+7.189580E+9	+5.988252E-1	+7.173725E-1
+7.189595E+9	+5.988048E-1	+7.169706E-1
+7.189610E+9	+5.985960E-1	+7.170675E-1
+7.189625E+9	+5.992017E-1	+7.166589E-1
+7.189640E+9	+5.995129E-1	+7.164602E-1
+7.189655E+9	+5.992568E-1	+7.163867E-1
+7.189670E+9	+5.995486E-1	+7.164940E-1
+7.189685E+9	+6.000256E-1	+7.159710E-1
+7.189700E+9	+6.002551E-1	+7.157953E-1
+7.189715E+9	+6.001757E-1	+7.154537E-1
+7.189730E+9	+6.003571E-1	+7.154773E-1
+7.189745E+9	+6.007604E-1	+7.152053E-1
+7.189760E+9	+6.009872E-1	+7.151723E-1
+7.189775E+9	+6.009617E-1	+7.150906E-1
+7.189790E+9	+6.013561E-1	+7.148951E-1
+7.189805E+9	+6.013865E-1	+7.149243E-1
+7.189820E+9	+6.014429E-1	+7.144860E-1
+7.189835E+9	+6.018271E-1	+7.143929E-1
+7.189850E+9	+6.018009E-1	+7.140781E-1
+7.189865E+9	+6.022754E-1	+7.140183E-1
+7.189880E+9	+6.026310E-1	+7.139518E-1
+7.189895E+9	+6.025174E-1	+7.136623E-1
+7.189910E+9	+6.027394E-1	+7.134436E-1
+7.189925E+9	+6.031559E-1	+7.128833E-1
+7.189940E+9	+6.034925E-1	+7.130076E-1
+7.189955E+9	+6.035969E-1	+7.133146E-1
+7.189970E+9	+6.036911E-1	+7.134026E-1
+7.189985E+9	+6.038430E-1	+7.131209E-1
+7.190000E+9	+6.043096E-1	+7.125526E-1
+7.190015E+9	+6.043231E-1	+7.121835E-1
+7.190030E+9	+6.044172E-1	+7.124240E-1
+7.190045E+9	+6.049426E-1	+7.123526E-1
+7.190060E+9	+6.049238E-1	+7.124656E-1
+7.190075E+9	+6.052509E-1	+7.122470E-1
+7.190090E+9	+6.051467E-1	+7.120623E-1
+7.190105E+9	+6.052333E-1	+7.117015E-1
+7.190120E+9	+6.056162E-1	+7.116050E-1
+7.190135E+9	+6.058036E-1	+7.115107E-1
+7.190150E+9	+6.059988E-1	+7.110108E-1
+7.190165E+9	+6.064087E-1	+7.107379E-1
+7.190180E+9	+6.066994E-1	+7.108430E-1
+7.190195E+9	+6.067437E-1	+7.106441E-1
+7.190210E+9	+6.068652E-1	+7.103945E-1
+7.190225E+9	+6.073113E-1	+7.101603E-1
+7.190240E+9	+6.074578E-1	+7.101321E-1
+7.190255E+9	+6.076856E-1	+7.103844E-1
+7.190270E+9	+6.078774E-1	+7.100360E-1
+7.190285E+9	+6.079118E-1	+7.097047E-1
+7.190300E+9	+6.083684E-1	+7.095840E-1
+7.190315E+9	+6.086215E-1	+7.093136E-1
+7.190330E+9	+6.084652E-1	+7.089955E-1
+7.190345E+9	+6.084275E-1	+7.087292E-1
+7.190360E+9	+6.086196E-1	+7.091331E-1
+7.190375E+9	+6.090771E-1	+7.090442E-1
+7.190390E+9	+6.091284E-1	+7.087115E-1
+7.190405E+9	+6.092766E-1	+7.085363E-1
+7.190420E+9	+6.097160E-1	+7.082663E-1
+7.190435E+9	+6.100287E-1	+7.084168E-1
+7.190450E+9	+6.102747E-1	+7.086587E-1
+7.190465E+9	+6.100230E-1	+7.082498E-1
+7.190480E+9	+6.101672E-1	+7.078171E-1
+7.190495E+9	+6.104521E-1	+7.076691E-1
+7.190510E+9	+6.108787E-1	+7.078044E-1
+7.190525E+9	+6.106311E-1	+7.075805E-1
+7.190540E+9	+6.112016E-1	+7.071745E-1
+7.190555E+9	+6.115665E-1	+7.065344E-1
+7.190570E+9	+6.114813E-1	+7.066976E-1
+7.190585E+9	+6.117597E-1	+7.066089E-1
+7.190600E+9	+6.121145E-1	+7.065348E-1
+7.190615E+9	+6.119046E-1	+7.067165E-1
+7.190630E+9	+6.120973E-1	+7.065782E-1
+7.190645E+9	+6.125695E-1	+7.062266E-1
+7.190660E+9	+6.128869E-1	+7.059642E-1
+7.190675E+9	+6.131757E-1	+7.056972E-1
+7.190690E+9	+6.135926E-1	+7.057935E-1
+7.190705E+9	+6.137874E-1	+7.057222E-1
+7.190720E+9	+6.138875E-1	+7.056069E-1
+7.190735E+9	+6.135835E-1	+7.053015E-1
+7.190750E+9	+6.136382E-1	+7.051747E-1
+7.190765E+9	+6.141986E-1	+7.050941E-1
+7.190780E+9	+6.145212E-1	+7.044754E-1
+7.190795E+9	+6.147929E-1	+7.043718E-1
+7.190810E+9	+6.149663E-1	+7.042342E-1
+7.190825E+9	+6.147155E-1	+7.040603E-1
+7.190840E+9	+6.149800E-1	+7.040376E-1
+7.190855E+9	+6.151219E-1	+7.037459E-1
+7.190870E+9	+6.156538E-1	+7.039388E-1
+7.190885E+9	+6.158498E-1	+7.039723E-1
+7.190900E+9	+6.161087E-1	+7.037065E-1
+7.190915E+9	+6.160572E-1	+7.035313E-1
+7.190930E+9	+6.161904E-1	+7.032441E-1
+7.190945E+9	+6.163492E-1	+7.032471E-1
+7.190960E+9	+6.168162E-1	+7.030314E-1
+7.190975E+9	+6.170299E-1	+7.028934E-1
+7.190990E+9	+6.170548E-1	+7.029188E-1
+7.191005E+9	+6.171822E-1	+7.028103E-1
+7.191020E+9	+6.175732E-1	+7.025037E-1
+7.191035E+9	+6.176615E-1	+7.021782E-1
+7.191050E+9	+6.177953E-1	+7.017874E-1
+7.191065E+9	+6.178205E-1	+7.021306E-1
+7.191080E+9	+6.181255E-1	+7.019554E-1
+7.191095E+9	+6.182447E-1	+7.017472E-1
+7.191110E+9	+6.184918E-1	+7.016061E-1
+7.191125E+9	+6.192910E-1	+7.016150E-1
+7.191140E+9	+6.193537E-1	+7.013024E-1
+7.191155E+9	+6.195702E-1	+7.009235E-1
+7.191170E+9	+6.197917E-1	+7.006499E-1
+7.191185E+9	+6.199287E-1	+7.006138E-1
+7.191200E+9	+6.200150E-1	+7.005049E-1
+7.191215E+9	+6.200240E-1	+7.005675E-1
+7.191230E+9	+6.200856E-1	+7.001799E-1
+7.191245E+9	+6.203433E-1	+7.000200E-1
+7.191260E+9	+6.206224E-1	+7.000247E-1
+7.191275E+9	+6.207036E-1	+6.998535E-1
+7.191290E+9	+6.207808E-1	+6.994524E-1
+7.191305E+9	+6.212210E-1	+6.994516E-1
+7.191320E+9	+6.214746E-1	+6.993265E-1
+7.191335E+9	+6.214121E-1	+6.995067E-1
+7.191350E+9	+6.220204E-1	+6.988401E-1
+7.191365E+9	+6.220867E-1	+6.986655E-1
+7.191380E+9	+6.221076E-1	+6.988814E-1
+7.191395E+9	+6.221432E-1	+6.986621E-1
+7.191410E+9	+6.221800E-1	+6.985085E-1
+7.191425E+9	+6.224417E-1	+6.983595E-1
+7.191440E+9	+6.225947E-1	+6.980855E-1
+7.191455E+9	+6.230963E-1	+6.982039E-1
+7.191470E+9	+6.231624E-1	+6.981647E-1
+7.191485E+9	+6.232693E-1	+6.975850E-1
+7.191500E+9	+6.241144E-1	+6.972147E-1
+7.191515E+9	+6.242944E-1	+6.972713E-1
+7.191530E+9	+6.237970E-1	+6.974681E-1
+7.191545E+9	+6.237065E-1	+6.973616E-1
+7.191560E+9	+6.241520E-1	+6.968354E-1
+7.191575E+9	+6.247096E-1	+6.965909E-1
+7.191590E+9	+6.250889E-1	+6.966851E-1
+7.191605E+9	+6.253044E-1	+6.967474E-1
+7.191620E+9	+6.249867E-1	+6.967286E-1
+7.191635E+9	+6.249001E-1	+6.964874E-1
+7.191650E+9	+6.250989E-1	+6.962333E-1
+7.191665E+9	+6.256065E-1	+6.959583E-1
+7.191680E+9	+6.258293E-1	+6.957899E-1
+7.191695E+9	+6.260892E-1	+6.957462E-1
+7.191710E+9	+6.260181E-1	+6.954949E-1
+7.191725E+9	+6.262006E-1	+6.952028E-1
+7.191740E+9	+6.265025E-1	+6.949273E-1
+7.191755E+9	+6.268923E-1	+6.946907E-1
+7.191770E+9	+6.268223E-1	+6.945247E-1
+7.191785E+9	+6.268649E-1	+6.948186E-1
+7.191800E+9	+6.272959E-1	+6.947860E-1
+7.191815E+9	+6.275836E-1	+6.942747E-1
+7.191830E+9	+6.278155E-1	+6.939828E-1
+7.191845E+9	+6.277283E-1	+6.940471E-1
+7.191860E+9	+6.279737E-1	+6.937585E-1
+7.191875E+9	+6.282189E-1	+6.941249E-1
+7.191890E+9	+6.285735E-1	+6.937299E-1
+7.191905E+9	+6.285756E-1	+6.933554E-1
+7.191920E+9	+6.286236E-1	+6.931935E-1
+7.191935E+9	+6.289297E-1	+6.932914E-1
+7.191950E+9	+6.288412E-1	+6.931534E-1
+7.191965E+9	+6.286966E-1	+6.929777E-1
+7.191980E+9	+6.289676E-1	+6.925569E-1
+7.191995E+9	+6.290660E-1	+6.924817E-1
+7.192010E+9	+6.297749E-1	+6.924724E-1
+7.192025E+9	+6.298036E-1	+6.924061E-1
+7.192040E+9	+6.299597E-1	+6.919533E-1
+7.192055E+9	+6.300670E-1	+6.918450E-1
+7.192070E+9	+6.302631E-1	+6.920297E-1
+7.192085E+9	+6.305377E-1	+6.917292E-1
+7.192100E+9	+6.309878E-1	+6.915720E-1
+7.192115E+9	+6.311146E-1	+6.914190E-1
+7.192130E+9	+6.313640E-1	+6.912434E-1
+7.192145E+9	+6.311527E-1	+6.913238E-1
+7.192160E+9	+6.313284E-1	+6.910160E-1
+7.192175E+9	+6.318644E-1	+6.907481E-1
+7.192190E+9	+6.319412E-1	+6.906832E-1
+7.192205E+9	+6.321430E-1	+6.908335E-1
+7.192220E+9	+6.321108E-1	+6.904356E-1
+7.192235E+9	+6.324304E-1	+6.902772E-1
+7.192250E+9	+6.326122E-1	+6.902352E-1
+7.192265E+9	+6.329852E-1	+6.898261E-1
+7.192280E+9	+6.331842E-1	+6.897913E-1
+7.192295E+9	+6.331237E-1	+6.895443E-1
+7.192310E+9	+6.333087E-1	+6.892977E-1
+7.192325E+9	+6.336796E-1	+6.890141E-1
+7.192340E+9	+6.338741E-1	+6.889534E-1
+7.192355E+9	+6.338747E-1	+6.889909E-1
+7.192370E+9	+6.340408E-1	+6.888609E-1
+7.192385E+9	+6.343454E-1	+6.887856E-1
+7.192400E+9	+6.343476E-1	+6.888397E-1
+7.192415E+9	+6.345241E-1	+6.887644E-1
+7.192430E+9	+6.348126E-1	+6.884194E-1
+7.192445E+9	+6.350303E-1	+6.881329E-1
+7.192460E+9	+6.351353E-1	+6.877026E-1
+7.192475E+9	+6.352144E-1	+6.876933E-1
+7.192490E+9	+6.352350E-1	+6.874532E-1
+7.192505E+9	+6.355401E-1	+6.872346E-1
+7.192520E+9	+6.360074E-1	+6.870141E-1
+7.192535E+9	+6.362185E-1	+6.872904E-1
+7.192550E+9	+6.361832E-1	+6.872414E-1
+7.192565E+9	+6.361178E-1	+6.869914E-1
+7.192580E+9	+6.362993E-1	+6.863052E-1
+7.192595E+9	+6.363696E-1	+6.864739E-1
+7.192610E+9	+6.366017E-1	+6.865994E-1
+7.192625E+9	+6.368847E-1	+6.865203E-1
+7.192640E+9	+6.371943E-1	+6.863602E-1
+7.192655E+9	+6.376454E-1	+6.860216E-1
+7.192670E+9	+6.376915E-1	+6.859822E-1
+7.192685E+9	+6.376898E-1	+6.852791E-1
+7.192700E+9	+6.379623E-1	+6.852660E-1
+7.192715E+9	+6.379661E-1	+6.852096E-1
+7.192730E+9	+6.380501E-1	+6.854485E-1
+7.192745E+9	+6.383116E-1	+6.852594E-1
+7.192760E+9	+6.387261E-1	+6.851298E-1
+7.192775E+9	+6.387196E-1	+6.845311E-1
+7.192790E+9	+6.392738E-1	+6.843351E-1
+7.192805E+9	+6.395739E-1	+6.841585E-1
+7.192820E+9	+6.389753E-1	+6.844586E-1
+7.192835E+9	+6.392075E-1	+6.839600E-1
+7.192850E+9	+6.396579E-1	+6.837192E-1
+7.192865E+9	+6.401245E-1	+6.839012E-1
+7.192880E+9	+6.401783E-1	+6.839031E-1
+7.192895E+9	+6.399679E-1	+6.838238E-1
+7.192910E+9	+6.401018E-1	+6.834557E-1
+7.192925E+9	+6.406276E-1	+6.834221E-1
+7.192940E+9	+6.405919E-1	+6.831241E-1
+7.192955E+9	+6.411327E-1	+6.830792E-1
+7.192970E+9	+6.412177E-1	+6.829503E-1
+7.192985E+9	+6.412182E-1	+6.828969E-1
+7.193000E+9	+6.414406E-1	+6.827886E-1
+7.193015E+9	+6.417827E-1	+6.826317E-1
+7.193030E+9	+6.415769E-1	+6.827172E-1
+7.193045E+9	+6.417220E-1	+6.822081E-1
+7.193060E+9	+6.417225E-1	+6.822243E-1
+7.193075E+9	+6.421936E-1	+6.824601E-1
+7.193090E+9	+6.423020E-1	+6.821036E-1
+7.193105E+9	+6.425609E-1	+6.817815E-1
+7.193120E+9	+6.428590E-1	+6.817501E-1
+7.193135E+9	+6.428252E-1	+6.816760E-1
+7.193150E+9	+6.429523E-1	+6.814686E-1
+7.193165E+9	+6.431727E-1	+6.812439E-1
+7.193180E+9	+6.432692E-1	+6.807894E-1
+7.193195E+9	+6.435389E-1	+6.807447E-1
+7.193210E+9	+6.435020E-1	+6.806591E-1
+7.193225E+9	+6.433121E-1	+6.804940E-1
+7.193240E+9	+6.438563E-1	+6.801627E-1
+7.193255E+9	+6.445412E-1	+6.800198E-1
+7.193270E+9	+6.442003E-1	+6.800325E-1
+7.193285E+9	+6.444586E-1	+6.796424E-1
+7.193300E+9	+6.451891E-1	+6.795405E-1
+7.193315E+9	+6.450664E-1	+6.795551E-1
+7.193330E+9	+6.450221E-1	+6.794017E-1
+7.193345E+9	+6.449185E-1	+6.791806E-1
+7.193360E+9	+6.450847E-1	+6.792647E-1
+7.193375E+9	+6.455772E-1	+6.789864E-1
+7.193390E+9	+6.458053E-1	+6.790090E-1
+7.193405E+9	+6.458696E-1	+6.786007E-1
+7.193420E+9	+6.461581E-1	+6.782776E-1
+7.193435E+9	+6.461185E-1	+6.780798E-1
+7.193450E+9	+6.457605E-1	+6.785288E-1
+7.193465E+9	+6.461529E-1	+6.784067E-1
+7.193480E+9	+6.467574E-1	+6.781653E-1
+7.193495E+9	+6.468326E-1	+6.781448E-1
+7.193510E+9	+6.467929E-1	+6.779301E-1
+7.193525E+9	+6.468342E-1	+6.775682E-1
+7.193540E+9	+6.472242E-1	+6.773223E-1
+7.193555E+9	+6.477700E-1	+6.771863E-1
+7.193570E+9	+6.477995E-1	+6.770344E-1
+7.193585E+9	+6.477383E-1	+6.770766E-1
+7.193600E+9	+6.481139E-1	+6.768794E-1
+7.193615E+9	+6.484111E-1	+6.767589E-1
+7.193630E+9	+6.486143E-1	+6.762987E-1
+7.193645E+9	+6.486058E-1	+6.761115E-1
+7.193660E+9	+6.485972E-1	+6.759668E-1
+7.193675E+9	+6.485705E-1	+6.758977E-1
+7.193690E+9	+6.488850E-1	+6.761490E-1
+7.193705E+9	+6.489107E-1	+6.759932E-1
+7.193720E+9	+6.491176E-1	+6.758038E-1
+7.193735E+9	+6.492613E-1	+6.753967E-1
+7.193750E+9	+6.497423E-1	+6.754461E-1
+7.193765E+9	+6.498547E-1	+6.749556E-1
+7.193780E+9	+6.503284E-1	+6.748116E-1
+7.193795E+9	+6.503220E-1	+6.748664E-1
+7.193810E+9	+6.502975E-1	+6.746774E-1
+7.193825E+9	+6.507343E-1	+6.743517E-1
+7.193840E+9	+6.507864E-1	+6.742371E-1
+7.193855E+9	+6.510728E-1	+6.741017E-1
+7.193870E+9	+6.513913E-1	+6.741850E-1
+7.193885E+9	+6.513916E-1	+6.741820E-1
+7.193900E+9	+6.513195E-1	+6.738752E-1
+7.193915E+9	+6.515362E-1	+6.737401E-1
+7.193930E+9	+6.519947E-1	+6.735385E-1
+7.193945E+9	+6.520891E-1	+6.736245E-1
+7.193960E+9	+6.518469E-1	+6.733716E-1
+7.193975E+9	+6.519960E-1	+6.726901E-1
+7.193990E+9	+6.522143E-1	+6.726100E-1
+7.194005E+9	+6.524594E-1	+6.724948E-1
+7.194020E+9	+6.527141E-1	+6.723558E-1
+7.194035E+9	+6.525932E-1	+6.725985E-1
+7.194050E+9	+6.532740E-1	+6.723155E-1
+7.194065E+9	+6.534380E-1	+6.719586E-1
+7.194080E+9	+6.533699E-1	+6.718207E-1
+7.194095E+9	+6.532736E-1	+6.718413E-1
+7.194110E+9	+6.536529E-1	+6.718875E-1
+7.194125E+9	+6.542476E-1	+6.717956E-1
+7.194140E+9	+6.534963E-1	+6.717403E-1
+7.194155E+9	+6.534037E-1	+6.713462E-1
+7.194170E+9	+6.536281E-1	+6.711694E-1
+7.194185E+9	+6.539220E-1	+6.710113E-1
+7.194200E+9	+6.547480E-1	+6.709198E-1
+7.194215E+9	+6.548191E-1	+6.705673E-1
+7.194230E+9	+6.547130E-1	+6.702119E-1
+7.194245E+9	+6.548242E-1	+6.700564E-1
+7.194260E+9	+6.550410E-1	+6.701551E-1
+7.194275E+9	+6.552861E-1	+6.700283E-1
+7.194290E+9	+6.554359E-1	+6.698018E-1
+7.194305E+9	+6.556409E-1	+6.695364E-1
+7.194320E+9	+6.556891E-1	+6.694510E-1
+7.194335E+9	+6.557716E-1	+6.693508E-1
+7.194350E+9	+6.559260E-1	+6.694182E-1
+7.194365E+9	+6.562517E-1	+6.692411E-1
+7.194380E+9	+6.564628E-1	+6.692314E-1
+7.194395E+9	+6.566378E-1	+6.694027E-1
+7.194410E+9	+6.565785E-1	+6.693953E-1
+7.194425E+9	+6.560471E-1	+6.688149E-1
+7.194440E+9	+6.564324E-1	+6.684327E-1
+7.194455E+9	+6.569830E-1	+6.682976E-1
+7.194470E+9	+6.571643E-1	+6.680495E-1
+7.194485E+9	+6.575180E-1	+6.680446E-1
+7.194500E+9	+6.578607E-1	+6.679252E-1
+7.194515E+9	+6.577386E-1	+6.677419E-1
+7.194530E+9	+6.576292E-1	+6.675966E-1
+7.194545E+9	+6.579373E-1	+6.670618E-1
+7.194560E+9	+6.585335E-1	+6.671359E-1
+7.194575E+9	+6.585638E-1	+6.675265E-1
+7.194590E+9	+6.589641E-1	+6.669672E-1
+7.194605E+9	+6.589987E-1	+6.665050E-1
+7.194620E+9	+6.591099E-1	+6.664257E-1
+7.194635E+9	+6.594682E-1	+6.666398E-1
+7.194650E+9	+6.593099E-1	+6.662076E-1
+7.194665E+9	+6.594546E-1	+6.664102E-1
+7.194680E+9	+6.594328E-1	+6.662360E-1
+7.194695E+9	+6.594974E-1	+6.658295E-1
+7.194710E+9	+6.597530E-1	+6.657038E-1
+7.194725E+9	+6.602500E-1	+6.658517E-1
+7.194740E+9	+6.604568E-1	+6.657329E-1
+7.194755E+9	+6.604063E-1	+6.650287E-1
+7.194770E+9	+6.601512E-1	+6.647739E-1
+7.194785E+9	+6.605961E-1	+6.649101E-1
+7.194800E+9	+6.610731E-1	+6.649573E-1
+7.194815E+9	+6.610500E-1	+6.649671E-1
+7.194830E+9	+6.614240E-1	+6.649561E-1
+7.194845E+9	+6.617434E-1	+6.650292E-1
+7.194860E+9	+6.617784E-1	+6.646431E-1
+7.194875E+9	+6.617840E-1	+6.644287E-1
+7.194890E+9	+6.621662E-1	+6.642349E-1
+7.194905E+9	+6.623585E-1	+6.637384E-1
+7.194920E+9	+6.624811E-1	+6.633571E-1
+7.194935E+9	+6.627944E-1	+6.635619E-1
+7.194950E+9	+6.624451E-1	+6.641654E-1
+7.194965E+9	+6.627668E-1	+6.639158E-1
+7.194980E+9	+6.630462E-1	+6.634912E-1
+7.194995E+9	+6.632505E-1	+6.631099E-1
+7.195010E+9	+6.632733E-1	+6.628109E-1
+7.195025E+9	+6.631829E-1	+6.627227E-1
+7.195040E+9	+6.631857E-1	+6.623278E-1
+7.195055E+9	+6.635102E-1	+6.623482E-1
+7.195070E+9	+6.640540E-1	+6.625015E-1
+7.195085E+9	+6.639545E-1	+6.622604E-1
+7.195100E+9	+6.638106E-1	+6.619590E-1
+7.195115E+9	+6.637827E-1	+6.615597E-1
+7.195130E+9	+6.641444E-1	+6.614291E-1
+7.195145E+9	+6.646017E-1	+6.618873E-1
+7.195160E+9	+6.648445E-1	+6.616005E-1
+7.195175E+9	+6.648516E-1	+6.609556E-1
+7.195190E+9	+6.650209E-1	+6.610504E-1
+7.195205E+9	+6.649333E-1	+6.611311E-1
+7.195220E+9	+6.646851E-1	+6.611230E-1
+7.195235E+9	+6.645947E-1	+6.609141E-1
+7.195250E+9	+6.655974E-1	+6.604156E-1
+7.195265E+9	+6.652326E-1	+6.602847E-1
+7.195280E+9	+6.655134E-1	+6.603655E-1
+7.195295E+9	+6.664721E-1	+6.600595E-1
+7.195310E+9	+6.668210E-1	+6.600819E-1
+7.195325E+9	+6.661277E-1	+6.601517E-1
+7.195340E+9	+6.665518E-1	+6.597061E-1
+7.195355E+9	+6.668671E-1	+6.592193E-1
+7.195370E+9	+6.670607E-1	+6.592118E-1
+7.195385E+9	+6.670184E-1	+6.590191E-1
+7.195400E+9	+6.666746E-1	+6.592522E-1
+7.195415E+9	+6.669289E-1	+6.589267E-1
+7.195430E+9	+6.672858E-1	+6.587762E-1
+7.195445E+9	+6.676726E-1	+6.585317E-1
+7.195460E+9	+6.678338E-1	+6.583569E-1
+7.195475E+9	+6.679530E-1	+6.585841E-1
+7.195490E+9	+6.680943E-1	+6.584786E-1
+7.195505E+9	+6.681657E-1	+6.579585E-1
+7.195520E+9	+6.684929E-1	+6.578576E-1
+7.195535E+9	+6.687309E-1	+6.578865E-1
+7.195550E+9	+6.689624E-1	+6.577220E-1
+7.195565E+9	+6.690491E-1	+6.574305E-1
+7.195580E+9	+6.691164E-1	+6.572198E-1
+7.195595E+9	+6.692472E-1	+6.571410E-1
+7.195610E+9	+6.690226E-1	+6.571656E-1
+7.195625E+9	+6.691962E-1	+6.567444E-1
+7.195640E+9	+6.696673E-1	+6.566837E-1
+7.195655E+9	+6.698866E-1	+6.566378E-1
+7.195670E+9	+6.698132E-1	+6.566098E-1
+7.195685E+9	+6.700599E-1	+6.565417E-1
+7.195700E+9	+6.702661E-1	+6.566189E-1
+7.195715E+9	+6.700040E-1	+6.561695E-1
+7.195730E+9	+6.701633E-1	+6.558204E-1
+7.195745E+9	+6.707553E-1	+6.559560E-1
+7.195760E+9	+6.709392E-1	+6.561477E-1
+7.195775E+9	+6.710267E-1	+6.562279E-1
+7.195790E+9	+6.705985E-1	+6.551862E-1
+7.195805E+9	+6.705823E-1	+6.546005E-1
+7.195820E+9	+6.705598E-1	+6.549023E-1
+7.195835E+9	+6.712247E-1	+6.551084E-1
+7.195850E+9	+6.716107E-1	+6.550160E-1
+7.195865E+9	+6.717199E-1	+6.547179E-1
+7.195880E+9	+6.717862E-1	+6.542986E-1
+7.195895E+9	+6.717714E-1	+6.538770E-1
+7.195910E+9	+6.720976E-1	+6.540998E-1
+7.195925E+9	+6.724071E-1	+6.542719E-1
+7.195940E+9	+6.723216E-1	+6.540481E-1
+7.195955E+9	+6.723970E-1	+6.538921E-1
+7.195970E+9	+6.725571E-1	+6.537868E-1
+7.195985E+9	+6.730553E-1	+6.535154E-1
+7.196000E+9	+6.736165E-1	+6.531162E-1
+7.196015E+9	+6.737272E-1	+6.530477E-1
+7.196030E+9	+6.735725E-1	+6.531796E-1
+7.196045E+9	+6.737846E-1	+6.529086E-1
+7.196060E+9	+6.738045E-1	+6.526723E-1
+7.196075E+9	+6.736988E-1	+6.526264E-1
+7.196090E+9	+6.739454E-1	+6.527185E-1
+7.196105E+9	+6.740454E-1	+6.525789E-1
+7.196120E+9	+6.742009E-1	+6.521835E-1
+7.196135E+9	+6.746698E-1	+6.522359E-1
+7.196150E+9	+6.746507E-1	+6.522181E-1
+7.196165E+9	+6.746176E-1	+6.521564E-1
+7.196180E+9	+6.744657E-1	+6.519161E-1
+7.196195E+9	+6.746887E-1	+6.517635E-1
+7.196210E+9	+6.750030E-1	+6.513862E-1
+7.196225E+9	+6.752960E-1	+6.509368E-1
+7.196240E+9	+6.757821E-1	+6.512400E-1
+7.196255E+9	+6.758359E-1	+6.514119E-1
+7.196270E+9	+6.760107E-1	+6.509963E-1
+7.196285E+9	+6.762628E-1	+6.507031E-1
+7.196300E+9	+6.765967E-1	+6.500760E-1
+7.196315E+9	+6.767389E-1	+6.500566E-1
+7.196330E+9	+6.766531E-1	+6.499534E-1
+7.196345E+9	+6.764152E-1	+6.497573E-1
+7.196360E+9	+6.765834E-1	+6.498217E-1
+7.196375E+9	+6.770582E-1	+6.497027E-1
+7.196390E+9	+6.770918E-1	+6.491307E-1
+7.196405E+9	+6.772774E-1	+6.488559E-1
+7.196420E+9	+6.771333E-1	+6.487302E-1
+7.196435E+9	+6.770748E-1	+6.490911E-1
+7.196450E+9	+6.771784E-1	+6.491429E-1
+7.196465E+9	+6.775164E-1	+6.489322E-1
+7.196480E+9	+6.776883E-1	+6.486758E-1
+7.196495E+9	+6.776727E-1	+6.484433E-1
+7.196510E+9	+6.779731E-1	+6.483675E-1
+7.196525E+9	+6.781680E-1	+6.483992E-1
+7.196540E+9	+6.780954E-1	+6.481759E-1
+7.196555E+9	+6.781591E-1	+6.480733E-1
+7.196570E+9	+6.785241E-1	+6.480403E-1
+7.196585E+9	+6.789920E-1	+6.476929E-1
+7.196600E+9	+6.786603E-1	+6.475661E-1
+7.196615E+9	+6.789111E-1	+6.472578E-1
+7.196630E+9	+6.793047E-1	+6.470909E-1
+7.196645E+9	+6.797083E-1	+6.472256E-1
+7.196660E+9	+6.795285E-1	+6.471979E-1
+7.196675E+9	+6.794840E-1	+6.464429E-1
+7.196690E+9	+6.794179E-1	+6.463768E-1
+7.196705E+9	+6.798680E-1	+6.464025E-1
+7.196720E+9	+6.801597E-1	+6.462415E-1
+7.196735E+9	+6.803943E-1	+6.462179E-1
+7.196750E+9	+6.803509E-1	+6.467243E-1
+7.196765E+9	+6.801472E-1	+6.461083E-1
+7.196780E+9	+6.802238E-1	+6.458341E-1
+7.196795E+9	+6.804482E-1	+6.457622E-1
+7.196810E+9	+6.814604E-1	+6.454640E-1
+7.196825E+9	+6.811651E-1	+6.448935E-1
+7.196840E+9	+6.812592E-1	+6.452285E-1
+7.196855E+9	+6.813468E-1	+6.453068E-1
+7.196870E+9	+6.811815E-1	+6.449656E-1
+7.196885E+9	+6.817009E-1	+6.447908E-1
+7.196900E+9	+6.821684E-1	+6.448048E-1
+7.196915E+9	+6.817295E-1	+6.445219E-1
+7.196930E+9	+6.813585E-1	+6.440331E-1
+7.196945E+9	+6.818199E-1	+6.440924E-1
+7.196960E+9	+6.821344E-1	+6.440931E-1
+7.196975E+9	+6.821110E-1	+6.438743E-1
+7.196990E+9	+6.824590E-1	+6.436210E-1
+7.197005E+9	+6.826886E-1	+6.433941E-1
+7.197020E+9	+6.826527E-1	+6.431748E-1
+7.197035E+9	+6.825321E-1	+6.432246E-1
+7.197050E+9	+6.828455E-1	+6.426445E-1
+7.197065E+9	+6.830832E-1	+6.428145E-1
+7.197080E+9	+6.837811E-1	+6.428563E-1
+7.197095E+9	+6.836797E-1	+6.422066E-1
+7.197110E+9	+6.839433E-1	+6.422961E-1
+7.197125E+9	+6.841366E-1	+6.424359E-1
+7.197140E+9	+6.844617E-1	+6.423353E-1
+7.197155E+9	+6.845115E-1	+6.423201E-1
+7.197170E+9	+6.842794E-1	+6.422332E-1
+7.197185E+9	+6.837349E-1	+6.417270E-1
+7.197200E+9	+6.841123E-1	+6.412421E-1
+7.197215E+9	+6.844351E-1	+6.410122E-1
+7.197230E+9	+6.847619E-1	+6.411343E-1
+7.197245E+9	+6.849837E-1	+6.413497E-1
+7.197260E+9	+6.852310E-1	+6.414905E-1
+7.197275E+9	+6.856077E-1	+6.415031E-1
+7.197290E+9	+6.857191E-1	+6.411412E-1
+7.197305E+9	+6.859631E-1	+6.405947E-1
+7.197320E+9	+6.857280E-1	+6.405955E-1
+7.197335E+9	+6.856539E-1	+6.403570E-1
+7.197350E+9	+6.857598E-1	+6.400152E-1
+7.197365E+9	+6.859683E-1	+6.395983E-1
+7.197380E+9	+6.863436E-1	+6.398278E-1
+7.197395E+9	+6.864382E-1	+6.396838E-1
+7.197410E+9	+6.866323E-1	+6.404988E-1
+7.197425E+9	+6.864097E-1	+6.398175E-1
+7.197440E+9	+6.867048E-1	+6.398295E-1
+7.197455E+9	+6.871480E-1	+6.395994E-1
+7.197470E+9	+6.872729E-1	+6.391016E-1
+7.197485E+9	+6.875294E-1	+6.387887E-1
+7.197500E+9	+6.876643E-1	+6.386331E-1
+7.197515E+9	+6.878185E-1	+6.388273E-1
+7.197530E+9	+6.877513E-1	+6.387639E-1
+7.197545E+9	+6.879262E-1	+6.385402E-1
+7.197560E+9	+6.883605E-1	+6.383820E-1
+7.197575E+9	+6.888979E-1	+6.381808E-1
+7.197590E+9	+6.883361E-1	+6.374956E-1
+7.197605E+9	+6.883995E-1	+6.372989E-1
+7.197620E+9	+6.890135E-1	+6.373921E-1
+7.197635E+9	+6.891313E-1	+6.374964E-1
+7.197650E+9	+6.886115E-1	+6.378218E-1
+7.197665E+9	+6.888854E-1	+6.373807E-1
+7.197680E+9	+6.893591E-1	+6.371404E-1
+7.197695E+9	+6.899033E-1	+6.369240E-1
+7.197710E+9	+6.898723E-1	+6.366397E-1
+7.197725E+9	+6.896426E-1	+6.366038E-1
+7.197740E+9	+6.899321E-1	+6.368505E-1
+7.197755E+9	+6.898943E-1	+6.368393E-1
+7.197770E+9	+6.898755E-1	+6.363400E-1
+7.197785E+9	+6.894632E-1	+6.359705E-1
+7.197800E+9	+6.902383E-1	+6.359340E-1
+7.197815E+9	+6.901805E-1	+6.358314E-1
+7.197830E+9	+6.904692E-1	+6.358737E-1
+7.197845E+9	+6.910139E-1	+6.355632E-1
+7.197860E+9	+6.910911E-1	+6.350448E-1
+7.197875E+9	+6.911304E-1	+6.346647E-1
+7.197890E+9	+6.913980E-1	+6.346377E-1
+7.197905E+9	+6.912088E-1	+6.348328E-1
+7.197920E+9	+6.909832E-1	+6.346778E-1
+7.197935E+9	+6.908100E-1	+6.346320E-1
+7.197950E+9	+6.908733E-1	+6.344566E-1
+7.197965E+9	+6.914097E-1	+6.342253E-1
+7.197980E+9	+6.919722E-1	+6.341550E-1
+7.197995E+9	+6.922772E-1	+6.343230E-1
+7.198010E+9	+6.924354E-1	+6.342990E-1
+7.198025E+9	+6.928084E-1	+6.348919E-1
+7.198040E+9	+6.926947E-1	+6.344757E-1
+7.198055E+9	+6.926424E-1	+6.340243E-1
+7.198070E+9	+6.925812E-1	+6.337607E-1
+7.198085E+9	+6.928153E-1	+6.334415E-1
+7.198100E+9	+6.931454E-1	+6.331043E-1
+7.198115E+9	+6.930472E-1	+6.332150E-1
+7.198130E+9	+6.930690E-1	+6.332183E-1
+7.198145E+9	+6.932594E-1	+6.329433E-1
+7.198160E+9	+6.936335E-1	+6.328064E-1
+7.198175E+9	+6.938047E-1	+6.327248E-1
+7.198190E+9	+6.945027E-1	+6.324500E-1
+7.198205E+9	+6.947375E-1	+6.324702E-1
+7.198220E+9	+6.943945E-1	+6.322233E-1
+7.198235E+9	+6.944203E-1	+6.317778E-1
+7.198250E+9	+6.942145E-1	+6.313870E-1
+7.198265E+9	+6.946647E-1	+6.316409E-1
+7.198280E+9	+6.949546E-1	+6.315503E-1
+7.198295E+9	+6.946509E-1	+6.313047E-1
+7.198310E+9	+6.947629E-1	+6.311941E-1
+7.198325E+9	+6.950353E-1	+6.312522E-1
+7.198340E+9	+6.951694E-1	+6.306190E-1
+7.198355E+9	+6.954134E-1	+6.303416E-1
+7.198370E+9	+6.952727E-1	+6.307481E-1
+7.198385E+9	+6.952240E-1	+6.308886E-1
+7.198400E+9	+6.953845E-1	+6.306257E-1
+7.198415E+9	+6.956554E-1	+6.300844E-1
+7.198430E+9	+6.965780E-1	+6.298918E-1
+7.198445E+9	+6.966980E-1	+6.302799E-1
+7.198460E+9	+6.965510E-1	+6.299154E-1
+7.198475E+9	+6.960699E-1	+6.293237E-1
+7.198490E+9	+6.964620E-1	+6.294735E-1
+7.198505E+9	+6.967674E-1	+6.293993E-1
+7.198520E+9	+6.967065E-1	+6.292702E-1
+7.198535E+9	+6.968950E-1	+6.290596E-1
+7.198550E+9	+6.970905E-1	+6.288077E-1
+7.198565E+9	+6.971530E-1	+6.285382E-1
+7.198580E+9	+6.968003E-1	+6.285861E-1
+7.198595E+9	+6.969193E-1	+6.287723E-1
+7.198610E+9	+6.972879E-1	+6.285531E-1
+7.198625E+9	+6.978446E-1	+6.282733E-1
+7.198640E+9	+6.978998E-1	+6.280392E-1
+7.198655E+9	+6.983188E-1	+6.282084E-1
+7.198670E+9	+6.987179E-1	+6.280112E-1
+7.198685E+9	+6.990478E-1	+6.278686E-1
+7.198700E+9	+6.991251E-1	+6.274765E-1
+7.198715E+9	+6.986592E-1	+6.269456E-1
+7.198730E+9	+6.987668E-1	+6.266607E-1
+7.198745E+9	+6.995348E-1	+6.266990E-1
+7.198760E+9	+6.995263E-1	+6.271678E-1
+7.198775E+9	+6.979949E-1	+6.277093E-1
+7.198790E+9	+6.985668E-1	+6.266955E-1
+7.198805E+9	+6.991794E-1	+6.259807E-1
+7.198820E+9	+6.994083E-1	+6.255512E-1
+7.198835E+9	+6.996278E-1	+6.256790E-1
+7.198850E+9	+6.995960E-1	+6.260984E-1
+7.198865E+9	+6.993745E-1	+6.260655E-1
+7.198880E+9	+6.993360E-1	+6.259904E-1
+7.198895E+9	+6.995278E-1	+6.257733E-1
+7.198910E+9	+7.002411E-1	+6.257933E-1
+7.198925E+9	+6.999458E-1	+6.250833E-1
+7.198940E+9	+7.002470E-1	+6.248114E-1
+7.198955E+9	+7.009766E-1	+6.248979E-1
+7.198970E+9	+7.009436E-1	+6.247712E-1
+7.198985E+9	+7.006044E-1	+6.243515E-1
+7.199000E+9	+7.008354E-1	+6.240328E-1
+7.199015E+9	+7.009608E-1	+6.239528E-1
+7.199030E+9	+7.013020E-1	+6.238284E-1
+7.199045E+9	+7.015949E-1	+6.241207E-1
+7.199060E+9	+7.014994E-1	+6.242038E-1
+7.199075E+9	+7.014812E-1	+6.241676E-1
+7.199090E+9	+7.011139E-1	+6.234560E-1
+7.199105E+9	+7.013541E-1	+6.230324E-1
+7.199120E+9	+7.016365E-1	+6.231682E-1
+7.199135E+9	+7.023455E-1	+6.237920E-1
+7.199150E+9	+7.021240E-1	+6.223362E-1
+7.199165E+9	+7.022050E-1	+6.228442E-1
+7.199180E+9	+7.023704E-1	+6.229745E-1
+7.199195E+9	+7.025029E-1	+6.230901E-1
+7.199210E+9	+7.030257E-1	+6.230912E-1
+7.199225E+9	+7.034636E-1	+6.231814E-1
+7.199240E+9	+7.033435E-1	+6.228626E-1
+7.199255E+9	+7.032283E-1	+6.223678E-1
+7.199270E+9	+7.034222E-1	+6.220850E-1
+7.199285E+9	+7.034269E-1	+6.221911E-1
+7.199300E+9	+7.031428E-1	+6.221971E-1
+7.199315E+9	+7.034776E-1	+6.219894E-1
+7.199330E+9	+7.036960E-1	+6.211116E-1
+7.199345E+9	+7.038524E-1	+6.212649E-1
+7.199360E+9	+7.038580E-1	+6.210251E-1
+7.199375E+9	+7.040501E-1	+6.205959E-1
+7.199390E+9	+7.046257E-1	+6.209413E-1
+7.199405E+9	+7.046945E-1	+6.209679E-1
+7.199420E+9	+7.043527E-1	+6.205705E-1
+7.199435E+9	+7.040873E-1	+6.204123E-1
+7.199450E+9	+7.043303E-1	+6.204057E-1
+7.199465E+9	+7.045558E-1	+6.200264E-1
+7.199480E+9	+7.042837E-1	+6.194739E-1
+7.199495E+9	+7.046714E-1	+6.191645E-1
+7.199510E+9	+7.053024E-1	+6.190719E-1
+7.199525E+9	+7.058466E-1	+6.193991E-1
+7.199540E+9	+7.061331E-1	+6.193088E-1
+7.199555E+9	+7.059024E-1	+6.190103E-1
+7.199570E+9	+7.062053E-1	+6.188402E-1
+7.199585E+9	+7.065601E-1	+6.188964E-1
+7.199600E+9	+7.068511E-1	+6.190988E-1
+7.199615E+9	+7.066616E-1	+6.188880E-1
+7.199630E+9	+7.065298E-1	+6.180030E-1
+7.199645E+9	+7.068695E-1	+6.180346E-1
+7.199660E+9	+7.066744E-1	+6.184017E-1
+7.199675E+9	+7.064734E-1	+6.181947E-1
+7.199690E+9	+7.071126E-1	+6.181428E-1
+7.199705E+9	+7.075472E-1	+6.180117E-1
+7.199720E+9	+7.074622E-1	+6.178247E-1
+7.199735E+9	+7.071552E-1	+6.176227E-1
+7.199750E+9	+7.076448E-1	+6.175185E-1
+7.199765E+9	+7.078614E-1	+6.173532E-1
+7.199780E+9	+7.079099E-1	+6.170622E-1
+7.199795E+9	+7.077948E-1	+6.165719E-1
+7.199810E+9	+7.082823E-1	+6.165130E-1
+7.199825E+9	+7.089746E-1	+6.166083E-1
+7.199840E+9	+7.084104E-1	+6.165216E-1
+7.199855E+9	+7.082261E-1	+6.161879E-1
+7.199870E+9	+7.084242E-1	+6.154613E-1
+7.199885E+9	+7.087038E-1	+6.158970E-1
+7.199900E+9	+7.087073E-1	+6.168406E-1
+7.199915E+9	+7.088063E-1	+6.161753E-1
+7.199930E+9	+7.088804E-1	+6.154700E-1
+7.199945E+9	+7.090068E-1	+6.151138E-1
+7.199960E+9	+7.091550E-1	+6.152859E-1
+7.199975E+9	+7.094394E-1	+6.155981E-1
+7.199990E+9	+7.096766E-1	+6.153386E-1
+7.200005E+9	+7.098483E-1	+6.150287E-1
+7.200020E+9	+7.102463E-1	+6.149574E-1
+7.200035E+9	+7.104262E-1	+6.146363E-1
+7.200050E+9	+7.098374E-1	+6.139943E-1
+7.200065E+9	+7.099308E-1	+6.137000E-1
+7.200080E+9	+7.102692E-1	+6.137234E-1
+7.200095E+9	+7.104218E-1	+6.141387E-1
+7.200110E+9	+7.105982E-1	+6.141130E-1
+7.200125E+9	+7.114382E-1	+6.135076E-1
+7.200140E+9	+7.112708E-1	+6.137322E-1
+7.200155E+9	+7.109891E-1	+6.136709E-1
+7.200170E+9	+7.106638E-1	+6.134073E-1
+7.200185E+9	+7.105835E-1	+6.130745E-1
+7.200200E+9	+7.119955E-1	+6.125188E-1
+7.200215E+9	+7.116486E-1	+6.127904E-1
+7.200230E+9	+7.114615E-1	+6.128554E-1
+7.200245E+9	+7.116934E-1	+6.125415E-1
+7.200260E+9	+7.115824E-1	+6.122791E-1
+7.200275E+9	+7.114920E-1	+6.124135E-1
+7.200290E+9	+7.122040E-1	+6.119497E-1
+7.200305E+9	+7.127018E-1	+6.116955E-1
+7.200320E+9	+7.126806E-1	+6.117077E-1
+7.200335E+9	+7.127683E-1	+6.116471E-1
+7.200350E+9	+7.130921E-1	+6.114708E-1
+7.200365E+9	+7.129819E-1	+6.117778E-1
+7.200380E+9	+7.129589E-1	+6.117715E-1
+7.200395E+9	+7.133236E-1	+6.116297E-1
+7.200410E+9	+7.132842E-1	+6.113326E-1
+7.200425E+9	+7.136496E-1	+6.107277E-1
+7.200440E+9	+7.134727E-1	+6.105893E-1
+7.200455E+9	+7.136716E-1	+6.105353E-1
+7.200470E+9	+7.140397E-1	+6.112366E-1
+7.200485E+9	+7.137413E-1	+6.110181E-1
+7.200500E+9	+7.130972E-1	+6.099011E-1
+7.200515E+9	+7.139691E-1	+6.101097E-1
+7.200530E+9	+7.144692E-1	+6.101408E-1
+7.200545E+9	+7.145813E-1	+6.101337E-1
+7.200560E+9	+7.142885E-1	+6.094612E-1
+7.200575E+9	+7.140096E-1	+6.087363E-1
+7.200590E+9	+7.148025E-1	+6.090144E-1
+7.200605E+9	+7.151452E-1	+6.088722E-1
+7.200620E+9	+7.149381E-1	+6.087327E-1
+7.200635E+9	+7.151969E-1	+6.090182E-1
+7.200650E+9	+7.151636E-1	+6.093784E-1
+7.200665E+9	+7.154254E-1	+6.090308E-1
+7.200680E+9	+7.154303E-1	+6.084490E-1
+7.200695E+9	+7.152302E-1	+6.082026E-1
+7.200710E+9	+7.159529E-1	+6.079003E-1
+7.200725E+9	+7.162955E-1	+6.081789E-1
+7.200740E+9	+7.160508E-1	+6.081577E-1
+7.200755E+9	+7.161999E-1	+6.081830E-1
+7.200770E+9	+7.166817E-1	+6.081449E-1
+7.200785E+9	+7.166659E-1	+6.077760E-1
+7.200800E+9	+7.161060E-1	+6.074153E-1
+7.200815E+9	+7.167233E-1	+6.071205E-1
+7.200830E+9	+7.170028E-1	+6.066427E-1
+7.200845E+9	+7.165514E-1	+6.065466E-1
+7.200860E+9	+7.164677E-1	+6.061564E-1
+7.200875E+9	+7.166191E-1	+6.056477E-1
+7.200890E+9	+7.174084E-1	+6.063227E-1
+7.200905E+9	+7.178964E-1	+6.064411E-1
+7.200920E+9	+7.179079E-1	+6.059936E-1
+7.200935E+9	+7.179081E-1	+6.061142E-1
+7.200950E+9	+7.177251E-1	+6.062309E-1
+7.200965E+9	+7.177857E-1	+6.056472E-1
+7.200980E+9	+7.183500E-1	+6.052865E-1
+7.200995E+9	+7.190140E-1	+6.054632E-1
+7.201010E+9	+7.193503E-1	+6.056516E-1
+7.201025E+9	+7.174132E-1	+6.058271E-1
+7.201040E+9	+7.178332E-1	+6.054356E-1
+7.201055E+9	+7.188153E-1	+6.046457E-1
+7.201070E+9	+7.193417E-1	+6.045202E-1
+7.201085E+9	+7.190227E-1	+6.040694E-1
+7.201100E+9	+7.182877E-1	+6.040568E-1
+7.201115E+9	+7.183652E-1	+6.040383E-1
+7.201130E+9	+7.194829E-1	+6.043582E-1
+7.201145E+9	+7.197975E-1	+6.038056E-1
+7.201160E+9	+7.196389E-1	+6.031996E-1
+7.201175E+9	+7.181275E-1	+6.034987E-1
+7.201190E+9	+7.187876E-1	+6.032800E-1
+7.201205E+9	+7.201147E-1	+6.037044E-1
+7.201220E+9	+7.199954E-1	+6.041404E-1
+7.201235E+9	+7.199980E-1	+6.041564E-1
+7.201250E+9	+7.198134E-1	+6.039462E-1
+7.201265E+9	+7.197377E-1	+6.030720E-1
+7.201280E+9	+7.200140E-1	+6.027274E-1
+7.201295E+9	+7.206794E-1	+6.026096E-1
+7.201310E+9	+7.207096E-1	+6.027105E-1
+7.201325E+9	+7.208244E-1	+6.021139E-1
+7.201340E+9	+7.210728E-1	+6.022525E-1
+7.201355E+9	+7.208668E-1	+6.023046E-1
+7.201370E+9	+7.208470E-1	+6.018481E-1
+7.201385E+9	+7.206425E-1	+6.017861E-1
+7.201400E+9	+7.210321E-1	+6.020671E-1
+7.201415E+9	+7.215555E-1	+6.019422E-1
+7.201430E+9	+7.223862E-1	+6.017743E-1
+7.201445E+9	+7.221622E-1	+6.018595E-1
+7.201460E+9	+7.219863E-1	+6.012051E-1
+7.201475E+9	+7.220167E-1	+6.008421E-1
+7.201490E+9	+7.220391E-1	+6.008432E-1
+7.201505E+9	+7.227295E-1	+5.999761E-1
+7.201520E+9	+7.230828E-1	+6.000708E-1
+7.201535E+9	+7.227035E-1	+6.003622E-1
+7.201550E+9	+7.225975E-1	+6.001557E-1
+7.201565E+9	+7.223756E-1	+6.001832E-1
+7.201580E+9	+7.223229E-1	+6.001373E-1
+7.201595E+9	+7.225188E-1	+5.997959E-1
+7.201610E+9	+7.231970E-1	+5.994043E-1
+7.201625E+9	+7.239236E-1	+5.985072E-1
+7.201640E+9	+7.234261E-1	+5.986684E-1
+7.201655E+9	+7.234434E-1	+5.987049E-1
+7.201670E+9	+7.239892E-1	+5.984955E-1
+7.201685E+9	+7.241348E-1	+5.986892E-1
+7.201700E+9	+7.236768E-1	+5.994917E-1
+7.201715E+9	+7.235283E-1	+5.986359E-1
+7.201730E+9	+7.238346E-1	+5.979659E-1
+7.201745E+9	+7.243886E-1	+5.977902E-1
+7.201760E+9	+7.248074E-1	+5.979960E-1
+7.201775E+9	+7.244005E-1	+5.984948E-1
+7.201790E+9	+7.245037E-1	+5.983559E-1
+7.201805E+9	+7.246557E-1	+5.978855E-1
+7.201820E+9	+7.250958E-1	+5.978291E-1
+7.201835E+9	+7.249891E-1	+5.975024E-1
+7.201850E+9	+7.246914E-1	+5.971268E-1
+7.201865E+9	+7.248392E-1	+5.968425E-1
+7.201880E+9	+7.249012E-1	+5.967231E-1
+7.201895E+9	+7.249671E-1	+5.967427E-1
+7.201910E+9	+7.258651E-1	+5.969720E-1
+7.201925E+9	+7.256957E-1	+5.961605E-1
+7.201940E+9	+7.256432E-1	+5.958155E-1
+7.201955E+9	+7.253780E-1	+5.956246E-1
+7.201970E+9	+7.252211E-1	+5.958129E-1
+7.201985E+9	+7.257153E-1	+5.960729E-1
+7.202000E+9	+7.261520E-1	+5.961529E-1
+7.202015E+9	+7.259344E-1	+5.954946E-1
+7.202030E+9	+7.262288E-1	+5.951585E-1
+7.202045E+9	+7.263515E-1	+5.954722E-1
+7.202060E+9	+7.263235E-1	+5.949429E-1
+7.202075E+9	+7.267687E-1	+5.944744E-1
+7.202090E+9	+7.269847E-1	+5.952017E-1
+7.202105E+9	+7.271232E-1	+5.955366E-1
+7.202120E+9	+7.270423E-1	+5.949188E-1
+7.202135E+9	+7.273277E-1	+5.943604E-1
+7.202150E+9	+7.273740E-1	+5.941309E-1
+7.202165E+9	+7.272236E-1	+5.940948E-1
+7.202180E+9	+7.272003E-1	+5.938170E-1
+7.202195E+9	+7.272615E-1	+5.937889E-1
+7.202210E+9	+7.280490E-1	+5.934996E-1
+7.202225E+9	+7.287396E-1	+5.931472E-1
+7.202240E+9	+7.291469E-1	+5.935171E-1
+7.202255E+9	+7.287793E-1	+5.937274E-1
+7.202270E+9	+7.285610E-1	+5.935741E-1
+7.202285E+9	+7.281278E-1	+5.930796E-1
+7.202300E+9	+7.289549E-1	+5.921402E-1
+7.202315E+9	+7.295922E-1	+5.927502E-1
+7.202330E+9	+7.294425E-1	+5.929556E-1
+7.202345E+9	+7.297126E-1	+5.925563E-1
+7.202360E+9	+7.296318E-1	+5.927661E-1
+7.202375E+9	+7.290448E-1	+5.927925E-1
+7.202390E+9	+7.288885E-1	+5.922470E-1
+7.202405E+9	+7.290880E-1	+5.916760E-1
+7.202420E+9	+7.297273E-1	+5.914085E-1
+7.202435E+9	+7.298945E-1	+5.915310E-1
+7.202450E+9	+7.290051E-1	+5.915673E-1
+7.202465E+9	+7.291918E-1	+5.912970E-1
+7.202480E+9	+7.301323E-1	+5.912840E-1
+7.202495E+9	+7.302889E-1	+5.909785E-1
+7.202510E+9	+7.306448E-1	+5.907348E-1
+7.202525E+9	+7.310358E-1	+5.906737E-1
+7.202540E+9	+7.304678E-1	+5.903427E-1
+7.202555E+9	+7.301217E-1	+5.900862E-1
+7.202570E+9	+7.305935E-1	+5.899445E-1
+7.202585E+9	+7.309673E-1	+5.899293E-1
+7.202600E+9	+7.310732E-1	+5.899554E-1
+7.202615E+9	+7.310216E-1	+5.898917E-1
+7.202630E+9	+7.312192E-1	+5.895716E-1
+7.202645E+9	+7.311700E-1	+5.892746E-1
+7.202660E+9	+7.312970E-1	+5.896072E-1
+7.202675E+9	+7.313072E-1	+5.897484E-1
+7.202690E+9	+7.318397E-1	+5.896467E-1
+7.202705E+9	+7.322154E-1	+5.898126E-1
+7.202720E+9	+7.322384E-1	+5.895813E-1
+7.202735E+9	+7.317569E-1	+5.892257E-1
+7.202750E+9	+7.315877E-1	+5.883531E-1
+7.202765E+9	+7.318407E-1	+5.880996E-1
+7.202780E+9	+7.331885E-1	+5.889551E-1
+7.202795E+9	+7.333011E-1	+5.888977E-1
+7.202810E+9	+7.326516E-1	+5.886056E-1
+7.202825E+9	+7.330392E-1	+5.877485E-1
+7.202840E+9	+7.332993E-1	+5.873730E-1
+7.202855E+9	+7.333005E-1	+5.872336E-1
+7.202870E+9	+7.330290E-1	+5.873504E-1
+7.202885E+9	+7.329376E-1	+5.876620E-1
+7.202900E+9	+7.333744E-1	+5.879871E-1
+7.202915E+9	+7.341583E-1	+5.876150E-1
+7.202930E+9	+7.342667E-1	+5.866409E-1
+7.202945E+9	+7.337602E-1	+5.866991E-1
+7.202960E+9	+7.334809E-1	+5.861083E-1
+7.202975E+9	+7.336985E-1	+5.863223E-1
+7.202990E+9	+7.339628E-1	+5.864049E-1
+7.203005E+9	+7.344989E-1	+5.865989E-1
+7.203020E+9	+7.345454E-1	+5.858193E-1
+7.203035E+9	+7.341083E-1	+5.857148E-1
+7.203050E+9	+7.343705E-1	+5.851436E-1
+7.203065E+9	+7.336628E-1	+5.854096E-1
+7.203080E+9	+7.334077E-1	+5.857070E-1
+7.203095E+9	+7.332486E-1	+5.858311E-1
+7.203110E+9	+7.343273E-1	+5.863219E-1
+7.203125E+9	+7.347242E-1	+5.859647E-1
+7.203140E+9	+7.349543E-1	+5.854458E-1
+7.203155E+9	+7.349256E-1	+5.851371E-1
+7.203170E+9	+7.348058E-1	+5.850977E-1
+7.203185E+9	+7.349218E-1	+5.846401E-1
+7.203200E+9	+7.352471E-1	+5.845980E-1
+7.203215E+9	+7.354962E-1	+5.847454E-1
+7.203230E+9	+7.357163E-1	+5.845635E-1
+7.203245E+9	+7.359037E-1	+5.839629E-1
+7.203260E+9	+7.364412E-1	+5.837215E-1
+7.203275E+9	+7.369631E-1	+5.832580E-1
+7.203290E+9	+7.367684E-1	+5.834268E-1
+7.203305E+9	+7.361858E-1	+5.829292E-1
+7.203320E+9	+7.364098E-1	+5.823614E-1
+7.203335E+9	+7.368872E-1	+5.830554E-1
+7.203350E+9	+7.362434E-1	+5.829523E-1
+7.203365E+9	+7.364238E-1	+5.819620E-1
+7.203380E+9	+7.373830E-1	+5.813879E-1
+7.203395E+9	+7.376305E-1	+5.820671E-1
+7.203410E+9	+7.374571E-1	+5.818440E-1
+7.203425E+9	+7.373832E-1	+5.820887E-1
+7.203440E+9	+7.375826E-1	+5.825282E-1
+7.203455E+9	+7.380098E-1	+5.828906E-1
+7.203470E+9	+7.377000E-1	+5.824232E-1
+7.203485E+9	+7.376449E-1	+5.817311E-1
+7.203500E+9	+7.378529E-1	+5.811123E-1
+7.203515E+9	+7.385719E-1	+5.818411E-1
+7.203530E+9	+7.384805E-1	+5.819077E-1
+7.203545E+9	+7.378871E-1	+5.812029E-1
+7.203560E+9	+7.379126E-1	+5.810145E-1
+7.203575E+9	+7.382368E-1	+5.809100E-1
+7.203590E+9	+7.379712E-1	+5.808496E-1
+7.203605E+9	+7.386266E-1	+5.812007E-1
+7.203620E+9	+7.394181E-1	+5.803852E-1
+7.203635E+9	+7.393312E-1	+5.801466E-1
+7.203650E+9	+7.389809E-1	+5.805570E-1
+7.203665E+9	+7.394271E-1	+5.805784E-1
+7.203680E+9	+7.391630E-1	+5.804216E-1
+7.203695E+9	+7.390328E-1	+5.792506E-1
+7.203710E+9	+7.396127E-1	+5.792070E-1
+7.203725E+9	+7.405437E-1	+5.795515E-1
+7.203740E+9	+7.406384E-1	+5.791680E-1
+7.203755E+9	+7.401501E-1	+5.795664E-1
+7.203770E+9	+7.393552E-1	+5.796884E-1
+7.203785E+9	+7.397185E-1	+5.788954E-1
+7.203800E+9	+7.403624E-1	+5.780611E-1
+7.203815E+9	+7.405536E-1	+5.781650E-1
+7.203830E+9	+7.407677E-1	+5.783463E-1
+7.203845E+9	+7.409121E-1	+5.783094E-1
+7.203860E+9	+7.407447E-1	+5.782855E-1
+7.203875E+9	+7.403593E-1	+5.779510E-1
+7.203890E+9	+7.406124E-1	+5.776499E-1
+7.203905E+9	+7.408082E-1	+5.773419E-1
+7.203920E+9	+7.411860E-1	+5.773524E-1
+7.203935E+9	+7.418820E-1	+5.773953E-1
+7.203950E+9	+7.416690E-1	+5.784376E-1
+7.203965E+9	+7.413071E-1	+5.776325E-1
+7.203980E+9	+7.411070E-1	+5.774610E-1
+7.203995E+9	+7.412879E-1	+5.772549E-1
+7.204010E+9	+7.420392E-1	+5.762489E-1
+7.204025E+9	+7.415842E-1	+5.755097E-1
+7.204040E+9	+7.413537E-1	+5.757805E-1
+7.204055E+9	+7.418528E-1	+5.761183E-1
+7.204070E+9	+7.424331E-1	+5.759452E-1
+7.204085E+9	+7.429349E-1	+5.756866E-1
+7.204100E+9	+7.427783E-1	+5.754680E-1
+7.204115E+9	+7.429178E-1	+5.754318E-1
+7.204130E+9	+7.431848E-1	+5.752381E-1
+7.204145E+9	+7.432145E-1	+5.752762E-1
+7.204160E+9	+7.427699E-1	+5.747686E-1
+7.204175E+9	+7.422591E-1	+5.749232E-1
+7.204190E+9	+7.428126E-1	+5.747526E-1
+7.204205E+9	+7.437617E-1	+5.751072E-1
+7.204220E+9	+7.436379E-1	+5.744609E-1
+7.204235E+9	+7.440527E-1	+5.742646E-1
+7.204250E+9	+7.439159E-1	+5.751125E-1
+7.204265E+9	+7.436677E-1	+5.746946E-1
+7.204280E+9	+7.438186E-1	+5.746349E-1
+7.204295E+9	+7.443386E-1	+5.746498E-1
+7.204310E+9	+7.444617E-1	+5.737244E-1
+7.204325E+9	+7.434982E-1	+5.737776E-1
+7.204340E+9	+7.439578E-1	+5.741197E-1
+7.204355E+9	+7.444386E-1	+5.741369E-1
+7.204370E+9	+7.445587E-1	+5.738174E-1
+7.204385E+9	+7.448565E-1	+5.735277E-1
+7.204400E+9	+7.445973E-1	+5.738940E-1
+7.204415E+9	+7.445627E-1	+5.732410E-1
+7.204430E+9	+7.446583E-1	+5.729207E-1
+7.204445E+9	+7.447543E-1	+5.729033E-1
+7.204460E+9	+7.448066E-1	+5.726824E-1
+7.204475E+9	+7.443430E-1	+5.728260E-1
+7.204490E+9	+7.450364E-1	+5.723403E-1
+7.204505E+9	+7.456274E-1	+5.721308E-1
+7.204520E+9	+7.455446E-1	+5.726580E-1
+7.204535E+9	+7.451272E-1	+5.724185E-1
+7.204550E+9	+7.452141E-1	+5.713076E-1
+7.204565E+9	+7.461612E-1	+5.714323E-1
+7.204580E+9	+7.466724E-1	+5.716542E-1
+7.204595E+9	+7.463990E-1	+5.714599E-1
+7.204610E+9	+7.469373E-1	+5.713800E-1
+7.204625E+9	+7.473174E-1	+5.710614E-1
+7.204640E+9	+7.470562E-1	+5.704109E-1
+7.204655E+9	+7.471650E-1	+5.701352E-1
+7.204670E+9	+7.467190E-1	+5.705056E-1
+7.204685E+9	+7.466646E-1	+5.708241E-1
+7.204700E+9	+7.459673E-1	+5.707619E-1
+7.204715E+9	+7.459424E-1	+5.696465E-1
+7.204730E+9	+7.464065E-1	+5.690995E-1
+7.204745E+9	+7.468960E-1	+5.692115E-1
+7.204760E+9	+7.472060E-1	+5.692035E-1
+7.204775E+9	+7.473179E-1	+5.696816E-1
+7.204790E+9	+7.474372E-1	+5.694343E-1
+7.204805E+9	+7.474321E-1	+5.694470E-1
+7.204820E+9	+7.472218E-1	+5.689900E-1
+7.204835E+9	+7.475996E-1	+5.691923E-1
+7.204850E+9	+7.481954E-1	+5.699871E-1
+7.204865E+9	+7.479244E-1	+5.689654E-1
+7.204880E+9	+7.483277E-1	+5.682248E-1
+7.204895E+9	+7.493384E-1	+5.682829E-1
+7.204910E+9	+7.488628E-1	+5.679062E-1
+7.204925E+9	+7.481105E-1	+5.675902E-1
+7.204940E+9	+7.484329E-1	+5.672612E-1
+7.204955E+9	+7.487921E-1	+5.672494E-1
+7.204970E+9	+7.488702E-1	+5.675287E-1
+7.204985E+9	+7.493644E-1	+5.676254E-1
+7.205000E+9	+7.496117E-1	+5.675327E-1
+7.205015E+9	+7.499184E-1	+5.672437E-1
+7.205030E+9	+7.493327E-1	+5.675047E-1
+7.205045E+9	+7.489274E-1	+5.670310E-1
+7.205060E+9	+7.492835E-1	+5.668528E-1
+7.205075E+9	+7.495524E-1	+5.667896E-1
+7.205090E+9	+7.499158E-1	+5.666683E-1
+7.205105E+9	+7.502875E-1	+5.670192E-1
+7.205120E+9	+7.500030E-1	+5.671346E-1
+7.205135E+9	+7.497830E-1	+5.660986E-1
+7.205150E+9	+7.501333E-1	+5.652663E-1
+7.205165E+9	+7.500654E-1	+5.652040E-1
+7.205180E+9	+7.504421E-1	+5.653911E-1
+7.205195E+9	+7.512191E-1	+5.655576E-1
+7.205210E+9	+7.516876E-1	+5.653532E-1
+7.205225E+9	+7.521433E-1	+5.651492E-1
+7.205240E+9	+7.515971E-1	+5.645503E-1
+7.205255E+9	+7.508512E-1	+5.643248E-1
+7.205270E+9	+7.504125E-1	+5.645393E-1
+7.205285E+9	+7.503943E-1	+5.642559E-1
+7.205300E+9	+7.519461E-1	+5.641013E-1
+7.205315E+9	+7.520553E-1	+5.642007E-1
+7.205330E+9	+7.515880E-1	+5.648893E-1
+7.205345E+9	+7.521194E-1	+5.647329E-1
+7.205360E+9	+7.519531E-1	+5.639036E-1
+7.205375E+9	+7.519034E-1	+5.631983E-1
+7.205390E+9	+7.522738E-1	+5.636029E-1
+7.205405E+9	+7.521244E-1	+5.636809E-1
+7.205420E+9	+7.510736E-1	+5.635030E-1
+7.205435E+9	+7.519981E-1	+5.635486E-1
+7.205450E+9	+7.529674E-1	+5.635467E-1
+7.205465E+9	+7.530094E-1	+5.633982E-1
+7.205480E+9	+7.528741E-1	+5.633287E-1
+7.205495E+9	+7.531104E-1	+5.632068E-1
+7.205510E+9	+7.531343E-1	+5.631466E-1
+7.205525E+9	+7.533725E-1	+5.633167E-1
+7.205540E+9	+7.536313E-1	+5.626976E-1
+7.205555E+9	+7.536497E-1	+5.623095E-1
+7.205570E+9	+7.535359E-1	+5.622545E-1
+7.205585E+9	+7.536788E-1	+5.629661E-1
+7.205600E+9	+7.531449E-1	+5.621930E-1
+7.205615E+9	+7.527359E-1	+5.618346E-1
+7.205630E+9	+7.530680E-1	+5.615009E-1
+7.205645E+9	+7.538243E-1	+5.608619E-1
+7.205660E+9	+7.537696E-1	+5.610970E-1
+7.205675E+9	+7.533093E-1	+5.608653E-1
+7.205690E+9	+7.541003E-1	+5.597959E-1
+7.205705E+9	+7.548584E-1	+5.600199E-1
+7.205720E+9	+7.546079E-1	+5.611860E-1
+7.205735E+9	+7.551199E-1	+5.611432E-1
+7.205750E+9	+7.555270E-1	+5.599069E-1
+7.205765E+9	+7.547071E-1	+5.595006E-1
+7.205780E+9	+7.545348E-1	+5.598408E-1
+7.205795E+9	+7.547941E-1	+5.595908E-1
+7.205810E+9	+7.552057E-1	+5.594785E-1
+7.205825E+9	+7.557360E-1	+5.592503E-1
+7.205840E+9	+7.557501E-1	+5.590055E-1
+7.205855E+9	+7.557397E-1	+5.588526E-1
+7.205870E+9	+7.558159E-1	+5.589338E-1
+7.205885E+9	+7.557198E-1	+5.583984E-1
+7.205900E+9	+7.557304E-1	+5.579247E-1
+7.205915E+9	+7.560523E-1	+5.576545E-1
+7.205930E+9	+7.566143E-1	+5.574624E-1
+7.205945E+9	+7.573546E-1	+5.575285E-1
+7.205960E+9	+7.565244E-1	+5.577676E-1
+7.205975E+9	+7.557938E-1	+5.574948E-1
+7.205990E+9	+7.564657E-1	+5.583289E-1
+7.206005E+9	+7.565774E-1	+5.585217E-1
+7.206020E+9	+7.561495E-1	+5.580308E-1
+7.206035E+9	+7.562038E-1	+5.572846E-1
+7.206050E+9	+7.564047E-1	+5.566308E-1
+7.206065E+9	+7.564731E-1	+5.573384E-1
+7.206080E+9	+7.566752E-1	+5.574325E-1
+7.206095E+9	+7.570408E-1	+5.570448E-1
+7.206110E+9	+7.573209E-1	+5.573283E-1
+7.206125E+9	+7.562681E-1	+5.574173E-1
+7.206140E+9	+7.561245E-1	+5.568051E-1
+7.206155E+9	+7.573985E-1	+5.563536E-1
+7.206170E+9	+7.576735E-1	+5.565259E-1
+7.206185E+9	+7.575335E-1	+5.559088E-1
+7.206200E+9	+7.581987E-1	+5.550720E-1
+7.206215E+9	+7.578177E-1	+5.552662E-1
+7.206230E+9	+7.579935E-1	+5.562255E-1
+7.206245E+9	+7.583257E-1	+5.556949E-1
+7.206260E+9	+7.589449E-1	+5.542291E-1
+7.206275E+9	+7.594862E-1	+5.555531E-1
+7.206290E+9	+7.591500E-1	+5.549523E-1
+7.206305E+9	+7.588076E-1	+5.545061E-1
+7.206320E+9	+7.586398E-1	+5.548148E-1
+7.206335E+9	+7.588833E-1	+5.548718E-1
+7.206350E+9	+7.589306E-1	+5.548155E-1
+7.206365E+9	+7.591267E-1	+5.539217E-1
+7.206380E+9	+7.593877E-1	+5.531401E-1
+7.206395E+9	+7.602004E-1	+5.532293E-1
+7.206410E+9	+7.597028E-1	+5.531214E-1
+7.206425E+9	+7.593929E-1	+5.531376E-1
+7.206440E+9	+7.593046E-1	+5.535046E-1
+7.206455E+9	+7.593625E-1	+5.532806E-1
+7.206470E+9	+7.597877E-1	+5.533311E-1
+7.206485E+9	+7.596044E-1	+5.536912E-1
+7.206500E+9	+7.604987E-1	+5.529297E-1
+7.206515E+9	+7.602179E-1	+5.531057E-1
+7.206530E+9	+7.604362E-1	+5.529510E-1
+7.206545E+9	+7.606509E-1	+5.527376E-1
+7.206560E+9	+7.603188E-1	+5.525286E-1
+7.206575E+9	+7.598986E-1	+5.527417E-1
+7.206590E+9	+7.600797E-1	+5.526431E-1
+7.206605E+9	+7.600889E-1	+5.524958E-1
+7.206620E+9	+7.599942E-1	+5.523687E-1
+7.206635E+9	+7.605402E-1	+5.515704E-1
+7.206650E+9	+7.607839E-1	+5.523494E-1
+7.206665E+9	+7.605407E-1	+5.520855E-1
+7.206680E+9	+7.603793E-1	+5.514347E-1
+7.206695E+9	+7.612906E-1	+5.509809E-1
+7.206710E+9	+7.613488E-1	+5.510957E-1
+7.206725E+9	+7.617823E-1	+5.516176E-1
+7.206740E+9	+7.617427E-1	+5.516202E-1
+7.206755E+9	+7.617745E-1	+5.515114E-1
+7.206770E+9	+7.612151E-1	+5.513583E-1
+7.206785E+9	+7.613129E-1	+5.512309E-1
+7.206800E+9	+7.618595E-1	+5.509805E-1
+7.206815E+9	+7.621683E-1	+5.506314E-1
+7.206830E+9	+7.627872E-1	+5.501127E-1
+7.206845E+9	+7.628016E-1	+5.503693E-1
+7.206860E+9	+7.617374E-1	+5.494977E-1
+7.206875E+9	+7.622858E-1	+5.486470E-1
+7.206890E+9	+7.632341E-1	+5.486459E-1
+7.206905E+9	+7.634266E-1	+5.489853E-1
+7.206920E+9	+7.638444E-1	+5.489092E-1
+7.206935E+9	+7.632901E-1	+5.487749E-1
+7.206950E+9	+7.628011E-1	+5.493422E-1
+7.206965E+9	+7.633408E-1	+5.484819E-1
+7.206980E+9	+7.641794E-1	+5.479535E-1
+7.206995E+9	+7.644269E-1	+5.477049E-1
+7.207010E+9	+7.644422E-1	+5.478846E-1
+7.207025E+9	+7.633409E-1	+5.488769E-1
+7.207040E+9	+7.634621E-1	+5.489610E-1
+7.207055E+9	+7.630294E-1	+5.479960E-1
+7.207070E+9	+7.634097E-1	+5.478316E-1
+7.207085E+9	+7.645165E-1	+5.475916E-1
+7.207100E+9	+7.645386E-1	+5.477114E-1
+7.207115E+9	+7.644376E-1	+5.470564E-1
+7.207130E+9	+7.642595E-1	+5.472691E-1
+7.207145E+9	+7.639991E-1	+5.479032E-1
+7.207160E+9	+7.642757E-1	+5.472077E-1
+7.207175E+9	+7.651251E-1	+5.459971E-1
+7.207190E+9	+7.660420E-1	+5.460436E-1
+7.207205E+9	+7.662451E-1	+5.458652E-1
+7.207220E+9	+7.666502E-1	+5.455923E-1
+7.207235E+9	+7.662275E-1	+5.457561E-1
+7.207250E+9	+7.654168E-1	+5.454972E-1
+7.207265E+9	+7.655024E-1	+5.448726E-1
+7.207280E+9	+7.649756E-1	+5.455072E-1
+7.207295E+9	+7.665548E-1	+5.450877E-1
+7.207310E+9	+7.664052E-1	+5.447519E-1
+7.207325E+9	+7.661426E-1	+5.447125E-1
+7.207340E+9	+7.667561E-1	+5.449415E-1
+7.207355E+9	+7.672256E-1	+5.454382E-1
+7.207370E+9	+7.669272E-1	+5.449075E-1
+7.207385E+9	+7.671195E-1	+5.445110E-1
+7.207400E+9	+7.672405E-1	+5.439891E-1
+7.207415E+9	+7.663513E-1	+5.440345E-1
+7.207430E+9	+7.664703E-1	+5.443019E-1
+7.207445E+9	+7.671165E-1	+5.435589E-1
+7.207460E+9	+7.667804E-1	+5.432553E-1
+7.207475E+9	+7.671706E-1	+5.426699E-1
+7.207490E+9	+7.669229E-1	+5.428241E-1
+7.207505E+9	+7.656355E-1	+5.442054E-1
+7.207520E+9	+7.655604E-1	+5.444747E-1
+7.207535E+9	+7.669830E-1	+5.433999E-1
+7.207550E+9	+7.673356E-1	+5.433607E-1
+7.207565E+9	+7.680225E-1	+5.428028E-1
+7.207580E+9	+7.684382E-1	+5.424273E-1
+7.207595E+9	+7.685573E-1	+5.424257E-1
+7.207610E+9	+7.682368E-1	+5.424048E-1
+7.207625E+9	+7.666726E-1	+5.419049E-1
+7.207640E+9	+7.669394E-1	+5.413420E-1
+7.207655E+9	+7.680557E-1	+5.413755E-1
+7.207670E+9	+7.680651E-1	+5.420732E-1
+7.207685E+9	+7.674691E-1	+5.418427E-1
+7.207700E+9	+7.667985E-1	+5.407480E-1
+7.207715E+9	+7.674348E-1	+5.413249E-1
+7.207730E+9	+7.679175E-1	+5.415645E-1
+7.207745E+9	+7.685976E-1	+5.417639E-1
+7.207760E+9	+7.685787E-1	+5.412430E-1
+7.207775E+9	+7.685660E-1	+5.414007E-1
+7.207790E+9	+7.685581E-1	+5.405599E-1
+7.207805E+9	+7.693910E-1	+5.397930E-1
+7.207820E+9	+7.695940E-1	+5.402310E-1
+7.207835E+9	+7.694986E-1	+5.405087E-1
+7.207850E+9	+7.690595E-1	+5.405926E-1
+7.207865E+9	+7.694522E-1	+5.403900E-1
+7.207880E+9	+7.705628E-1	+5.401020E-1
+7.207895E+9	+7.697157E-1	+5.398440E-1
+7.207910E+9	+7.694370E-1	+5.397898E-1
+7.207925E+9	+7.697353E-1	+5.393551E-1
+7.207940E+9	+7.693576E-1	+5.392664E-1
+7.207955E+9	+7.703919E-1	+5.393164E-1
+7.207970E+9	+7.701930E-1	+5.388673E-1
+7.207985E+9	+7.699730E-1	+5.386338E-1
+7.208000E+9	+7.698725E-1	+5.383939E-1
+7.208015E+9	+7.701018E-1	+5.393406E-1
+7.208030E+9	+7.706732E-1	+5.396650E-1
+7.208045E+9	+7.707272E-1	+5.386123E-1
+7.208060E+9	+7.698571E-1	+5.368357E-1
+7.208075E+9	+7.693868E-1	+5.364929E-1
+7.208090E+9	+7.695595E-1	+5.375397E-1
+7.208105E+9	+7.705724E-1	+5.379818E-1
+7.208120E+9	+7.712506E-1	+5.376245E-1
+7.208135E+9	+7.716102E-1	+5.367807E-1
+7.208150E+9	+7.716240E-1	+5.362824E-1
+7.208165E+9	+7.713509E-1	+5.360385E-1
+7.208180E+9	+7.718091E-1	+5.359633E-1
+7.208195E+9	+7.721440E-1	+5.363813E-1
+7.208210E+9	+7.722065E-1	+5.359759E-1
+7.208225E+9	+7.710277E-1	+5.357577E-1
+7.208240E+9	+7.707199E-1	+5.358899E-1
+7.208255E+9	+7.718418E-1	+5.374125E-1
+7.208270E+9	+7.724336E-1	+5.373314E-1
+7.208285E+9	+7.727924E-1	+5.360323E-1
+7.208300E+9	+7.722948E-1	+5.355550E-1
+7.208315E+9	+7.728886E-1	+5.351175E-1
+7.208330E+9	+7.725217E-1	+5.342381E-1
+7.208345E+9	+7.720212E-1	+5.343944E-1
+7.208360E+9	+7.722355E-1	+5.352450E-1
+7.208375E+9	+7.732314E-1	+5.345864E-1
+7.208390E+9	+7.735494E-1	+5.345627E-1
+7.208405E+9	+7.730475E-1	+5.344914E-1
+7.208420E+9	+7.733346E-1	+5.340321E-1
+7.208435E+9	+7.737433E-1	+5.342478E-1
+7.208450E+9	+7.739628E-1	+5.347168E-1
+7.208465E+9	+7.738993E-1	+5.338595E-1
+7.208480E+9	+7.741657E-1	+5.336052E-1
+7.208495E+9	+7.748755E-1	+5.349587E-1
+7.208510E+9	+7.748176E-1	+5.353161E-1
+7.208525E+9	+7.744889E-1	+5.340126E-1
+7.208540E+9	+7.747361E-1	+5.337597E-1
+7.208555E+9	+7.750290E-1	+5.336892E-1
+7.208570E+9	+7.748900E-1	+5.338707E-1
+7.208585E+9	+7.736634E-1	+5.329539E-1
+7.208600E+9	+7.735293E-1	+5.328158E-1
+7.208615E+9	+7.742971E-1	+5.331879E-1
+7.208630E+9	+7.749693E-1	+5.330136E-1
+7.208645E+9	+7.748645E-1	+5.323794E-1
+7.208660E+9	+7.749573E-1	+5.319746E-1
+7.208675E+9	+7.747470E-1	+5.320304E-1
+7.208690E+9	+7.750508E-1	+5.321305E-1
+7.208705E+9	+7.758886E-1	+5.314510E-1
+7.208720E+9	+7.764543E-1	+5.315052E-1
+7.208735E+9	+7.760998E-1	+5.311155E-1
+7.208750E+9	+7.744317E-1	+5.307527E-1
+7.208765E+9	+7.747240E-1	+5.304656E-1
+7.208780E+9	+7.759490E-1	+5.309353E-1
+7.208795E+9	+7.760129E-1	+5.310054E-1
+7.208810E+9	+7.762774E-1	+5.304375E-1
+7.208825E+9	+7.763551E-1	+5.301459E-1
+7.208840E+9	+7.759518E-1	+5.309427E-1
+7.208855E+9	+7.755452E-1	+5.313642E-1
+7.208870E+9	+7.754295E-1	+5.309384E-1
+7.208885E+9	+7.760600E-1	+5.306934E-1
+7.208900E+9	+7.768246E-1	+5.308068E-1
+7.208915E+9	+7.770591E-1	+5.299966E-1
+7.208930E+9	+7.770962E-1	+5.296662E-1
+7.208945E+9	+7.768506E-1	+5.296248E-1
+7.208960E+9	+7.769851E-1	+5.293382E-1
+7.208975E+9	+7.769974E-1	+5.283451E-1
+7.208990E+9	+7.777865E-1	+5.288645E-1
+7.209005E+9	+7.779062E-1	+5.285545E-1
+7.209020E+9	+7.775346E-1	+5.274439E-1
+7.209035E+9	+7.766376E-1	+5.280729E-1
+7.209050E+9	+7.771028E-1	+5.289172E-1
+7.209065E+9	+7.772682E-1	+5.288067E-1
+7.209080E+9	+7.774009E-1	+5.289649E-1
+7.209095E+9	+7.776606E-1	+5.284178E-1
+7.209110E+9	+7.779348E-1	+5.280684E-1
+7.209125E+9	+7.777257E-1	+5.282621E-1
+7.209140E+9	+7.779295E-1	+5.278208E-1
+7.209155E+9	+7.774773E-1	+5.273961E-1
+7.209170E+9	+7.782290E-1	+5.269804E-1
+7.209185E+9	+7.782186E-1	+5.266379E-1
+7.209200E+9	+7.781804E-1	+5.265127E-1
+7.209215E+9	+7.789726E-1	+5.263122E-1
+7.209230E+9	+7.797418E-1	+5.264067E-1
+7.209245E+9	+7.798208E-1	+5.260981E-1
+7.209260E+9	+7.787791E-1	+5.259755E-1
+7.209275E+9	+7.786236E-1	+5.270297E-1
+7.209290E+9	+7.786229E-1	+5.264725E-1
+7.209305E+9	+7.791421E-1	+5.266135E-1
+7.209320E+9	+7.798226E-1	+5.273733E-1
+7.209335E+9	+7.803378E-1	+5.270799E-1
+7.209350E+9	+7.805987E-1	+5.267169E-1
+7.209365E+9	+7.803688E-1	+5.264730E-1
+7.209380E+9	+7.800930E-1	+5.255667E-1
+7.209395E+9	+7.797394E-1	+5.250924E-1
+7.209410E+9	+7.797705E-1	+5.240629E-1
+7.209425E+9	+7.801744E-1	+5.231473E-1
+7.209440E+9	+7.804625E-1	+5.232732E-1
+7.209455E+9	+7.805448E-1	+5.245219E-1
+7.209470E+9	+7.800867E-1	+5.243136E-1
+7.209485E+9	+7.802361E-1	+5.246765E-1
+7.209500E+9	+7.813822E-1	+5.252038E-1
+7.209515E+9	+7.812476E-1	+5.240280E-1
+7.209530E+9	+7.816114E-1	+5.233368E-1
+7.209545E+9	+7.814784E-1	+5.237063E-1
+7.209560E+9	+7.813519E-1	+5.237992E-1
+7.209575E+9	+7.805346E-1	+5.234961E-1
+7.209590E+9	+7.803124E-1	+5.225557E-1
+7.209605E+9	+7.803331E-1	+5.223874E-1
+7.209620E+9	+7.805286E-1	+5.225613E-1
+7.209635E+9	+7.813049E-1	+5.236147E-1
+7.209650E+9	+7.816375E-1	+5.230282E-1
+7.209665E+9	+7.816272E-1	+5.228001E-1
+7.209680E+9	+7.816222E-1	+5.228000E-1
+7.209695E+9	+7.823346E-1	+5.222847E-1
+7.209710E+9	+7.821320E-1	+5.219041E-1
+7.209725E+9	+7.811205E-1	+5.240859E-1
+7.209740E+9	+7.823125E-1	+5.239430E-1
+7.209755E+9	+7.828782E-1	+5.238342E-1
+7.209770E+9	+7.828599E-1	+5.232280E-1
+7.209785E+9	+7.832344E-1	+5.215010E-1
+7.209800E+9	+7.825944E-1	+5.210130E-1
+7.209815E+9	+7.831063E-1	+5.211832E-1
+7.209830E+9	+7.833508E-1	+5.216671E-1
+7.209845E+9	+7.829401E-1	+5.216638E-1
+7.209860E+9	+7.821893E-1	+5.212332E-1
+7.209875E+9	+7.823749E-1	+5.207990E-1
+7.209890E+9	+7.824157E-1	+5.205721E-1
+7.209905E+9	+7.826675E-1	+5.196192E-1
+7.209920E+9	+7.829360E-1	+5.194892E-1
+7.209935E+9	+7.831001E-1	+5.199399E-1
+7.209950E+9	+7.828030E-1	+5.202948E-1
+7.209965E+9	+7.834239E-1	+5.197646E-1
+7.209980E+9	+7.834931E-1	+5.184128E-1
+7.209995E+9	+7.833159E-1	+5.186296E-1
+7.210010E+9	+7.837485E-1	+5.192768E-1
+7.210025E+9	+7.839550E-1	+5.167351E-1
+7.210040E+9	+7.843565E-1	+5.177879E-1
+7.210055E+9	+7.845821E-1	+5.186897E-1
+7.210070E+9	+7.849742E-1	+5.186585E-1
+7.210085E+9	+7.848366E-1	+5.186907E-1
+7.210100E+9	+7.828116E-1	+5.196365E-1
+7.210115E+9	+7.827282E-1	+5.193467E-1
+7.210130E+9	+7.840269E-1	+5.172294E-1
+7.210145E+9	+7.843896E-1	+5.172032E-1
+7.210160E+9	+7.840676E-1	+5.183194E-1
+7.210175E+9	+7.843898E-1	+5.171663E-1
+7.210190E+9	+7.836480E-1	+5.166876E-1
+7.210205E+9	+7.835064E-1	+5.169507E-1
+7.210220E+9	+7.840795E-1	+5.174477E-1
+7.210235E+9	+7.846254E-1	+5.175575E-1
+7.210250E+9	+7.853452E-1	+5.174999E-1
+7.210265E+9	+7.851285E-1	+5.169432E-1
+7.210280E+9	+7.854300E-1	+5.166864E-1
+7.210295E+9	+7.862711E-1	+5.169533E-1
+7.210310E+9	+7.865696E-1	+5.171719E-1
+7.210325E+9	+7.864236E-1	+5.168677E-1
+7.210340E+9	+7.860644E-1	+5.164458E-1
+7.210355E+9	+7.843592E-1	+5.155303E-1
+7.210370E+9	+7.844990E-1	+5.162232E-1
+7.210385E+9	+7.857833E-1	+5.163194E-1
+7.210400E+9	+7.867050E-1	+5.154477E-1
+7.210415E+9	+7.867096E-1	+5.150856E-1
+7.210430E+9	+7.870759E-1	+5.150589E-1
+7.210445E+9	+7.866280E-1	+5.153588E-1
+7.210460E+9	+7.864172E-1	+5.150150E-1
+7.210475E+9	+7.864118E-1	+5.148398E-1
+7.210490E+9	+7.867115E-1	+5.150179E-1
+7.210505E+9	+7.876370E-1	+5.134621E-1
+7.210520E+9	+7.871018E-1	+5.132141E-1
+7.210535E+9	+7.870395E-1	+5.128954E-1
+7.210550E+9	+7.878161E-1	+5.144529E-1
+7.210565E+9	+7.878927E-1	+5.145570E-1
+7.210580E+9	+7.868275E-1	+5.143566E-1
+7.210595E+9	+7.873496E-1	+5.139882E-1
+7.210610E+9	+7.872782E-1	+5.134563E-1
+7.210625E+9	+7.868828E-1	+5.134810E-1
+7.210640E+9	+7.875168E-1	+5.138797E-1
+7.210655E+9	+7.878764E-1	+5.138107E-1
+7.210670E+9	+7.887088E-1	+5.131665E-1
+7.210685E+9	+7.882937E-1	+5.118355E-1
+7.210700E+9	+7.882578E-1	+5.117441E-1
+7.210715E+9	+7.888707E-1	+5.127924E-1
+7.210730E+9	+7.892489E-1	+5.123822E-1
+7.210745E+9	+7.881497E-1	+5.117012E-1
+7.210760E+9	+7.879550E-1	+5.116577E-1
+7.210775E+9	+7.874942E-1	+5.123195E-1
+7.210790E+9	+7.879315E-1	+5.121444E-1
+7.210805E+9	+7.885135E-1	+5.111278E-1
+7.210820E+9	+7.882344E-1	+5.111330E-1
+7.210835E+9	+7.886593E-1	+5.109745E-1
+7.210850E+9	+7.885775E-1	+5.126558E-1
+7.210865E+9	+7.886356E-1	+5.121380E-1
+7.210880E+9	+7.897878E-1	+5.099249E-1
+7.210895E+9	+7.901354E-1	+5.101206E-1
+7.210910E+9	+7.897047E-1	+5.099367E-1
+7.210925E+9	+7.886553E-1	+5.109701E-1
+7.210940E+9	+7.884583E-1	+5.105565E-1
+7.210955E+9	+7.889287E-1	+5.104674E-1
+7.210970E+9	+7.897130E-1	+5.101868E-1
+7.210985E+9	+7.902734E-1	+5.097871E-1
+7.211000E+9	+7.899766E-1	+5.097827E-1
+7.211015E+9	+7.900492E-1	+5.100127E-1
+7.211030E+9	+7.904246E-1	+5.096455E-1
+7.211045E+9	+7.905022E-1	+5.098515E-1
+7.211060E+9	+7.906578E-1	+5.096029E-1
+7.211075E+9	+7.907792E-1	+5.086961E-1
+7.211090E+9	+7.910302E-1	+5.090588E-1
+7.211105E+9	+7.911392E-1	+5.090511E-1
+7.211120E+9	+7.904037E-1	+5.089931E-1
+7.211135E+9	+7.905627E-1	+5.088570E-1
+7.211150E+9	+7.909870E-1	+5.088979E-1
+7.211165E+9	+7.912882E-1	+5.092263E-1
+7.211180E+9	+7.913386E-1	+5.087151E-1
+7.211195E+9	+7.913065E-1	+5.081467E-1
+7.211210E+9	+7.912780E-1	+5.076656E-1
+7.211225E+9	+7.914874E-1	+5.083399E-1
+7.211240E+9	+7.914992E-1	+5.083532E-1
+7.211255E+9	+7.919055E-1	+5.081577E-1
+7.211270E+9	+7.922369E-1	+5.071460E-1
+7.211285E+9	+7.920999E-1	+5.062013E-1
+7.211300E+9	+7.924048E-1	+5.065719E-1
+7.211315E+9	+7.919089E-1	+5.064507E-1
+7.211330E+9	+7.920503E-1	+5.066023E-1
+7.211345E+9	+7.923247E-1	+5.068411E-1
+7.211360E+9	+7.919335E-1	+5.056714E-1
+7.211375E+9	+7.915870E-1	+5.065827E-1
+7.211390E+9	+7.912283E-1	+5.058510E-1
+7.211405E+9	+7.915671E-1	+5.048135E-1
+7.211420E+9	+7.928380E-1	+5.045986E-1
+7.211435E+9	+7.933365E-1	+5.046006E-1
+7.211450E+9	+7.930181E-1	+5.044329E-1
+7.211465E+9	+7.928828E-1	+5.052618E-1
+7.211480E+9	+7.932876E-1	+5.055753E-1
+7.211495E+9	+7.930638E-1	+5.044251E-1
+7.211510E+9	+7.933840E-1	+5.035986E-1
+7.211525E+9	+7.931876E-1	+5.043208E-1
+7.211540E+9	+7.928451E-1	+5.033139E-1
+7.211555E+9	+7.932738E-1	+5.029627E-1
+7.211570E+9	+7.938451E-1	+5.041852E-1
+7.211585E+9	+7.938726E-1	+5.043398E-1
+7.211600E+9	+7.936309E-1	+5.046861E-1
+7.211615E+9	+7.930487E-1	+5.036257E-1
+7.211630E+9	+7.929226E-1	+5.030852E-1
+7.211645E+9	+7.931423E-1	+5.035764E-1
+7.211660E+9	+7.940152E-1	+5.039319E-1
+7.211675E+9	+7.936953E-1	+5.040368E-1
+7.211690E+9	+7.944120E-1	+5.047103E-1
+7.211705E+9	+7.945818E-1	+5.043134E-1
+7.211720E+9	+7.939119E-1	+5.024306E-1
+7.211735E+9	+7.937364E-1	+5.021236E-1
+7.211750E+9	+7.940274E-1	+5.023211E-1
+7.211765E+9	+7.931217E-1	+5.024939E-1
+7.211780E+9	+7.929642E-1	+5.024473E-1
+7.211795E+9	+7.937838E-1	+5.024572E-1
+7.211810E+9	+7.946496E-1	+5.015068E-1
+7.211825E+9	+7.951610E-1	+5.014145E-1
+7.211840E+9	+7.949977E-1	+5.011042E-1
+7.211855E+9	+7.965358E-1	+5.001596E-1
+7.211870E+9	+7.964995E-1	+5.010395E-1
+7.211885E+9	+7.963948E-1	+5.008230E-1
+7.211900E+9	+7.952818E-1	+5.000736E-1
+7.211915E+9	+7.953344E-1	+4.999050E-1
+7.211930E+9	+7.950251E-1	+5.000071E-1
+7.211945E+9	+7.953075E-1	+4.996061E-1
+7.211960E+9	+7.963768E-1	+5.006265E-1
+7.211975E+9	+7.960957E-1	+5.008266E-1
+7.211990E+9	+7.956890E-1	+5.006647E-1
+7.212005E+9	+7.960126E-1	+4.997597E-1
+7.212020E+9	+7.965897E-1	+4.997590E-1
+7.212035E+9	+7.970922E-1	+4.996607E-1
+7.212050E+9	+7.976831E-1	+5.001027E-1
+7.212065E+9	+7.978475E-1	+4.990998E-1
+7.212080E+9	+7.972546E-1	+4.982793E-1
+7.212095E+9	+7.971848E-1	+4.974452E-1
+7.212110E+9	+7.960737E-1	+4.995714E-1
+7.212125E+9	+7.972861E-1	+4.982013E-1
+7.212140E+9	+7.976131E-1	+4.977960E-1
+7.212155E+9	+7.975829E-1	+4.986510E-1
+7.212170E+9	+7.979410E-1	+4.982681E-1
+7.212185E+9	+7.975672E-1	+4.984005E-1
+7.212200E+9	+7.975579E-1	+4.968622E-1
+7.212215E+9	+7.973418E-1	+4.971044E-1
+7.212230E+9	+7.972811E-1	+4.968922E-1
+7.212245E+9	+7.980740E-1	+4.962969E-1
+7.212260E+9	+7.993313E-1	+4.969059E-1
+7.212275E+9	+7.984007E-1	+4.981836E-1
+7.212290E+9	+7.978226E-1	+4.972551E-1
+7.212305E+9	+7.969316E-1	+4.975466E-1
+7.212320E+9	+7.969436E-1	+4.988469E-1
+7.212335E+9	+7.980311E-1	+4.980390E-1
+7.212350E+9	+7.989032E-1	+4.963843E-1
+7.212365E+9	+7.994063E-1	+4.964645E-1
+7.212380E+9	+7.988615E-1	+4.961349E-1
+7.212395E+9	+7.981250E-1	+4.959556E-1
+7.212410E+9	+7.983592E-1	+4.955774E-1
+7.212425E+9	+7.989007E-1	+4.945904E-1
+7.212440E+9	+7.985009E-1	+4.944894E-1
+7.212455E+9	+7.982973E-1	+4.952435E-1
+7.212470E+9	+7.986201E-1	+4.954595E-1
+7.212485E+9	+7.991798E-1	+4.957017E-1
+7.212500E+9	+7.995776E-1	+4.955286E-1
+7.212515E+9	+7.996860E-1	+4.950594E-1
+7.212530E+9	+7.998075E-1	+4.947901E-1
+7.212545E+9	+7.999437E-1	+4.940862E-1
+7.212560E+9	+7.999122E-1	+4.929337E-1
+7.212575E+9	+8.002682E-1	+4.918826E-1
+7.212590E+9	+7.999601E-1	+4.928460E-1
+7.212605E+9	+8.000655E-1	+4.934389E-1
+7.212620E+9	+8.003308E-1	+4.940342E-1
+7.212635E+9	+8.002018E-1	+4.940379E-1
+7.212650E+9	+7.999701E-1	+4.939444E-1
+7.212665E+9	+8.001433E-1	+4.941388E-1
+7.212680E+9	+7.999071E-1	+4.945884E-1
+7.212695E+9	+8.007024E-1	+4.928652E-1
+7.212710E+9	+8.007142E-1	+4.923297E-1
+7.212725E+9	+7.994511E-1	+4.930553E-1
+7.212740E+9	+7.996446E-1	+4.934408E-1
+7.212755E+9	+8.009190E-1	+4.923344E-1
+7.212770E+9	+8.008554E-1	+4.918347E-1
+7.212785E+9	+8.002220E-1	+4.914878E-1
+7.212800E+9	+7.998166E-1	+4.933571E-1
+7.212815E+9	+8.004747E-1	+4.929559E-1
+7.212830E+9	+8.006940E-1	+4.925458E-1
+7.212845E+9	+8.004379E-1	+4.920700E-1
+7.212860E+9	+8.002913E-1	+4.920147E-1
+7.212875E+9	+8.012551E-1	+4.909699E-1
+7.212890E+9	+8.009842E-1	+4.909748E-1
+7.212905E+9	+8.018295E-1	+4.910866E-1
+7.212920E+9	+8.021650E-1	+4.911431E-1
+7.212935E+9	+8.023412E-1	+4.906231E-1
+7.212950E+9	+8.014840E-1	+4.896380E-1
+7.212965E+9	+8.022547E-1	+4.903679E-1
+7.212980E+9	+8.020903E-1	+4.908903E-1
+7.212995E+9	+8.028687E-1	+4.907859E-1
+7.213010E+9	+8.018107E-1	+4.904246E-1
+7.213025E+9	+8.013861E-1	+4.912409E-1
+7.213040E+9	+8.024008E-1	+4.909303E-1
+7.213055E+9	+8.028652E-1	+4.905760E-1
+7.213070E+9	+8.026717E-1	+4.895851E-1
+7.213085E+9	+8.022164E-1	+4.891817E-1
+7.213100E+9	+8.016690E-1	+4.897037E-1
+7.213115E+9	+8.030626E-1	+4.897430E-1
+7.213130E+9	+8.036589E-1	+4.892254E-1
+7.213145E+9	+8.040097E-1	+4.889716E-1
+7.213160E+9	+8.039923E-1	+4.885255E-1
+7.213175E+9	+8.037125E-1	+4.885351E-1
+7.213190E+9	+8.036341E-1	+4.880100E-1
+7.213205E+9	+8.033151E-1	+4.871006E-1
+7.213220E+9	+8.032853E-1	+4.868821E-1
+7.213235E+9	+8.035087E-1	+4.882606E-1
+7.213250E+9	+8.041832E-1	+4.878377E-1
+7.213265E+9	+8.050970E-1	+4.884142E-1
+7.213280E+9	+8.046967E-1	+4.887642E-1
+7.213295E+9	+8.046259E-1	+4.882181E-1
+7.213310E+9	+8.030530E-1	+4.872136E-1
+7.213325E+9	+8.044527E-1	+4.871837E-1
+7.213340E+9	+8.045671E-1	+4.879655E-1
+7.213355E+9	+8.041048E-1	+4.880037E-1
+7.213370E+9	+8.041080E-1	+4.875599E-1
+7.213385E+9	+8.033419E-1	+4.873403E-1
+7.213400E+9	+8.043673E-1	+4.850156E-1
+7.213415E+9	+8.047431E-1	+4.862889E-1
+7.213430E+9	+8.045245E-1	+4.870322E-1
+7.213445E+9	+8.051604E-1	+4.864630E-1
+7.213460E+9	+8.050021E-1	+4.859142E-1
+7.213475E+9	+8.042688E-1	+4.860366E-1
+7.213490E+9	+8.044569E-1	+4.853872E-1
+7.213505E+9	+8.053481E-1	+4.855423E-1
+7.213520E+9	+8.063904E-1	+4.856175E-1
+7.213535E+9	+8.063387E-1	+4.854826E-1
+7.213550E+9	+8.057888E-1	+4.853746E-1
+7.213565E+9	+8.059623E-1	+4.851700E-1
+7.213580E+9	+8.061605E-1	+4.847781E-1
+7.213595E+9	+8.056701E-1	+4.841006E-1
+7.213610E+9	+8.079348E-1	+4.830354E-1
+7.213625E+9	+8.063536E-1	+4.841375E-1
+7.213640E+9	+8.060585E-1	+4.838527E-1
+7.213655E+9	+8.060892E-1	+4.845767E-1
+7.213670E+9	+8.062668E-1	+4.834909E-1
+7.213685E+9	+8.067845E-1	+4.824189E-1
+7.213700E+9	+8.068805E-1	+4.828324E-1
+7.213715E+9	+8.068088E-1	+4.826230E-1
+7.213730E+9	+8.072347E-1	+4.827382E-1
+7.213745E+9	+8.079246E-1	+4.827272E-1
+7.213760E+9	+8.081843E-1	+4.824816E-1
+7.213775E+9	+8.063121E-1	+4.821040E-1
+7.213790E+9	+8.068593E-1	+4.817372E-1
+7.213805E+9	+8.068052E-1	+4.809699E-1
+7.213820E+9	+8.063438E-1	+4.805037E-1
+7.213835E+9	+8.064039E-1	+4.822960E-1
+7.213850E+9	+8.081357E-1	+4.816301E-1
+7.213865E+9	+8.085005E-1	+4.821757E-1
+7.213880E+9	+8.072624E-1	+4.820615E-1
+7.213895E+9	+8.078251E-1	+4.810728E-1
+7.213910E+9	+8.070407E-1	+4.800734E-1
+7.213925E+9	+8.080104E-1	+4.795147E-1
+7.213940E+9	+8.074913E-1	+4.799608E-1
+7.213955E+9	+8.078971E-1	+4.807140E-1
+7.213970E+9	+8.076924E-1	+4.810141E-1
+7.213985E+9	+8.088551E-1	+4.797016E-1
+7.214000E+9	+8.083082E-1	+4.787378E-1
+7.214015E+9	+8.085270E-1	+4.796300E-1
+7.214030E+9	+8.080293E-1	+4.808918E-1
+7.214045E+9	+8.083474E-1	+4.804514E-1
+7.214060E+9	+8.084609E-1	+4.797171E-1
+7.214075E+9	+8.081917E-1	+4.789101E-1
+7.214090E+9	+8.076858E-1	+4.790178E-1
+7.214105E+9	+8.080030E-1	+4.790180E-1
+7.214120E+9	+8.087173E-1	+4.797170E-1
+7.214135E+9	+8.086897E-1	+4.798247E-1
+7.214150E+9	+8.088434E-1	+4.803468E-1
+7.214165E+9	+8.091583E-1	+4.805673E-1
+7.214180E+9	+8.076237E-1	+4.793406E-1
+7.214195E+9	+8.082152E-1	+4.783806E-1
+7.214210E+9	+8.095951E-1	+4.782426E-1
+7.214225E+9	+8.101381E-1	+4.787743E-1
+7.214240E+9	+8.107691E-1	+4.791687E-1
+7.214255E+9	+8.110806E-1	+4.792478E-1
+7.214270E+9	+8.110218E-1	+4.780674E-1
+7.214285E+9	+8.101544E-1	+4.777431E-1
+7.214300E+9	+8.096860E-1	+4.789223E-1
+7.214315E+9	+8.097907E-1	+4.785532E-1
+7.214330E+9	+8.101296E-1	+4.782326E-1
+7.214345E+9	+8.108651E-1	+4.782541E-1
+7.214360E+9	+8.108108E-1	+4.772887E-1
+7.214375E+9	+8.102768E-1	+4.777846E-1
+7.214390E+9	+8.105220E-1	+4.767464E-1
+7.214405E+9	+8.098722E-1	+4.762994E-1
+7.214420E+9	+8.105235E-1	+4.761235E-1
+7.214435E+9	+8.106941E-1	+4.758032E-1
+7.214450E+9	+8.114552E-1	+4.746076E-1
+7.214465E+9	+8.113080E-1	+4.756200E-1
+7.214480E+9	+8.106968E-1	+4.759949E-1
+7.214495E+9	+8.107172E-1	+4.756292E-1
+7.214510E+9	+8.106224E-1	+4.758101E-1
+7.214525E+9	+8.111719E-1	+4.754682E-1
+7.214540E+9	+8.106050E-1	+4.754212E-1
+7.214555E+9	+8.101428E-1	+4.749673E-1
+7.214570E+9	+8.104222E-1	+4.749391E-1
+7.214585E+9	+8.106109E-1	+4.751624E-1
+7.214600E+9	+8.114821E-1	+4.751604E-1
+7.214615E+9	+8.114504E-1	+4.746851E-1
+7.214630E+9	+8.120682E-1	+4.743643E-1
+7.214645E+9	+8.128484E-1	+4.736449E-1
+7.214660E+9	+8.125541E-1	+4.739992E-1
+7.214675E+9	+8.115262E-1	+4.729696E-1
+7.214690E+9	+8.118565E-1	+4.730026E-1
+7.214705E+9	+8.126416E-1	+4.730709E-1
+7.214720E+9	+8.131681E-1	+4.736210E-1
+7.214735E+9	+8.125045E-1	+4.733739E-1
+7.214750E+9	+8.120179E-1	+4.741079E-1
+7.214765E+9	+8.124309E-1	+4.738667E-1
+7.214780E+9	+8.132304E-1	+4.727465E-1
+7.214795E+9	+8.125976E-1	+4.733325E-1
+7.214810E+9	+8.125453E-1	+4.735138E-1
+7.214825E+9	+8.122883E-1	+4.728703E-1
+7.214840E+9	+8.127372E-1	+4.721594E-1
+7.214855E+9	+8.127609E-1	+4.715694E-1
+7.214870E+9	+8.119148E-1	+4.708731E-1
+7.214885E+9	+8.116535E-1	+4.709062E-1
+7.214900E+9	+8.130640E-1	+4.704155E-1
+7.214915E+9	+8.132288E-1	+4.699735E-1
+7.214930E+9	+8.134413E-1	+4.704453E-1
+7.214945E+9	+8.136267E-1	+4.705620E-1
+7.214960E+9	+8.133695E-1	+4.708805E-1
+7.214975E+9	+8.130388E-1	+4.717185E-1
+7.214990E+9	+8.139672E-1	+4.709333E-1
+7.215005E+9	+8.141540E-1	+4.702966E-1
+7.215020E+9	+8.140668E-1	+4.699231E-1
+7.215035E+9	+8.143631E-1	+4.702292E-1
+7.215050E+9	+8.156012E-1	+4.704800E-1
+7.215065E+9	+8.145347E-1	+4.704817E-1
+7.215080E+9	+8.138343E-1	+4.703027E-1
+7.215095E+9	+8.140171E-1	+4.695503E-1
+7.215110E+9	+8.144028E-1	+4.684195E-1
+7.215125E+9	+8.142211E-1	+4.691056E-1
+7.215140E+9	+8.141052E-1	+4.690768E-1
+7.215155E+9	+8.144458E-1	+4.694247E-1
+7.215170E+9	+8.147011E-1	+4.699257E-1
+7.215185E+9	+8.156528E-1	+4.696269E-1
+7.215200E+9	+8.161052E-1	+4.689727E-1
+7.215215E+9	+8.159954E-1	+4.684696E-1
+7.215230E+9	+8.161844E-1	+4.680498E-1
+7.215245E+9	+8.157696E-1	+4.680873E-1
+7.215260E+9	+8.157767E-1	+4.672436E-1
+7.215275E+9	+8.159071E-1	+4.673972E-1
+7.215290E+9	+8.151178E-1	+4.663917E-1
+7.215305E+9	+8.153955E-1	+4.664115E-1
+7.215320E+9	+8.163778E-1	+4.670558E-1
+7.215335E+9	+8.166225E-1	+4.678484E-1
+7.215350E+9	+8.157313E-1	+4.670098E-1
+7.215365E+9	+8.154572E-1	+4.664569E-1
+7.215380E+9	+8.156484E-1	+4.665756E-1
+7.215395E+9	+8.159175E-1	+4.676659E-1
+7.215410E+9	+8.156773E-1	+4.672476E-1
+7.215425E+9	+8.153633E-1	+4.668559E-1
+7.215440E+9	+8.155530E-1	+4.664216E-1
+7.215455E+9	+8.153630E-1	+4.658881E-1
+7.215470E+9	+8.154658E-1	+4.656999E-1
+7.215485E+9	+8.164619E-1	+4.654692E-1
+7.215500E+9	+8.169640E-1	+4.653045E-1
+7.215515E+9	+8.174111E-1	+4.652811E-1
+7.215530E+9	+8.176317E-1	+4.652601E-1
+7.215545E+9	+8.178085E-1	+4.648253E-1
+7.215560E+9	+8.175790E-1	+4.651398E-1
+7.215575E+9	+8.176268E-1	+4.638899E-1
+7.215590E+9	+8.186601E-1	+4.646111E-1
+7.215605E+9	+8.186157E-1	+4.645996E-1
+7.215620E+9	+8.184173E-1	+4.645555E-1
+7.215635E+9	+8.187699E-1	+4.643921E-1
+7.215650E+9	+8.191620E-1	+4.652406E-1
+7.215665E+9	+8.185979E-1	+4.646608E-1
+7.215680E+9	+8.175596E-1	+4.630684E-1
+7.215695E+9	+8.181315E-1	+4.634873E-1
+7.215710E+9	+8.181941E-1	+4.628770E-1
+7.215725E+9	+8.172395E-1	+4.623832E-1
+7.215740E+9	+8.177096E-1	+4.623642E-1
+7.215755E+9	+8.167982E-1	+4.636545E-1
+7.215770E+9	+8.163938E-1	+4.635064E-1
+7.215785E+9	+8.169795E-1	+4.612141E-1
+7.215800E+9	+8.170648E-1	+4.611963E-1
+7.215815E+9	+8.178433E-1	+4.622843E-1
+7.215830E+9	+8.186297E-1	+4.627262E-1
+7.215845E+9	+8.182527E-1	+4.633550E-1
+7.215860E+9	+8.186099E-1	+4.633499E-1
+7.215875E+9	+8.182957E-1	+4.618278E-1
+7.215890E+9	+8.182597E-1	+4.613077E-1
+7.215905E+9	+8.187918E-1	+4.613084E-1
+7.215920E+9	+8.187272E-1	+4.608961E-1
+7.215935E+9	+8.198049E-1	+4.614428E-1
+7.215950E+9	+8.209221E-1	+4.612183E-1
+7.215965E+9	+8.206412E-1	+4.604156E-1
+7.215980E+9	+8.196695E-1	+4.600593E-1
+7.215995E+9	+8.184174E-1	+4.598556E-1
+7.216010E+9	+8.171488E-1	+4.608120E-1
+7.216025E+9	+8.197714E-1	+4.610182E-1
+7.216040E+9	+8.206584E-1	+4.609135E-1
+7.216055E+9	+8.200608E-1	+4.600051E-1
+7.216070E+9	+8.191817E-1	+4.594576E-1
+7.216085E+9	+8.195914E-1	+4.595002E-1
+7.216100E+9	+8.201274E-1	+4.592297E-1
+7.216115E+9	+8.194628E-1	+4.597390E-1
+7.216130E+9	+8.196441E-1	+4.596200E-1
+7.216145E+9	+8.202941E-1	+4.585203E-1
+7.216160E+9	+8.203631E-1	+4.586944E-1
+7.216175E+9	+8.198662E-1	+4.602879E-1
+7.216190E+9	+8.200187E-1	+4.599772E-1
+7.216205E+9	+8.200213E-1	+4.597852E-1
+7.216220E+9	+8.209343E-1	+4.588049E-1
+7.216235E+9	+8.210305E-1	+4.587235E-1
+7.216250E+9	+8.201266E-1	+4.580272E-1
+7.216265E+9	+8.199075E-1	+4.580393E-1
+7.216280E+9	+8.214825E-1	+4.583201E-1
+7.216295E+9	+8.217958E-1	+4.586465E-1
+7.216310E+9	+8.216155E-1	+4.588742E-1
+7.216325E+9	+8.213842E-1	+4.582592E-1
+7.216340E+9	+8.216232E-1	+4.575270E-1
+7.216355E+9	+8.221197E-1	+4.569175E-1
+7.216370E+9	+8.222494E-1	+4.567315E-1
+7.216385E+9	+8.226411E-1	+4.572047E-1
+7.216400E+9	+8.218406E-1	+4.572498E-1
+7.216415E+9	+8.220808E-1	+4.567743E-1
+7.216430E+9	+8.217149E-1	+4.563295E-1
+7.216445E+9	+8.205699E-1	+4.565079E-1
+7.216460E+9	+8.209238E-1	+4.560805E-1
+7.216475E+9	+8.225447E-1	+4.563338E-1
+7.216490E+9	+8.219951E-1	+4.567439E-1
+7.216505E+9	+8.220532E-1	+4.568738E-1
+7.216520E+9	+8.222410E-1	+4.557423E-1
+7.216535E+9	+8.218456E-1	+4.547711E-1
+7.216550E+9	+8.223874E-1	+4.546419E-1
+7.216565E+9	+8.229814E-1	+4.542156E-1
+7.216580E+9	+8.223623E-1	+4.540825E-1
+7.216595E+9	+8.215451E-1	+4.551018E-1
+7.216610E+9	+8.221002E-1	+4.559294E-1
+7.216625E+9	+8.227301E-1	+4.550607E-1
+7.216640E+9	+8.231558E-1	+4.539943E-1
+7.216655E+9	+8.240766E-1	+4.530231E-1
+7.216670E+9	+8.234384E-1	+4.540424E-1
+7.216685E+9	+8.237541E-1	+4.536963E-1
+7.216700E+9	+8.239153E-1	+4.544711E-1
+7.216715E+9	+8.240730E-1	+4.546823E-1
+7.216730E+9	+8.221562E-1	+4.546729E-1
+7.216745E+9	+8.226502E-1	+4.530743E-1
+7.216760E+9	+8.232119E-1	+4.534502E-1
+7.216775E+9	+8.249220E-1	+4.521569E-1
+7.216790E+9	+8.246113E-1	+4.529943E-1
+7.216805E+9	+8.240586E-1	+4.535875E-1
+7.216820E+9	+8.241638E-1	+4.535132E-1
+7.216835E+9	+8.241373E-1	+4.530612E-1
+7.216850E+9	+8.240282E-1	+4.534944E-1
+7.216865E+9	+8.239787E-1	+4.531455E-1
+7.216880E+9	+8.242004E-1	+4.523676E-1
+7.216895E+9	+8.252178E-1	+4.517409E-1
+7.216910E+9	+8.250359E-1	+4.516840E-1
+7.216925E+9	+8.262253E-1	+4.527194E-1
+7.216940E+9	+8.257558E-1	+4.522807E-1
+7.216955E+9	+8.244066E-1	+4.515909E-1
+7.216970E+9	+8.254658E-1	+4.508732E-1
+7.216985E+9	+8.254932E-1	+4.505746E-1
+7.217000E+9	+8.245651E-1	+4.497548E-1
+7.217015E+9	+8.247418E-1	+4.504793E-1
+7.217030E+9	+8.248821E-1	+4.505972E-1
+7.217045E+9	+8.254890E-1	+4.504754E-1
+7.217060E+9	+8.257618E-1	+4.503738E-1
+7.217075E+9	+8.261161E-1	+4.506535E-1
+7.217090E+9	+8.260459E-1	+4.494411E-1
+7.217105E+9	+8.242727E-1	+4.493199E-1
+7.217120E+9	+8.244184E-1	+4.489005E-1
+7.217135E+9	+8.252094E-1	+4.497044E-1
+7.217150E+9	+8.258077E-1	+4.495803E-1
+7.217165E+9	+8.253077E-1	+4.492889E-1
+7.217180E+9	+8.254958E-1	+4.488384E-1
+7.217195E+9	+8.259999E-1	+4.484333E-1
+7.217210E+9	+8.264813E-1	+4.483098E-1
+7.217225E+9	+8.266082E-1	+4.497349E-1
+7.217240E+9	+8.263923E-1	+4.495399E-1
+7.217255E+9	+8.257292E-1	+4.486128E-1
+7.217270E+9	+8.262164E-1	+4.485932E-1
+7.217285E+9	+8.265166E-1	+4.484009E-1
+7.217300E+9	+8.267783E-1	+4.483855E-1
+7.217315E+9	+8.268642E-1	+4.477328E-1
+7.217330E+9	+8.261913E-1	+4.466097E-1
+7.217345E+9	+8.269976E-1	+4.462761E-1
+7.217360E+9	+8.274257E-1	+4.466110E-1
+7.217375E+9	+8.268850E-1	+4.462970E-1
+7.217390E+9	+8.276949E-1	+4.464025E-1
+7.217405E+9	+8.271565E-1	+4.469110E-1
+7.217420E+9	+8.266117E-1	+4.463165E-1
+7.217435E+9	+8.265656E-1	+4.461364E-1
+7.217450E+9	+8.274385E-1	+4.462781E-1
+7.217465E+9	+8.271878E-1	+4.462933E-1
+7.217480E+9	+8.271069E-1	+4.461221E-1
+7.217495E+9	+8.273163E-1	+4.469571E-1
+7.217510E+9	+8.279870E-1	+4.462493E-1
+7.217525E+9	+8.287741E-1	+4.447411E-1
+7.217540E+9	+8.283676E-1	+4.448955E-1
+7.217555E+9	+8.276713E-1	+4.460964E-1
+7.217570E+9	+8.272075E-1	+4.455469E-1
+7.217585E+9	+8.273111E-1	+4.453091E-1
+7.217600E+9	+8.279610E-1	+4.454904E-1
+7.217615E+9	+8.287521E-1	+4.447950E-1
+7.217630E+9	+8.290780E-1	+4.441717E-1
+7.217645E+9	+8.290623E-1	+4.443262E-1
+7.217660E+9	+8.292996E-1	+4.442969E-1
+7.217675E+9	+8.296227E-1	+4.458227E-1
+7.217690E+9	+8.297531E-1	+4.445788E-1
+7.217705E+9	+8.294535E-1	+4.436066E-1
+7.217720E+9	+8.286331E-1	+4.434797E-1
+7.217735E+9	+8.281128E-1	+4.446206E-1
+7.217750E+9	+8.272776E-1	+4.455884E-1
+7.217765E+9	+8.281614E-1	+4.452748E-1
+7.217780E+9	+8.296645E-1	+4.419983E-1
+7.217795E+9	+8.302848E-1	+4.429830E-1
+7.217810E+9	+8.301834E-1	+4.432513E-1
+7.217825E+9	+8.296752E-1	+4.425175E-1
+7.217840E+9	+8.292259E-1	+4.427941E-1
+7.217855E+9	+8.293310E-1	+4.433100E-1
+7.217870E+9	+8.292025E-1	+4.430208E-1
+7.217885E+9	+8.299522E-1	+4.422362E-1
+7.217900E+9	+8.306199E-1	+4.419602E-1
+7.217915E+9	+8.312142E-1	+4.424671E-1
+7.217930E+9	+8.306552E-1	+4.424316E-1
+7.217945E+9	+8.305921E-1	+4.416655E-1
+7.217960E+9	+8.303091E-1	+4.412799E-1
+7.217975E+9	+8.315853E-1	+4.416923E-1
+7.217990E+9	+8.316290E-1	+4.404438E-1
+7.218005E+9	+8.298686E-1	+4.393200E-1
+7.218020E+9	+8.297285E-1	+4.400881E-1
+7.218035E+9	+8.301286E-1	+4.405765E-1
+7.218050E+9	+8.308778E-1	+4.424242E-1
+7.218065E+9	+8.301805E-1	+4.416632E-1
+7.218080E+9	+8.303502E-1	+4.395951E-1
+7.218095E+9	+8.309895E-1	+4.397002E-1
+7.218110E+9	+8.311176E-1	+4.398584E-1
+7.218125E+9	+8.302290E-1	+4.397434E-1
+7.218140E+9	+8.302549E-1	+4.397808E-1
+7.218155E+9	+8.304511E-1	+4.395336E-1
+7.218170E+9	+8.303977E-1	+4.400126E-1
+7.218185E+9	+8.309786E-1	+4.397551E-1
+7.218200E+9	+8.325390E-1	+4.400175E-1
+7.218215E+9	+8.318115E-1	+4.396988E-1
+7.218230E+9	+8.307115E-1	+4.394289E-1
+7.218245E+9	+8.303167E-1	+4.395143E-1
+7.218260E+9	+8.305285E-1	+4.386331E-1
+7.218275E+9	+8.318648E-1	+4.381051E-1
+7.218290E+9	+8.319673E-1	+4.376036E-1
+7.218305E+9	+8.315862E-1	+4.385900E-1
+7.218320E+9	+8.324648E-1	+4.378433E-1
+7.218335E+9	+8.323222E-1	+4.369022E-1
+7.218350E+9	+8.308499E-1	+4.378115E-1
+7.218365E+9	+8.314280E-1	+4.366537E-1
+7.218380E+9	+8.334736E-1	+4.359851E-1
+7.218395E+9	+8.332479E-1	+4.361683E-1
+7.218410E+9	+8.330775E-1	+4.362823E-1
+7.218425E+9	+8.329517E-1	+4.359804E-1
+7.218440E+9	+8.324417E-1	+4.356598E-1
+7.218455E+9	+8.325490E-1	+4.360243E-1
+7.218470E+9	+8.328113E-1	+4.360814E-1
+7.218485E+9	+8.344064E-1	+4.360774E-1
+7.218500E+9	+8.341602E-1	+4.352754E-1
+7.218515E+9	+8.333464E-1	+4.350591E-1
+7.218530E+9	+8.326675E-1	+4.357849E-1
+7.218545E+9	+8.322881E-1	+4.362392E-1
+7.218560E+9	+8.323730E-1	+4.357102E-1
+7.218575E+9	+8.327423E-1	+4.347568E-1
+7.218590E+9	+8.339402E-1	+4.344024E-1
+7.218605E+9	+8.345336E-1	+4.356539E-1
+7.218620E+9	+8.345236E-1	+4.354686E-1
+7.218635E+9	+8.345168E-1	+4.352241E-1
+7.218650E+9	+8.347315E-1	+4.342441E-1
+7.218665E+9	+8.347643E-1	+4.337315E-1
+7.218680E+9	+8.348626E-1	+4.336808E-1
+7.218695E+9	+8.353048E-1	+4.336999E-1
+7.218710E+9	+8.349219E-1	+4.334135E-1
+7.218725E+9	+8.349057E-1	+4.336347E-1
+7.218740E+9	+8.348938E-1	+4.334305E-1
+7.218755E+9	+8.350682E-1	+4.335676E-1
+7.218770E+9	+8.351966E-1	+4.344168E-1
+7.218785E+9	+8.348107E-1	+4.341773E-1
+7.218800E+9	+8.340850E-1	+4.332579E-1
+7.218815E+9	+8.352254E-1	+4.326734E-1
+7.218830E+9	+8.357341E-1	+4.319334E-1
+7.218845E+9	+8.356377E-1	+4.308914E-1
+7.218860E+9	+8.348359E-1	+4.304719E-1
+7.218875E+9	+8.351458E-1	+4.324498E-1
+7.218890E+9	+8.349511E-1	+4.326056E-1
+7.218905E+9	+8.349211E-1	+4.323314E-1
+7.218920E+9	+8.347757E-1	+4.319898E-1
+7.218935E+9	+8.344451E-1	+4.312512E-1
+7.218950E+9	+8.331035E-1	+4.318727E-1
+7.218965E+9	+8.346464E-1	+4.303820E-1
+7.218980E+9	+8.363411E-1	+4.307266E-1
+7.218995E+9	+8.362686E-1	+4.300057E-1
+7.219010E+9	+8.356123E-1	+4.299894E-1
+7.219025E+9	+8.348369E-1	+4.303848E-1
+7.219040E+9	+8.357504E-1	+4.297725E-1
+7.219055E+9	+8.360031E-1	+4.308697E-1
+7.219070E+9	+8.367650E-1	+4.304975E-1
+7.219085E+9	+8.359397E-1	+4.291633E-1
+7.219100E+9	+8.356799E-1	+4.289213E-1
+7.219115E+9	+8.362495E-1	+4.300920E-1
+7.219130E+9	+8.364925E-1	+4.306638E-1
+7.219145E+9	+8.360946E-1	+4.302414E-1
+7.219160E+9	+8.364829E-1	+4.302448E-1
+7.219175E+9	+8.375129E-1	+4.293468E-1
+7.219190E+9	+8.368973E-1	+4.289057E-1
+7.219205E+9	+8.363354E-1	+4.291685E-1
+7.219220E+9	+8.366844E-1	+4.284131E-1
+7.219235E+9	+8.358016E-1	+4.285107E-1
+7.219250E+9	+8.366103E-1	+4.282656E-1
+7.219265E+9	+8.373881E-1	+4.280751E-1
+7.219280E+9	+8.372102E-1	+4.281620E-1
+7.219295E+9	+8.369717E-1	+4.287828E-1
+7.219310E+9	+8.372784E-1	+4.282772E-1
+7.219325E+9	+8.388828E-1	+4.269925E-1
+7.219340E+9	+8.385453E-1	+4.275752E-1
+7.219355E+9	+8.374336E-1	+4.277467E-1
+7.219370E+9	+8.373353E-1	+4.266496E-1
+7.219385E+9	+8.367585E-1	+4.261057E-1
+7.219400E+9	+8.361373E-1	+4.264146E-1
+7.219415E+9	+8.372458E-1	+4.262680E-1
+7.219430E+9	+8.374070E-1	+4.266364E-1
+7.219445E+9	+8.379411E-1	+4.271786E-1
+7.219460E+9	+8.378933E-1	+4.269927E-1
+7.219475E+9	+8.383460E-1	+4.274226E-1
+7.219490E+9	+8.389455E-1	+4.271831E-1
+7.219505E+9	+8.389581E-1	+4.252962E-1
+7.219520E+9	+8.377745E-1	+4.260381E-1
+7.219535E+9	+8.375053E-1	+4.265782E-1
+7.219550E+9	+8.392166E-1	+4.263134E-1
+7.219565E+9	+8.394524E-1	+4.252066E-1
+7.219580E+9	+8.382518E-1	+4.251193E-1
+7.219595E+9	+8.387372E-1	+4.260777E-1
+7.219610E+9	+8.386895E-1	+4.258217E-1
+7.219625E+9	+8.394800E-1	+4.251909E-1
+7.219640E+9	+8.400660E-1	+4.250848E-1
+7.219655E+9	+8.404963E-1	+4.241523E-1
+7.219670E+9	+8.398523E-1	+4.235911E-1
+7.219685E+9	+8.390800E-1	+4.235818E-1
+7.219700E+9	+8.403751E-1	+4.238946E-1
+7.219715E+9	+8.400476E-1	+4.239897E-1
+7.219730E+9	+8.392167E-1	+4.233672E-1
+7.219745E+9	+8.392927E-1	+4.228024E-1
+7.219760E+9	+8.396294E-1	+4.231469E-1
+7.219775E+9	+8.406260E-1	+4.235991E-1
+7.219790E+9	+8.403496E-1	+4.231482E-1
+7.219805E+9	+8.406956E-1	+4.234247E-1
+7.219820E+9	+8.401269E-1	+4.239949E-1
+7.219835E+9	+8.394705E-1	+4.236035E-1
+7.219850E+9	+8.387864E-1	+4.231099E-1
+7.219865E+9	+8.394015E-1	+4.222505E-1
+7.219880E+9	+8.396980E-1	+4.214797E-1
+7.219895E+9	+8.397823E-1	+4.212930E-1
+7.219910E+9	+8.401926E-1	+4.206590E-1
+7.219925E+9	+8.406691E-1	+4.199810E-1
+7.219940E+9	+8.403656E-1	+4.208844E-1
+7.219955E+9	+8.402208E-1	+4.215890E-1
+7.219970E+9	+8.403633E-1	+4.217286E-1
+7.219985E+9	+8.394481E-1	+4.212301E-1
+7.220000E+9	+8.388684E-1	+4.194929E-1
+7.220015E+9	+8.400158E-1	+4.206750E-1
+7.220030E+9	+8.402296E-1	+4.212546E-1
+7.220045E+9	+8.403145E-1	+4.207614E-1
+7.220060E+9	+8.411545E-1	+4.206930E-1
+7.220075E+9	+8.424840E-1	+4.202013E-1
+7.220090E+9	+8.425460E-1	+4.201364E-1
+7.220105E+9	+8.426374E-1	+4.201535E-1
+7.220120E+9	+8.420367E-1	+4.198958E-1
+7.220135E+9	+8.398657E-1	+4.198582E-1
+7.220150E+9	+8.415024E-1	+4.200516E-1
+7.220165E+9	+8.413403E-1	+4.195179E-1
+7.220180E+9	+8.411449E-1	+4.188835E-1
+7.220195E+9	+8.411002E-1	+4.185588E-1
+7.220210E+9	+8.420346E-1	+4.187095E-1
+7.220225E+9	+8.425479E-1	+4.198469E-1
+7.220240E+9	+8.426326E-1	+4.187675E-1
+7.220255E+9	+8.405815E-1	+4.180350E-1
+7.220270E+9	+8.416499E-1	+4.174996E-1
+7.220285E+9	+8.421121E-1	+4.174290E-1
+7.220300E+9	+8.427182E-1	+4.169028E-1
+7.220315E+9	+8.425158E-1	+4.163889E-1
+7.220330E+9	+8.415648E-1	+4.170632E-1
+7.220345E+9	+8.421230E-1	+4.176765E-1
+7.220360E+9	+8.424917E-1	+4.172303E-1
+7.220375E+9	+8.426685E-1	+4.153532E-1
+7.220390E+9	+8.428704E-1	+4.154075E-1
+7.220405E+9	+8.428568E-1	+4.159877E-1
+7.220420E+9	+8.425469E-1	+4.162817E-1
+7.220435E+9	+8.422499E-1	+4.165658E-1
+7.220450E+9	+8.428838E-1	+4.160351E-1
+7.220465E+9	+8.431911E-1	+4.161485E-1
+7.220480E+9	+8.436564E-1	+4.152183E-1
+7.220495E+9	+8.435407E-1	+4.147646E-1
+7.220510E+9	+8.434463E-1	+4.159079E-1
+7.220525E+9	+8.438391E-1	+4.152134E-1
+7.220540E+9	+8.445397E-1	+4.150379E-1
+7.220555E+9	+8.450274E-1	+4.155504E-1
+7.220570E+9	+8.450437E-1	+4.156509E-1
+7.220585E+9	+8.429235E-1	+4.155159E-1
+7.220600E+9	+8.434053E-1	+4.165845E-1
+7.220615E+9	+8.429478E-1	+4.162112E-1
+7.220630E+9	+8.428246E-1	+4.151993E-1
+7.220645E+9	+8.434796E-1	+4.146350E-1
+7.220660E+9	+8.439553E-1	+4.139733E-1
+7.220675E+9	+8.436940E-1	+4.147763E-1
+7.220690E+9	+8.435021E-1	+4.146747E-1
+7.220705E+9	+8.437402E-1	+4.139030E-1
+7.220720E+9	+8.431037E-1	+4.138711E-1
+7.220735E+9	+8.436643E-1	+4.142235E-1
+7.220750E+9	+8.444379E-1	+4.143934E-1
+7.220765E+9	+8.450889E-1	+4.138707E-1
+7.220780E+9	+8.450652E-1	+4.118021E-1
+7.220795E+9	+8.440776E-1	+4.125537E-1
+7.220810E+9	+8.442224E-1	+4.129055E-1
+7.220825E+9	+8.441274E-1	+4.135365E-1
+7.220840E+9	+8.449915E-1	+4.132702E-1
+7.220855E+9	+8.451885E-1	+4.131560E-1
+7.220870E+9	+8.444232E-1	+4.131173E-1
+7.220885E+9	+8.441777E-1	+4.125495E-1
+7.220900E+9	+8.439524E-1	+4.117185E-1
+7.220915E+9	+8.435836E-1	+4.122582E-1
+7.220930E+9	+8.446112E-1	+4.128707E-1
+7.220945E+9	+8.452523E-1	+4.126604E-1
+7.220960E+9	+8.447593E-1	+4.112344E-1
+7.220975E+9	+8.435901E-1	+4.112011E-1
+7.220990E+9	+8.440105E-1	+4.106109E-1
+7.221005E+9	+8.447591E-1	+4.106877E-1
+7.221020E+9	+8.450466E-1	+4.091894E-1
+7.221035E+9	+8.449103E-1	+4.101198E-1
+7.221050E+9	+8.453312E-1	+4.123471E-1
+7.221065E+9	+8.458320E-1	+4.112044E-1
+7.221080E+9	+8.455900E-1	+4.107301E-1
+7.221095E+9	+8.455525E-1	+4.107335E-1
+7.221110E+9	+8.451985E-1	+4.093079E-1
+7.221125E+9	+8.461629E-1	+4.091882E-1
+7.221140E+9	+8.456656E-1	+4.088750E-1
+7.221155E+9	+8.453079E-1	+4.096457E-1
+7.221170E+9	+8.465221E-1	+4.103951E-1
+7.221185E+9	+8.469216E-1	+4.090225E-1
+7.221200E+9	+8.460328E-1	+4.071329E-1
+7.221215E+9	+8.462398E-1	+4.074448E-1
+7.221230E+9	+8.459408E-1	+4.074282E-1
+7.221245E+9	+8.458633E-1	+4.075236E-1
+7.221260E+9	+8.466109E-1	+4.078273E-1
+7.221275E+9	+8.471575E-1	+4.074205E-1
+7.221290E+9	+8.468169E-1	+4.076274E-1
+7.221305E+9	+8.472406E-1	+4.078810E-1
+7.221320E+9	+8.489691E-1	+4.069135E-1
+7.221335E+9	+8.475172E-1	+4.066284E-1
+7.221350E+9	+8.476332E-1	+4.064712E-1
+7.221365E+9	+8.463813E-1	+4.067715E-1
+7.221380E+9	+8.449741E-1	+4.076048E-1
+7.221395E+9	+8.460245E-1	+4.070126E-1
+7.221410E+9	+8.469890E-1	+4.071949E-1
+7.221425E+9	+8.470990E-1	+4.074487E-1
+7.221440E+9	+8.476983E-1	+4.071042E-1
+7.221455E+9	+8.484775E-1	+4.062745E-1
+7.221470E+9	+8.483990E-1	+4.070194E-1
+7.221485E+9	+8.473387E-1	+4.071574E-1
+7.221500E+9	+8.463032E-1	+4.062598E-1
+7.221515E+9	+8.471472E-1	+4.061402E-1
+7.221530E+9	+8.478642E-1	+4.061386E-1
+7.221545E+9	+8.482749E-1	+4.057903E-1
+7.221560E+9	+8.487946E-1	+4.065075E-1
+7.221575E+9	+8.475966E-1	+4.067656E-1
+7.221590E+9	+8.469356E-1	+4.059653E-1
+7.221605E+9	+8.467465E-1	+4.052313E-1
+7.221620E+9	+8.472268E-1	+4.046820E-1
+7.221635E+9	+8.498876E-1	+4.056002E-1
+7.221650E+9	+8.484386E-1	+4.040073E-1
+7.221665E+9	+8.492403E-1	+4.032394E-1
+7.221680E+9	+8.489976E-1	+4.037064E-1
+7.221695E+9	+8.477304E-1	+4.040955E-1
+7.221710E+9	+8.473566E-1	+4.036814E-1
+7.221725E+9	+8.480807E-1	+4.040120E-1
+7.221740E+9	+8.485195E-1	+4.036341E-1
+7.221755E+9	+8.488782E-1	+4.035724E-1
+7.221770E+9	+8.497085E-1	+4.024024E-1
+7.221785E+9	+8.496943E-1	+4.019386E-1
+7.221800E+9	+8.499730E-1	+4.018980E-1
+7.221815E+9	+8.501994E-1	+4.022979E-1
+7.221830E+9	+8.501721E-1	+4.027971E-1
+7.221845E+9	+8.495038E-1	+4.030107E-1
+7.221860E+9	+8.494898E-1	+4.026192E-1
+7.221875E+9	+8.494703E-1	+4.021492E-1
+7.221890E+9	+8.497813E-1	+4.021260E-1
+7.221905E+9	+8.483519E-1	+4.013951E-1
+7.221920E+9	+8.484738E-1	+4.014673E-1
+7.221935E+9	+8.490466E-1	+4.017808E-1
+7.221950E+9	+8.505820E-1	+4.011507E-1
+7.221965E+9	+8.506960E-1	+4.017297E-1
+7.221980E+9	+8.498598E-1	+4.019314E-1
+7.221995E+9	+8.489704E-1	+4.018144E-1
+7.222010E+9	+8.485951E-1	+4.008138E-1
+7.222025E+9	+8.491802E-1	+3.988765E-1
+7.222040E+9	+8.502728E-1	+4.001637E-1
+7.222055E+9	+8.505153E-1	+4.011268E-1
+7.222070E+9	+8.498121E-1	+3.998501E-1
+7.222085E+9	+8.504944E-1	+4.003284E-1
+7.222100E+9	+8.521581E-1	+4.004109E-1
+7.222115E+9	+8.512042E-1	+3.998152E-1
+7.222130E+9	+8.505474E-1	+3.990067E-1
+7.222145E+9	+8.503601E-1	+3.982390E-1
+7.222160E+9	+8.496438E-1	+3.982969E-1
+7.222175E+9	+8.495583E-1	+4.005096E-1
+7.222190E+9	+8.508729E-1	+3.995847E-1
+7.222205E+9	+8.514768E-1	+3.995906E-1
+7.222220E+9	+8.515399E-1	+3.992319E-1
+7.222235E+9	+8.521537E-1	+3.982573E-1
+7.222250E+9	+8.518617E-1	+3.977582E-1
+7.222265E+9	+8.522446E-1	+3.980271E-1
+7.222280E+9	+8.517797E-1	+3.979592E-1
+7.222295E+9	+8.517665E-1	+3.981719E-1
+7.222310E+9	+8.518169E-1	+3.979437E-1
+7.222325E+9	+8.519716E-1	+3.985508E-1
+7.222340E+9	+8.518268E-1	+3.975193E-1
+7.222355E+9	+8.520810E-1	+3.974516E-1
+7.222370E+9	+8.528191E-1	+3.980384E-1
+7.222385E+9	+8.528685E-1	+3.977983E-1
+7.222400E+9	+8.527110E-1	+3.972866E-1
+7.222415E+9	+8.530927E-1	+3.967931E-1
+7.222430E+9	+8.529488E-1	+3.962889E-1
+7.222445E+9	+8.529340E-1	+3.961699E-1
+7.222460E+9	+8.530200E-1	+3.961597E-1
+7.222475E+9	+8.519844E-1	+3.964894E-1
+7.222490E+9	+8.523738E-1	+3.957233E-1
+7.222505E+9	+8.512110E-1	+3.959976E-1
+7.222520E+9	+8.520181E-1	+3.947179E-1
+7.222535E+9	+8.523291E-1	+3.942509E-1
+7.222550E+9	+8.530928E-1	+3.940579E-1
+7.222565E+9	+8.540584E-1	+3.943842E-1
+7.222580E+9	+8.544684E-1	+3.949183E-1
+7.222595E+9	+8.527090E-1	+3.949840E-1
+7.222610E+9	+8.529049E-1	+3.949110E-1
+7.222625E+9	+8.537526E-1	+3.945195E-1
+7.222640E+9	+8.527617E-1	+3.941266E-1
+7.222655E+9	+8.535182E-1	+3.925337E-1
+7.222670E+9	+8.526466E-1	+3.925469E-1
+7.222685E+9	+8.535520E-1	+3.933183E-1
+7.222700E+9	+8.541461E-1	+3.943248E-1
+7.222715E+9	+8.537021E-1	+3.944799E-1
+7.222730E+9	+8.534903E-1	+3.940222E-1
+7.222745E+9	+8.531637E-1	+3.930748E-1
+7.222760E+9	+8.535391E-1	+3.925801E-1
+7.222775E+9	+8.539234E-1	+3.925430E-1
+7.222790E+9	+8.540725E-1	+3.923887E-1
+7.222805E+9	+8.541647E-1	+3.930735E-1
+7.222820E+9	+8.539198E-1	+3.929145E-1
+7.222835E+9	+8.542356E-1	+3.924599E-1
+7.222850E+9	+8.544140E-1	+3.925983E-1
+7.222865E+9	+8.538845E-1	+3.924208E-1
+7.222880E+9	+8.542925E-1	+3.919189E-1
+7.222895E+9	+8.542276E-1	+3.908215E-1
+7.222910E+9	+8.561043E-1	+3.911539E-1
+7.222925E+9	+8.552984E-1	+3.926313E-1
+7.222940E+9	+8.539374E-1	+3.925654E-1
+7.222955E+9	+8.541686E-1	+3.934301E-1
+7.222970E+9	+8.546554E-1	+3.935610E-1
+7.222985E+9	+8.569782E-1	+3.916677E-1
+7.223000E+9	+8.560403E-1	+3.901799E-1
+7.223015E+9	+8.550950E-1	+3.902709E-1
+7.223030E+9	+8.552445E-1	+3.899113E-1
+7.223045E+9	+8.554885E-1	+3.896424E-1
+7.223060E+9	+8.556394E-1	+3.891245E-1
+7.223075E+9	+8.549459E-1	+3.887161E-1
+7.223090E+9	+8.554622E-1	+3.894481E-1
+7.223105E+9	+8.550600E-1	+3.902765E-1
+7.223120E+9	+8.557032E-1	+3.895030E-1
+7.223135E+9	+8.548020E-1	+3.885704E-1
+7.223150E+9	+8.556122E-1	+3.889814E-1
+7.223165E+9	+8.555962E-1	+3.895587E-1
+7.223180E+9	+8.562224E-1	+3.897722E-1
+7.223195E+9	+8.564526E-1	+3.893616E-1
+7.223210E+9	+8.569622E-1	+3.878029E-1
+7.223225E+9	+8.558977E-1	+3.882703E-1
+7.223240E+9	+8.551512E-1	+3.875043E-1
+7.223255E+9	+8.556411E-1	+3.871027E-1
+7.223270E+9	+8.556178E-1	+3.869622E-1
+7.223285E+9	+8.560494E-1	+3.883148E-1
+7.223300E+9	+8.567268E-1	+3.874174E-1
+7.223315E+9	+8.559697E-1	+3.877693E-1
+7.223330E+9	+8.555387E-1	+3.884611E-1
+7.223345E+9	+8.557005E-1	+3.876374E-1
+7.223360E+9	+8.559042E-1	+3.869890E-1
+7.223375E+9	+8.566514E-1	+3.867207E-1
+7.223390E+9	+8.563521E-1	+3.866444E-1
+7.223405E+9	+8.563477E-1	+3.865616E-1
+7.223420E+9	+8.560881E-1	+3.869774E-1
+7.223435E+9	+8.555579E-1	+3.860211E-1
+7.223450E+9	+8.562443E-1	+3.858124E-1
+7.223465E+9	+8.573072E-1	+3.847095E-1
+7.223480E+9	+8.579043E-1	+3.851053E-1
+7.223495E+9	+8.574762E-1	+3.846273E-1
+7.223510E+9	+8.572266E-1	+3.869563E-1
+7.223525E+9	+8.572614E-1	+3.864919E-1
+7.223540E+9	+8.574064E-1	+3.864356E-1
+7.223555E+9	+8.572042E-1	+3.862473E-1
+7.223570E+9	+8.578101E-1	+3.862816E-1
+7.223585E+9	+8.574115E-1	+3.856436E-1
+7.223600E+9	+8.566951E-1	+3.850824E-1
+7.223615E+9	+8.566999E-1	+3.849236E-1
+7.223630E+9	+8.576778E-1	+3.850794E-1
+7.223645E+9	+8.583176E-1	+3.850760E-1
+7.223660E+9	+8.575289E-1	+3.844588E-1
+7.223675E+9	+8.576558E-1	+3.850136E-1
+7.223690E+9	+8.579769E-1	+3.837203E-1
+7.223705E+9	+8.583940E-1	+3.833965E-1
+7.223720E+9	+8.584555E-1	+3.837969E-1
+7.223735E+9	+8.585183E-1	+3.833102E-1
+7.223750E+9	+8.576545E-1	+3.829272E-1
+7.223765E+9	+8.581353E-1	+3.839109E-1
+7.223780E+9	+8.583914E-1	+3.840196E-1
+7.223795E+9	+8.591859E-1	+3.841318E-1
+7.223810E+9	+8.599301E-1	+3.829753E-1
+7.223825E+9	+8.575911E-1	+3.811643E-1
+7.223840E+9	+8.591921E-1	+3.813174E-1
+7.223855E+9	+8.592925E-1	+3.815596E-1
+7.223870E+9	+8.586822E-1	+3.815083E-1
+7.223885E+9	+8.584930E-1	+3.819330E-1
+7.223900E+9	+8.589582E-1	+3.826843E-1
+7.223915E+9	+8.593949E-1	+3.814456E-1
+7.223930E+9	+8.598218E-1	+3.804528E-1
+7.223945E+9	+8.596493E-1	+3.796426E-1
+7.223960E+9	+8.597308E-1	+3.805821E-1
+7.223975E+9	+8.589836E-1	+3.808347E-1
+7.223990E+9	+8.594497E-1	+3.806805E-1
+7.224005E+9	+8.593878E-1	+3.787665E-1
+7.224020E+9	+8.591231E-1	+3.783502E-1
+7.224035E+9	+8.590588E-1	+3.791466E-1
+7.224050E+9	+8.600234E-1	+3.799695E-1
+7.224065E+9	+8.596254E-1	+3.798749E-1
+7.224080E+9	+8.589749E-1	+3.797329E-1
+7.224095E+9	+8.588822E-1	+3.801275E-1
+7.224110E+9	+8.598124E-1	+3.793744E-1
+7.224125E+9	+8.596750E-1	+3.788141E-1
+7.224140E+9	+8.588095E-1	+3.795415E-1
+7.224155E+9	+8.594253E-1	+3.808574E-1
+7.224170E+9	+8.596283E-1	+3.795629E-1
+7.224185E+9	+8.603790E-1	+3.781433E-1
+7.224200E+9	+8.604374E-1	+3.785300E-1
+7.224215E+9	+8.601181E-1	+3.789980E-1
+7.224230E+9	+8.605699E-1	+3.797131E-1
+7.224245E+9	+8.601583E-1	+3.791209E-1
+7.224260E+9	+8.601553E-1	+3.788387E-1
+7.224275E+9	+8.582248E-1	+3.783572E-1
+7.224290E+9	+8.598903E-1	+3.776957E-1
+7.224305E+9	+8.607237E-1	+3.773138E-1
+7.224320E+9	+8.606916E-1	+3.768697E-1
+7.224335E+9	+8.598264E-1	+3.768617E-1
+7.224350E+9	+8.598668E-1	+3.771196E-1
+7.224365E+9	+8.594901E-1	+3.770381E-1
+7.224380E+9	+8.604070E-1	+3.757021E-1
+7.224395E+9	+8.609018E-1	+3.763643E-1
+7.224410E+9	+8.619001E-1	+3.764422E-1
+7.224425E+9	+8.614887E-1	+3.752250E-1
+7.224440E+9	+8.625167E-1	+3.755441E-1
+7.224455E+9	+8.625806E-1	+3.767733E-1
+7.224470E+9	+8.625545E-1	+3.767257E-1
+7.224485E+9	+8.623896E-1	+3.761073E-1
+7.224500E+9	+8.604592E-1	+3.761950E-1
+7.224515E+9	+8.601672E-1	+3.760011E-1
+7.224530E+9	+8.625155E-1	+3.769344E-1
+7.224545E+9	+8.633664E-1	+3.760644E-1
+7.224560E+9	+8.627313E-1	+3.760167E-1
+7.224575E+9	+8.607396E-1	+3.748529E-1
+7.224590E+9	+8.618878E-1	+3.747106E-1
+7.224605E+9	+8.636672E-1	+3.738960E-1
+7.224620E+9	+8.633944E-1	+3.743413E-1
+7.224635E+9	+8.619059E-1	+3.737282E-1
+7.224650E+9	+8.613309E-1	+3.742821E-1
+7.224665E+9	+8.625388E-1	+3.745710E-1
+7.224680E+9	+8.629705E-1	+3.748293E-1
+7.224695E+9	+8.622937E-1	+3.746064E-1
+7.224710E+9	+8.632711E-1	+3.746651E-1
+7.224725E+9	+8.640663E-1	+3.734990E-1
+7.224740E+9	+8.631008E-1	+3.733188E-1
+7.224755E+9	+8.624273E-1	+3.724079E-1
+7.224770E+9	+8.635145E-1	+3.716963E-1
+7.224785E+9	+8.635284E-1	+3.720504E-1
+7.224800E+9	+8.616203E-1	+3.728288E-1
+7.224815E+9	+8.630608E-1	+3.722689E-1
+7.224830E+9	+8.638824E-1	+3.718769E-1
+7.224845E+9	+8.633200E-1	+3.719431E-1
+7.224860E+9	+8.637718E-1	+3.715492E-1
+7.224875E+9	+8.640766E-1	+3.712688E-1
+7.224890E+9	+8.629430E-1	+3.718942E-1
+7.224905E+9	+8.631124E-1	+3.718996E-1
+7.224920E+9	+8.638298E-1	+3.713229E-1
+7.224935E+9	+8.635512E-1	+3.707097E-1
+7.224950E+9	+8.630419E-1	+3.703050E-1
+7.224965E+9	+8.636220E-1	+3.711709E-1
+7.224980E+9	+8.643583E-1	+3.710806E-1
+7.224995E+9	+8.631952E-1	+3.696412E-1
+7.225010E+9	+8.634223E-1	+3.693272E-1
+7.225025E+9	+8.643104E-1	+3.693215E-1
+7.225040E+9	+8.637633E-1	+3.696788E-1
+7.225055E+9	+8.636347E-1	+3.694572E-1
+7.225070E+9	+8.648211E-1	+3.690387E-1
+7.225085E+9	+8.650423E-1	+3.686372E-1
+7.225100E+9	+8.639191E-1	+3.692345E-1
+7.225115E+9	+8.639889E-1	+3.687470E-1
+7.225130E+9	+8.641874E-1	+3.685269E-1
+7.225145E+9	+8.639792E-1	+3.681708E-1
+7.225160E+9	+8.654623E-1	+3.684359E-1
+7.225175E+9	+8.651277E-1	+3.691509E-1
+7.225190E+9	+8.652540E-1	+3.687833E-1
+7.225205E+9	+8.646585E-1	+3.684850E-1
+7.225220E+9	+8.646281E-1	+3.684347E-1
+7.225235E+9	+8.644684E-1	+3.682033E-1
+7.225250E+9	+8.646259E-1	+3.677993E-1
+7.225265E+9	+8.656612E-1	+3.671231E-1
+7.225280E+9	+8.665495E-1	+3.666436E-1
+7.225295E+9	+8.668401E-1	+3.670108E-1
+7.225310E+9	+8.670341E-1	+3.670041E-1
+7.225325E+9	+8.652231E-1	+3.666309E-1
+7.225340E+9	+8.658916E-1	+3.669287E-1
+7.225355E+9	+8.654531E-1	+3.669867E-1
+7.225370E+9	+8.660380E-1	+3.655561E-1
+7.225385E+9	+8.651460E-1	+3.659428E-1
+7.225400E+9	+8.657917E-1	+3.674263E-1
+7.225415E+9	+8.652739E-1	+3.664207E-1
+7.225430E+9	+8.650071E-1	+3.661900E-1
+7.225445E+9	+8.651567E-1	+3.661906E-1
+7.225460E+9	+8.656481E-1	+3.660934E-1
+7.225475E+9	+8.651698E-1	+3.654247E-1
+7.225490E+9	+8.649488E-1	+3.654201E-1
+7.225505E+9	+8.647626E-1	+3.648170E-1
+7.225520E+9	+8.648055E-1	+3.647969E-1
+7.225535E+9	+8.664654E-1	+3.644967E-1
+7.225550E+9	+8.670437E-1	+3.645500E-1
+7.225565E+9	+8.661735E-1	+3.642184E-1
+7.225580E+9	+8.664428E-1	+3.644767E-1
+7.225595E+9	+8.669741E-1	+3.640103E-1
+7.225610E+9	+8.668758E-1	+3.630872E-1
+7.225625E+9	+8.661788E-1	+3.637199E-1
+7.225640E+9	+8.659582E-1	+3.635778E-1
+7.225655E+9	+8.659415E-1	+3.640092E-1
+7.225670E+9	+8.664432E-1	+3.635345E-1
+7.225685E+9	+8.667693E-1	+3.633108E-1
+7.225700E+9	+8.669376E-1	+3.624985E-1
+7.225715E+9	+8.655980E-1	+3.620685E-1
+7.225730E+9	+8.653593E-1	+3.628042E-1
+7.225745E+9	+8.656521E-1	+3.621671E-1
+7.225760E+9	+8.677362E-1	+3.617804E-1
+7.225775E+9	+8.673592E-1	+3.604332E-1
+7.225790E+9	+8.670863E-1	+3.605908E-1
+7.225805E+9	+8.662948E-1	+3.615137E-1
+7.225820E+9	+8.665260E-1	+3.617085E-1
+7.225835E+9	+8.667576E-1	+3.619746E-1
+7.225850E+9	+8.684182E-1	+3.621602E-1
+7.225865E+9	+8.685980E-1	+3.621410E-1
+7.225880E+9	+8.689026E-1	+3.621595E-1
+7.225895E+9	+8.694006E-1	+3.615167E-1
+7.225910E+9	+8.681279E-1	+3.610342E-1
+7.225925E+9	+8.683908E-1	+3.618085E-1
+7.225940E+9	+8.680827E-1	+3.609700E-1
+7.225955E+9	+8.692693E-1	+3.612532E-1
+7.225970E+9	+8.688330E-1	+3.605310E-1
+7.225985E+9	+8.679606E-1	+3.598145E-1
+7.226000E+9	+8.677589E-1	+3.604255E-1
+7.226015E+9	+8.675667E-1	+3.600528E-1
+7.226030E+9	+8.666926E-1	+3.589824E-1
+7.226045E+9	+8.673476E-1	+3.582381E-1
+7.226060E+9	+8.677780E-1	+3.587804E-1
+7.226075E+9	+8.677728E-1	+3.582023E-1
+7.226090E+9	+8.683001E-1	+3.589993E-1
+7.226105E+9	+8.691457E-1	+3.597761E-1
+7.226120E+9	+8.697041E-1	+3.588639E-1
+7.226135E+9	+8.683963E-1	+3.590055E-1
+7.226150E+9	+8.684218E-1	+3.589291E-1
+7.226165E+9	+8.692570E-1	+3.583050E-1
+7.226180E+9	+8.694965E-1	+3.580202E-1
+7.226195E+9	+8.690859E-1	+3.571982E-1
+7.226210E+9	+8.686334E-1	+3.575967E-1
+7.226225E+9	+8.706185E-1	+3.581198E-1
+7.226240E+9	+8.697941E-1	+3.579610E-1
+7.226255E+9	+8.689272E-1	+3.572335E-1
+7.226270E+9	+8.695096E-1	+3.569695E-1
+7.226285E+9	+8.701306E-1	+3.561432E-1
+7.226300E+9	+8.702386E-1	+3.552138E-1
+7.226315E+9	+8.691929E-1	+3.563540E-1
+7.226330E+9	+8.695686E-1	+3.566703E-1
+7.226345E+9	+8.694814E-1	+3.567538E-1
+7.226360E+9	+8.692538E-1	+3.567919E-1
+7.226375E+9	+8.692291E-1	+3.568937E-1
+7.226390E+9	+8.694691E-1	+3.563381E-1
+7.226405E+9	+8.697320E-1	+3.559724E-1
+7.226420E+9	+8.691691E-1	+3.545876E-1
+7.226435E+9	+8.696217E-1	+3.542068E-1
+7.226450E+9	+8.704216E-1	+3.558994E-1
+7.226465E+9	+8.695685E-1	+3.557925E-1
+7.226480E+9	+8.693043E-1	+3.554144E-1
+7.226495E+9	+8.695515E-1	+3.552069E-1
+7.226510E+9	+8.695438E-1	+3.533245E-1
+7.226525E+9	+8.688830E-1	+3.539710E-1
+7.226540E+9	+8.695135E-1	+3.540937E-1
+7.226555E+9	+8.700236E-1	+3.539836E-1
+7.226570E+9	+8.703411E-1	+3.541052E-1
+7.226585E+9	+8.701527E-1	+3.534776E-1
+7.226600E+9	+8.706753E-1	+3.529224E-1
+7.226615E+9	+8.709360E-1	+3.530260E-1
+7.226630E+9	+8.711356E-1	+3.530024E-1
+7.226645E+9	+8.703450E-1	+3.528168E-1
+7.226660E+9	+8.704449E-1	+3.537345E-1
+7.226675E+9	+8.702528E-1	+3.542520E-1
+7.226690E+9	+8.703547E-1	+3.542364E-1
+7.226705E+9	+8.702666E-1	+3.525914E-1
+7.226720E+9	+8.704812E-1	+3.520597E-1
+7.226735E+9	+8.711987E-1	+3.521053E-1
+7.226750E+9	+8.721107E-1	+3.526089E-1
+7.226765E+9	+8.720753E-1	+3.528728E-1
+7.226780E+9	+8.725373E-1	+3.525427E-1
+7.226795E+9	+8.721464E-1	+3.522632E-1
+7.226810E+9	+8.720568E-1	+3.516859E-1
+7.226825E+9	+8.715165E-1	+3.519709E-1
+7.226840E+9	+8.715605E-1	+3.516251E-1
+7.226855E+9	+8.707204E-1	+3.524779E-1
+7.226870E+9	+8.703648E-1	+3.518725E-1
+7.226885E+9	+8.716624E-1	+3.515168E-1
+7.226900E+9	+8.731260E-1	+3.511644E-1
+7.226915E+9	+8.728210E-1	+3.504929E-1
+7.226930E+9	+8.727336E-1	+3.503598E-1
+7.226945E+9	+8.724615E-1	+3.504144E-1
+7.226960E+9	+8.726473E-1	+3.504689E-1
+7.226975E+9	+8.724673E-1	+3.515754E-1
+7.226990E+9	+8.718335E-1	+3.499685E-1
+7.227005E+9	+8.716066E-1	+3.497018E-1
+7.227020E+9	+8.720183E-1	+3.498367E-1
+7.227035E+9	+8.727260E-1	+3.499562E-1
+7.227050E+9	+8.730182E-1	+3.498554E-1
+7.227065E+9	+8.712442E-1	+3.506056E-1
+7.227080E+9	+8.710254E-1	+3.506389E-1
+7.227095E+9	+8.724276E-1	+3.491783E-1
+7.227110E+9	+8.732939E-1	+3.482956E-1
+7.227125E+9	+8.721019E-1	+3.482441E-1
+7.227140E+9	+8.732805E-1	+3.478346E-1
+7.227155E+9	+8.735036E-1	+3.470487E-1
+7.227170E+9	+8.731719E-1	+3.469023E-1
+7.227185E+9	+8.722942E-1	+3.481281E-1
+7.227200E+9	+8.738834E-1	+3.480350E-1
+7.227215E+9	+8.741640E-1	+3.475882E-1
+7.227230E+9	+8.715708E-1	+3.492871E-1
+7.227245E+9	+8.718676E-1	+3.482200E-1
+7.227260E+9	+8.722408E-1	+3.476454E-1
+7.227275E+9	+8.732669E-1	+3.462999E-1
+7.227290E+9	+8.745780E-1	+3.464601E-1
+7.227305E+9	+8.738567E-1	+3.464874E-1
+7.227320E+9	+8.728095E-1	+3.460756E-1
+7.227335E+9	+8.730025E-1	+3.467320E-1
+7.227350E+9	+8.735959E-1	+3.469578E-1
+7.227365E+9	+8.744505E-1	+3.454952E-1
+7.227380E+9	+8.746836E-1	+3.458493E-1
+7.227395E+9	+8.736078E-1	+3.461153E-1
+7.227410E+9	+8.734685E-1	+3.461527E-1
+7.227425E+9	+8.744417E-1	+3.470999E-1
+7.227440E+9	+8.733583E-1	+3.457984E-1
+7.227455E+9	+8.740195E-1	+3.440890E-1
+7.227470E+9	+8.736217E-1	+3.445988E-1
+7.227485E+9	+8.735512E-1	+3.445655E-1
+7.227500E+9	+8.731978E-1	+3.454812E-1
+7.227515E+9	+8.741217E-1	+3.445513E-1
+7.227530E+9	+8.749537E-1	+3.439959E-1
+7.227545E+9	+8.748650E-1	+3.433299E-1
+7.227560E+9	+8.745395E-1	+3.437081E-1
+7.227575E+9	+8.740009E-1	+3.440787E-1
+7.227590E+9	+8.749109E-1	+3.439954E-1
+7.227605E+9	+8.754083E-1	+3.425103E-1
+7.227620E+9	+8.744594E-1	+3.422490E-1
+7.227635E+9	+8.741466E-1	+3.420974E-1
+7.227650E+9	+8.737016E-1	+3.426201E-1
+7.227665E+9	+8.744720E-1	+3.420734E-1
+7.227680E+9	+8.750713E-1	+3.416990E-1
+7.227695E+9	+8.754249E-1	+3.411068E-1
+7.227710E+9	+8.749272E-1	+3.414106E-1
+7.227725E+9	+8.737211E-1	+3.439203E-1
+7.227740E+9	+8.740838E-1	+3.425406E-1
+7.227755E+9	+8.752275E-1	+3.412372E-1
+7.227770E+9	+8.762762E-1	+3.405674E-1
+7.227785E+9	+8.771899E-1	+3.414096E-1
+7.227800E+9	+8.769569E-1	+3.430516E-1
+7.227815E+9	+8.764592E-1	+3.418414E-1
+7.227830E+9	+8.756137E-1	+3.412284E-1
+7.227845E+9	+8.763951E-1	+3.404786E-1
+7.227860E+9	+8.767294E-1	+3.406432E-1
+7.227875E+9	+8.764607E-1	+3.407837E-1
+7.227890E+9	+8.765124E-1	+3.404088E-1
+7.227905E+9	+8.746782E-1	+3.390565E-1
+7.227920E+9	+8.739494E-1	+3.400139E-1
+7.227935E+9	+8.742183E-1	+3.409802E-1
+7.227950E+9	+8.745816E-1	+3.398798E-1
+7.227965E+9	+8.752306E-1	+3.393156E-1
+7.227980E+9	+8.766847E-1	+3.397184E-1
+7.227995E+9	+8.772677E-1	+3.392311E-1
+7.228010E+9	+8.771136E-1	+3.390899E-1
+7.228025E+9	+8.765652E-1	+3.397179E-1
+7.228040E+9	+8.763822E-1	+3.399286E-1
+7.228055E+9	+8.762291E-1	+3.386561E-1
+7.228070E+9	+8.770913E-1	+3.374618E-1
+7.228085E+9	+8.774238E-1	+3.378042E-1
+7.228100E+9	+8.775803E-1	+3.377361E-1
+7.228115E+9	+8.769092E-1	+3.377576E-1
+7.228130E+9	+8.764905E-1	+3.377793E-1
+7.228145E+9	+8.762223E-1	+3.377941E-1
+7.228160E+9	+8.758248E-1	+3.381007E-1
+7.228175E+9	+8.768204E-1	+3.374531E-1
+7.228190E+9	+8.761708E-1	+3.369796E-1
+7.228205E+9	+8.754210E-1	+3.368829E-1
+7.228220E+9	+8.765482E-1	+3.371255E-1
+7.228235E+9	+8.776645E-1	+3.366627E-1
+7.228250E+9	+8.782540E-1	+3.366135E-1
+7.228265E+9	+8.773112E-1	+3.358823E-1
+7.228280E+9	+8.764028E-1	+3.366657E-1
+7.228295E+9	+8.767411E-1	+3.363745E-1
+7.228310E+9	+8.789876E-1	+3.367635E-1
+7.228325E+9	+8.784848E-1	+3.376694E-1
+7.228340E+9	+8.778819E-1	+3.366008E-1
+7.228355E+9	+8.777695E-1	+3.359070E-1
+7.228370E+9	+8.778952E-1	+3.358583E-1
+7.228385E+9	+8.785036E-1	+3.343774E-1
+7.228400E+9	+8.781337E-1	+3.350694E-1
+7.228415E+9	+8.780418E-1	+3.348430E-1
+7.228430E+9	+8.782447E-1	+3.352600E-1
+7.228445E+9	+8.783738E-1	+3.353420E-1
+7.228460E+9	+8.789921E-1	+3.344605E-1
+7.228475E+9	+8.787686E-1	+3.341723E-1
+7.228490E+9	+8.785664E-1	+3.343533E-1
+7.228505E+9	+8.777143E-1	+3.350211E-1
+7.228520E+9	+8.783429E-1	+3.347865E-1
+7.228535E+9	+8.782450E-1	+3.343458E-1
+7.228550E+9	+8.774989E-1	+3.338365E-1
+7.228565E+9	+8.777931E-1	+3.341762E-1
+7.228580E+9	+8.777080E-1	+3.340164E-1
+7.228595E+9	+8.781387E-1	+3.326203E-1
+7.228610E+9	+8.785215E-1	+3.325181E-1
+7.228625E+9	+8.787561E-1	+3.326676E-1
+7.228640E+9	+8.779325E-1	+3.331860E-1
+7.228655E+9	+8.775533E-1	+3.336915E-1
+7.228670E+9	+8.784748E-1	+3.330964E-1
+7.228685E+9	+8.800871E-1	+3.327487E-1
+7.228700E+9	+8.812226E-1	+3.323861E-1
+7.228715E+9	+8.802808E-1	+3.326315E-1
+7.228730E+9	+8.797267E-1	+3.321933E-1
+7.228745E+9	+8.798472E-1	+3.315440E-1
+7.228760E+9	+8.792880E-1	+3.313935E-1
+7.228775E+9	+8.792008E-1	+3.322771E-1
+7.228790E+9	+8.802909E-1	+3.320593E-1
+7.228805E+9	+8.801706E-1	+3.315284E-1
+7.228820E+9	+8.804315E-1	+3.312385E-1
+7.228835E+9	+8.797505E-1	+3.311552E-1
+7.228850E+9	+8.797291E-1	+3.305411E-1
+7.228865E+9	+8.796593E-1	+3.305822E-1
+7.228880E+9	+8.803139E-1	+3.307314E-1
+7.228895E+9	+8.807968E-1	+3.304710E-1
+7.228910E+9	+8.800981E-1	+3.301785E-1
+7.228925E+9	+8.799450E-1	+3.279386E-1
+7.228940E+9	+8.802437E-1	+3.291644E-1
+7.228955E+9	+8.806738E-1	+3.301192E-1
+7.228970E+9	+8.815882E-1	+3.294013E-1
+7.228985E+9	+8.809595E-1	+3.278573E-1
+7.229000E+9	+8.797081E-1	+3.291377E-1
+7.229015E+9	+8.810883E-1	+3.293184E-1
+7.229030E+9	+8.813728E-1	+3.304587E-1
+7.229045E+9	+8.809191E-1	+3.293969E-1
+7.229060E+9	+8.806769E-1	+3.289935E-1
+7.229075E+9	+8.813300E-1	+3.286421E-1
+7.229090E+9	+8.815658E-1	+3.281585E-1
+7.229105E+9	+8.812985E-1	+3.262186E-1
+7.229120E+9	+8.803312E-1	+3.260829E-1
+7.229135E+9	+8.801461E-1	+3.266089E-1
+7.229150E+9	+8.802849E-1	+3.276597E-1
+7.229165E+9	+8.803733E-1	+3.272667E-1
+7.229180E+9	+8.815244E-1	+3.263076E-1
+7.229195E+9	+8.824473E-1	+3.268537E-1
+7.229210E+9	+8.821774E-1	+3.269192E-1
+7.229225E+9	+8.797271E-1	+3.266633E-1
+7.229240E+9	+8.800771E-1	+3.265325E-1
+7.229255E+9	+8.807813E-1	+3.262867E-1
+7.229270E+9	+8.819585E-1	+3.256659E-1
+7.229285E+9	+8.817577E-1	+3.260051E-1
+7.229300E+9	+8.815547E-1	+3.253119E-1
+7.229315E+9	+8.819864E-1	+3.249895E-1
+7.229330E+9	+8.824634E-1	+3.257836E-1
+7.229345E+9	+8.824886E-1	+3.267852E-1
+7.229360E+9	+8.816802E-1	+3.264102E-1
+7.229375E+9	+8.811346E-1	+3.255950E-1
+7.229390E+9	+8.818274E-1	+3.244932E-1
+7.229405E+9	+8.820581E-1	+3.236147E-1
+7.229420E+9	+8.818306E-1	+3.235473E-1
+7.229435E+9	+8.815444E-1	+3.235031E-1
+7.229450E+9	+8.809048E-1	+3.227359E-1
+7.229465E+9	+8.819569E-1	+3.222598E-1
+7.229480E+9	+8.836336E-1	+3.249238E-1
+7.229495E+9	+8.836145E-1	+3.246417E-1
+7.229510E+9	+8.830801E-1	+3.238161E-1
+7.229525E+9	+8.808536E-1	+3.239271E-1
+7.229540E+9	+8.817775E-1	+3.232055E-1
+7.229555E+9	+8.816950E-1	+3.220039E-1
+7.229570E+9	+8.827368E-1	+3.232211E-1
+7.229585E+9	+8.824787E-1	+3.230480E-1
+7.229600E+9	+8.815288E-1	+3.213697E-1
+7.229615E+9	+8.816333E-1	+3.212270E-1
+7.229630E+9	+8.830447E-1	+3.226948E-1
+7.229645E+9	+8.818510E-1	+3.226957E-1
+7.229660E+9	+8.817531E-1	+3.222386E-1
+7.229675E+9	+8.838729E-1	+3.214699E-1
+7.229690E+9	+8.842916E-1	+3.215099E-1
+7.229705E+9	+8.846520E-1	+3.214298E-1
+7.229720E+9	+8.842431E-1	+3.215946E-1
+7.229735E+9	+8.830905E-1	+3.216043E-1
+7.229750E+9	+8.827903E-1	+3.209339E-1
+7.229765E+9	+8.827307E-1	+3.202566E-1
+7.229780E+9	+8.829918E-1	+3.198819E-1
+7.229795E+9	+8.830068E-1	+3.200889E-1
+7.229810E+9	+8.829179E-1	+3.206739E-1
+7.229825E+9	+8.823089E-1	+3.200990E-1
+7.229840E+9	+8.819653E-1	+3.194509E-1
+7.229855E+9	+8.815719E-1	+3.190999E-1
+7.229870E+9	+8.819269E-1	+3.184675E-1
+7.229885E+9	+8.822603E-1	+3.183183E-1
+7.229900E+9	+8.832861E-1	+3.197501E-1
+7.229915E+9	+8.842404E-1	+3.193211E-1
+7.229930E+9	+8.844198E-1	+3.197898E-1
+7.229945E+9	+8.836624E-1	+3.195630E-1
+7.229960E+9	+8.839228E-1	+3.194133E-1
+7.229975E+9	+8.834825E-1	+3.195390E-1
+7.229990E+9	+8.832342E-1	+3.177611E-1
+7.230005E+9	+8.833642E-1	+3.179414E-1
+7.230020E+9	+8.830415E-1	+3.181016E-1
+7.230035E+9	+8.848431E-1	+3.185395E-1
+7.230050E+9	+8.858299E-1	+3.174839E-1
+7.230065E+9	+8.857415E-1	+3.179087E-1
+7.230080E+9	+8.852251E-1	+3.181911E-1
+7.230095E+9	+8.843523E-1	+3.168875E-1
+7.230110E+9	+8.848107E-1	+3.165934E-1
+7.230125E+9	+8.849711E-1	+3.166939E-1
+7.230140E+9	+8.856336E-1	+3.175402E-1
+7.230155E+9	+8.847182E-1	+3.176402E-1
+7.230170E+9	+8.838742E-1	+3.160587E-1
+7.230185E+9	+8.840939E-1	+3.162675E-1
+7.230200E+9	+8.848242E-1	+3.175406E-1
+7.230215E+9	+8.836226E-1	+3.174345E-1
+7.230230E+9	+8.831783E-1	+3.173541E-1
+7.230245E+9	+8.839533E-1	+3.165343E-1
+7.230260E+9	+8.849456E-1	+3.173334E-1
+7.230275E+9	+8.841239E-1	+3.162997E-1
+7.230290E+9	+8.837939E-1	+3.163673E-1
+7.230305E+9	+8.843965E-1	+3.164741E-1
+7.230320E+9	+8.853809E-1	+3.169834E-1
+7.230335E+9	+8.856361E-1	+3.147890E-1
+7.230350E+9	+8.860093E-1	+3.161657E-1
+7.230365E+9	+8.858749E-1	+3.146300E-1
+7.230380E+9	+8.837789E-1	+3.144469E-1
+7.230395E+9	+8.841053E-1	+3.144670E-1
+7.230410E+9	+8.857340E-1	+3.141965E-1
+7.230425E+9	+8.862459E-1	+3.136758E-1
+7.230440E+9	+8.853486E-1	+3.138728E-1
+7.230455E+9	+8.846441E-1	+3.152260E-1
+7.230470E+9	+8.853928E-1	+3.142412E-1
+7.230485E+9	+8.864308E-1	+3.138401E-1
+7.230500E+9	+8.872412E-1	+3.130245E-1
+7.230515E+9	+8.860562E-1	+3.120921E-1
+7.230530E+9	+8.860099E-1	+3.122598E-1
+7.230545E+9	+8.850756E-1	+3.131622E-1
+7.230560E+9	+8.848012E-1	+3.128492E-1
+7.230575E+9	+8.849387E-1	+3.119607E-1
+7.230590E+9	+8.854206E-1	+3.128427E-1
+7.230605E+9	+8.861149E-1	+3.125639E-1
+7.230620E+9	+8.870716E-1	+3.121543E-1
+7.230635E+9	+8.874408E-1	+3.129909E-1
+7.230650E+9	+8.863223E-1	+3.137333E-1
+7.230665E+9	+8.865754E-1	+3.128770E-1
+7.230680E+9	+8.870234E-1	+3.112213E-1
+7.230695E+9	+8.869406E-1	+3.101928E-1
+7.230710E+9	+8.863001E-1	+3.105104E-1
+7.230725E+9	+8.871070E-1	+3.109922E-1
+7.230740E+9	+8.865155E-1	+3.105257E-1
+7.230755E+9	+8.857869E-1	+3.092106E-1
+7.230770E+9	+8.857511E-1	+3.092514E-1
+7.230785E+9	+8.861818E-1	+3.098359E-1
+7.230800E+9	+8.872384E-1	+3.109303E-1
+7.230815E+9	+8.870192E-1	+3.096282E-1
+7.230830E+9	+8.871144E-1	+3.088578E-1
+7.230845E+9	+8.864246E-1	+3.080302E-1
+7.230860E+9	+8.854998E-1	+3.084536E-1
+7.230875E+9	+8.860004E-1	+3.106697E-1
+7.230890E+9	+8.864834E-1	+3.090172E-1
+7.230905E+9	+8.879121E-1	+3.078536E-1
+7.230920E+9	+8.884759E-1	+3.073801E-1
+7.230935E+9	+8.885538E-1	+3.100217E-1
+7.230950E+9	+8.867994E-1	+3.076605E-1
+7.230965E+9	+8.876414E-1	+3.072314E-1
+7.230980E+9	+8.880684E-1	+3.076267E-1
+7.230995E+9	+8.874957E-1	+3.081420E-1
+7.231010E+9	+8.868196E-1	+3.093706E-1
+7.231025E+9	+8.865295E-1	+3.078641E-1
+7.231040E+9	+8.870863E-1	+3.078843E-1
+7.231055E+9	+8.872480E-1	+3.082283E-1
+7.231070E+9	+8.870459E-1	+3.067972E-1
+7.231085E+9	+8.876908E-1	+3.068632E-1
+7.231100E+9	+8.887822E-1	+3.069037E-1
+7.231115E+9	+8.888615E-1	+3.067003E-1
+7.231130E+9	+8.893585E-1	+3.063067E-1
+7.231145E+9	+8.902894E-1	+3.064021E-1
+7.231160E+9	+8.898668E-1	+3.076569E-1
+7.231175E+9	+8.887990E-1	+3.076114E-1
+7.231190E+9	+8.887847E-1	+3.069874E-1
+7.231205E+9	+8.877534E-1	+3.061484E-1
+7.231220E+9	+8.880627E-1	+3.060993E-1
+7.231235E+9	+8.880078E-1	+3.056859E-1
+7.231250E+9	+8.887675E-1	+3.058342E-1
+7.231265E+9	+8.890011E-1	+3.061281E-1
+7.231280E+9	+8.894618E-1	+3.062713E-1
+7.231295E+9	+8.893908E-1	+3.050635E-1
+7.231310E+9	+8.888591E-1	+3.043338E-1
+7.231325E+9	+8.884555E-1	+3.047285E-1
+7.231340E+9	+8.884011E-1	+3.050685E-1
+7.231355E+9	+8.887174E-1	+3.048804E-1
+7.231370E+9	+8.892991E-1	+3.040079E-1
+7.231385E+9	+8.889621E-1	+3.031307E-1
+7.231400E+9	+8.876854E-1	+3.028446E-1
+7.231415E+9	+8.896152E-1	+3.034511E-1
+7.231430E+9	+8.908939E-1	+3.041255E-1
+7.231445E+9	+8.895467E-1	+3.036497E-1
+7.231460E+9	+8.898257E-1	+3.027033E-1
+7.231475E+9	+8.897115E-1	+3.021544E-1
+7.231490E+9	+8.896669E-1	+3.026455E-1
+7.231505E+9	+8.893659E-1	+3.040585E-1
+7.231520E+9	+8.886970E-1	+3.030275E-1
+7.231535E+9	+8.898624E-1	+3.021672E-1
+7.231550E+9	+8.907167E-1	+3.018710E-1
+7.231565E+9	+8.907997E-1	+3.015287E-1
+7.231580E+9	+8.908533E-1	+3.019227E-1
+7.231595E+9	+8.902149E-1	+3.034026E-1
+7.231610E+9	+8.898317E-1	+3.032423E-1
+7.231625E+9	+8.900446E-1	+3.025063E-1
+7.231640E+9	+8.893123E-1	+3.024013E-1
+7.231655E+9	+8.893736E-1	+3.016147E-1
+7.231670E+9	+8.899772E-1	+3.010738E-1
+7.231685E+9	+8.909907E-1	+2.998696E-1
+7.231700E+9	+8.900191E-1	+2.998360E-1
+7.231715E+9	+8.896197E-1	+2.990938E-1
+7.231730E+9	+8.891881E-1	+3.001230E-1
+7.231745E+9	+8.901978E-1	+2.997859E-1
+7.231760E+9	+8.898886E-1	+2.997748E-1
+7.231775E+9	+8.893444E-1	+3.001053E-1
+7.231790E+9	+8.892446E-1	+3.000760E-1
+7.231805E+9	+8.896728E-1	+2.992493E-1
+7.231820E+9	+8.900718E-1	+2.990989E-1
+7.231835E+9	+8.902097E-1	+2.986401E-1
+7.231850E+9	+8.913305E-1	+2.995697E-1
+7.231865E+9	+8.912166E-1	+2.986321E-1
+7.231880E+9	+8.904931E-1	+2.983356E-1
+7.231895E+9	+8.905344E-1	+2.990386E-1
+7.231910E+9	+8.901182E-1	+2.992015E-1
+7.231925E+9	+8.917697E-1	+2.999102E-1
+7.231940E+9	+8.913398E-1	+2.981413E-1
+7.231955E+9	+8.901760E-1	+2.969421E-1
+7.231970E+9	+8.900310E-1	+2.982870E-1
+7.231985E+9	+8.906179E-1	+2.985124E-1
+7.232000E+9	+8.913957E-1	+2.974054E-1
+7.232015E+9	+8.910125E-1	+2.968458E-1
+7.232030E+9	+8.903292E-1	+2.969071E-1
+7.232045E+9	+8.910694E-1	+2.960141E-1
+7.232060E+9	+8.910408E-1	+2.959108E-1
+7.232075E+9	+8.913712E-1	+2.964183E-1
+7.232090E+9	+8.920251E-1	+2.969705E-1
+7.232105E+9	+8.914210E-1	+2.975329E-1
+7.232120E+9	+8.904983E-1	+2.972015E-1
+7.232135E+9	+8.908632E-1	+2.968031E-1
+7.232150E+9	+8.927187E-1	+2.958967E-1
+7.232165E+9	+8.925334E-1	+2.950679E-1
+7.232180E+9	+8.914804E-1	+2.946053E-1
+7.232195E+9	+8.921194E-1	+2.953771E-1
+7.232210E+9	+8.924770E-1	+2.947026E-1
+7.232225E+9	+8.917824E-1	+2.958119E-1
+7.232240E+9	+8.920155E-1	+2.960635E-1
+7.232255E+9	+8.918402E-1	+2.956818E-1
+7.232270E+9	+8.915588E-1	+2.944847E-1
+7.232285E+9	+8.920566E-1	+2.940424E-1
+7.232300E+9	+8.927865E-1	+2.949124E-1
+7.232315E+9	+8.920465E-1	+2.946586E-1
+7.232330E+9	+8.908507E-1	+2.948265E-1
+7.232345E+9	+8.914718E-1	+2.948487E-1
+7.232360E+9	+8.916053E-1	+2.950038E-1
+7.232375E+9	+8.925596E-1	+2.943283E-1
+7.232390E+9	+8.913855E-1	+2.930120E-1
+7.232405E+9	+8.917610E-1	+2.906426E-1
+7.232420E+9	+8.910665E-1	+2.909148E-1
+7.232435E+9	+8.916378E-1	+2.929315E-1
+7.232450E+9	+8.926704E-1	+2.928818E-1
+7.232465E+9	+8.929598E-1	+2.924680E-1
+7.232480E+9	+8.933106E-1	+2.924395E-1
+7.232495E+9	+8.934798E-1	+2.920788E-1
+7.232510E+9	+8.926321E-1	+2.912259E-1
+7.232525E+9	+8.924184E-1	+2.911781E-1
+7.232540E+9	+8.933079E-1	+2.918576E-1
+7.232555E+9	+8.939587E-1	+2.919278E-1
+7.232570E+9	+8.940041E-1	+2.917795E-1
+7.232585E+9	+8.931337E-1	+2.916000E-1
+7.232600E+9	+8.921063E-1	+2.925913E-1
+7.232615E+9	+8.935075E-1	+2.914862E-1
+7.232630E+9	+8.940993E-1	+2.914368E-1
+7.232645E+9	+8.938701E-1	+2.915638E-1
+7.232660E+9	+8.938280E-1	+2.907716E-1
+7.232675E+9	+8.935704E-1	+2.907311E-1
+7.232690E+9	+8.936580E-1	+2.893134E-1
+7.232705E+9	+8.941273E-1	+2.888736E-1
+7.232720E+9	+8.941944E-1	+2.896284E-1
+7.232735E+9	+8.933997E-1	+2.894176E-1
+7.232750E+9	+8.925006E-1	+2.893609E-1
+7.232765E+9	+8.920252E-1	+2.897785E-1
+7.232780E+9	+8.925098E-1	+2.887006E-1
+7.232795E+9	+8.938403E-1	+2.887087E-1
+7.232810E+9	+8.937511E-1	+2.886990E-1
+7.232825E+9	+8.954028E-1	+2.877482E-1
+7.232840E+9	+8.945684E-1	+2.883087E-1
+7.232855E+9	+8.935141E-1	+2.887891E-1
+7.232870E+9	+8.934211E-1	+2.888528E-1
+7.232885E+9	+8.945831E-1	+2.886082E-1
+7.232900E+9	+8.943089E-1	+2.873428E-1
+7.232915E+9	+8.942655E-1	+2.874899E-1
+7.232930E+9	+8.934682E-1	+2.885185E-1
+7.232945E+9	+8.942521E-1	+2.871833E-1
+7.232960E+9	+8.952300E-1	+2.870572E-1
+7.232975E+9	+8.941641E-1	+2.871799E-1
+7.232990E+9	+8.936757E-1	+2.867819E-1
+7.233005E+9	+8.948851E-1	+2.871176E-1
+7.233020E+9	+8.955582E-1	+2.868522E-1
+7.233035E+9	+8.952363E-1	+2.862887E-1
+7.233050E+9	+8.943500E-1	+2.857001E-1
+7.233065E+9	+8.948513E-1	+2.860907E-1
+7.233080E+9	+8.938160E-1	+2.871935E-1
+7.233095E+9	+8.933213E-1	+2.862826E-1
+7.233110E+9	+8.938010E-1	+2.855087E-1
+7.233125E+9	+8.953182E-1	+2.854006E-1
+7.233140E+9	+8.958411E-1	+2.861892E-1
+7.233155E+9	+8.940396E-1	+2.859900E-1
+7.233170E+9	+8.940788E-1	+2.862449E-1
+7.233185E+9	+8.944056E-1	+2.855528E-1
+7.233200E+9	+8.955693E-1	+2.833553E-1
+7.233215E+9	+8.963936E-1	+2.847206E-1
+7.233230E+9	+8.963127E-1	+2.851892E-1
+7.233245E+9	+8.958473E-1	+2.847161E-1
+7.233260E+9	+8.958135E-1	+2.839373E-1
+7.233275E+9	+8.954416E-1	+2.836186E-1
+7.233290E+9	+8.952900E-1	+2.836170E-1
+7.233305E+9	+8.952164E-1	+2.841671E-1
+7.233320E+9	+8.950168E-1	+2.834857E-1
+7.233335E+9	+8.950220E-1	+2.835215E-1
+7.233350E+9	+8.955394E-1	+2.812572E-1
+7.233365E+9	+8.962509E-1	+2.827451E-1
+7.233380E+9	+8.969309E-1	+2.834032E-1
+7.233395E+9	+8.972200E-1	+2.828051E-1
+7.233410E+9	+8.962989E-1	+2.819494E-1
+7.233425E+9	+8.947787E-1	+2.825731E-1
+7.233440E+9	+8.957624E-1	+2.827371E-1
+7.233455E+9	+8.963163E-1	+2.823108E-1
+7.233470E+9	+8.958656E-1	+2.815149E-1
+7.233485E+9	+8.960267E-1	+2.807809E-1
+7.233500E+9	+8.959494E-1	+2.812931E-1
+7.233515E+9	+8.965052E-1	+2.803092E-1
+7.233530E+9	+8.969225E-1	+2.798611E-1
+7.233545E+9	+8.964866E-1	+2.805839E-1
+7.233560E+9	+8.964715E-1	+2.805719E-1
+7.233575E+9	+8.971516E-1	+2.806929E-1
+7.233590E+9	+8.968415E-1	+2.800269E-1
+7.233605E+9	+8.968968E-1	+2.795252E-1
+7.233620E+9	+8.971137E-1	+2.800766E-1
+7.233635E+9	+8.968193E-1	+2.803536E-1
+7.233650E+9	+8.971827E-1	+2.811269E-1
+7.233665E+9	+8.983526E-1	+2.797282E-1
+7.233680E+9	+8.974135E-1	+2.790592E-1
+7.233695E+9	+8.951104E-1	+2.785067E-1
+7.233710E+9	+8.956507E-1	+2.787455E-1
+7.233725E+9	+8.964630E-1	+2.785989E-1
+7.233740E+9	+8.973869E-1	+2.788414E-1
+7.233755E+9	+8.973363E-1	+2.793867E-1
+7.233770E+9	+8.958658E-1	+2.789270E-1
+7.233785E+9	+8.948933E-1	+2.781845E-1
+7.233800E+9	+8.955118E-1	+2.786686E-1
+7.233815E+9	+8.964822E-1	+2.786674E-1
+7.233830E+9	+8.967879E-1	+2.776802E-1
+7.233845E+9	+8.963079E-1	+2.783060E-1
+7.233860E+9	+8.974498E-1	+2.783153E-1
+7.233875E+9	+8.990574E-1	+2.768960E-1
+7.233890E+9	+8.976809E-1	+2.764178E-1
+7.233905E+9	+8.961853E-1	+2.771279E-1
+7.233920E+9	+8.971639E-1	+2.778205E-1
+7.233935E+9	+8.974580E-1	+2.769006E-1
+7.233950E+9	+8.972403E-1	+2.752190E-1
+7.233965E+9	+8.974878E-1	+2.763476E-1
+7.233980E+9	+8.977550E-1	+2.769323E-1
+7.233995E+9	+8.986201E-1	+2.760418E-1
+7.234010E+9	+8.982192E-1	+2.759177E-1
+7.234025E+9	+8.975275E-1	+2.759806E-1
+7.234040E+9	+8.975572E-1	+2.754643E-1
+7.234055E+9	+8.975264E-1	+2.752127E-1
+7.234070E+9	+8.969167E-1	+2.741024E-1
+7.234085E+9	+8.961990E-1	+2.742741E-1
+7.234100E+9	+8.956890E-1	+2.738553E-1
+7.234115E+9	+8.967014E-1	+2.739465E-1
+7.234130E+9	+8.983404E-1	+2.753343E-1
+7.234145E+9	+8.974929E-1	+2.739952E-1
+7.234160E+9	+8.978089E-1	+2.737848E-1
+7.234175E+9	+8.992339E-1	+2.736933E-1
+7.234190E+9	+8.988756E-1	+2.740184E-1
+7.234205E+9	+8.981686E-1	+2.734752E-1
+7.234220E+9	+8.991877E-1	+2.725056E-1
+7.234235E+9	+8.994880E-1	+2.720050E-1
+7.234250E+9	+8.992032E-1	+2.734324E-1
+7.234265E+9	+8.984838E-1	+2.729722E-1
+7.234280E+9	+8.977861E-1	+2.740554E-1
+7.234295E+9	+8.976737E-1	+2.746740E-1
+7.234310E+9	+8.993385E-1	+2.743443E-1
+7.234325E+9	+8.995339E-1	+2.727637E-1
+7.234340E+9	+8.993710E-1	+2.726235E-1
+7.234355E+9	+8.986554E-1	+2.739697E-1
+7.234370E+9	+8.983520E-1	+2.732211E-1
+7.234385E+9	+8.991652E-1	+2.724444E-1
+7.234400E+9	+9.008380E-1	+2.729601E-1
+7.234415E+9	+9.001291E-1	+2.723295E-1
+7.234430E+9	+8.998375E-1	+2.719002E-1
+7.234445E+9	+8.995340E-1	+2.713959E-1
+7.234460E+9	+8.990789E-1	+2.708429E-1
+7.234475E+9	+8.997808E-1	+2.704339E-1
+7.234490E+9	+8.982584E-1	+2.709656E-1
+7.234505E+9	+8.976996E-1	+2.712756E-1
+7.234520E+9	+8.981221E-1	+2.708018E-1
+7.234535E+9	+8.986180E-1	+2.707782E-1
+7.234550E+9	+8.991744E-1	+2.709719E-1
+7.234565E+9	+8.991356E-1	+2.703751E-1
+7.234580E+9	+9.009839E-1	+2.700890E-1
+7.234595E+9	+9.008525E-1	+2.696930E-1
+7.234610E+9	+9.010803E-1	+2.703390E-1
+7.234625E+9	+8.996223E-1	+2.711591E-1
+7.234640E+9	+8.997448E-1	+2.701386E-1
+7.234655E+9	+9.003231E-1	+2.699679E-1
+7.234670E+9	+9.000270E-1	+2.693915E-1
+7.234685E+9	+8.996814E-1	+2.688438E-1
+7.234700E+9	+8.989286E-1	+2.695065E-1
+7.234715E+9	+9.002433E-1	+2.696072E-1
+7.234730E+9	+9.008837E-1	+2.694944E-1
+7.234745E+9	+9.013682E-1	+2.699209E-1
+7.234760E+9	+9.011670E-1	+2.686484E-1
+7.234775E+9	+9.001633E-1	+2.665811E-1
+7.234790E+9	+9.018170E-1	+2.666588E-1
+7.234805E+9	+9.020835E-1	+2.680414E-1
+7.234820E+9	+9.003823E-1	+2.676056E-1
+7.234835E+9	+8.997912E-1	+2.668416E-1
+7.234850E+9	+8.997661E-1	+2.664126E-1
+7.234865E+9	+9.000016E-1	+2.671558E-1
+7.234880E+9	+9.008977E-1	+2.669177E-1
+7.234895E+9	+9.012474E-1	+2.659757E-1
+7.234910E+9	+9.010651E-1	+2.653275E-1
+7.234925E+9	+9.008225E-1	+2.651677E-1
+7.234940E+9	+9.015551E-1	+2.651283E-1
+7.234955E+9	+9.021046E-1	+2.651543E-1
+7.234970E+9	+9.008059E-1	+2.652773E-1
+7.234985E+9	+9.011317E-1	+2.647416E-1
+7.235000E+9	+9.013568E-1	+2.652533E-1
+7.235015E+9	+9.016888E-1	+2.655179E-1
+7.235030E+9	+9.006079E-1	+2.657942E-1
+7.235045E+9	+9.000515E-1	+2.655947E-1
+7.235060E+9	+9.006546E-1	+2.641257E-1
+7.235075E+9	+9.006968E-1	+2.660675E-1
+7.235090E+9	+9.011828E-1	+2.658467E-1
+7.235105E+9	+9.015292E-1	+2.627581E-1
+7.235120E+9	+9.024587E-1	+2.632854E-1
+7.235135E+9	+9.029119E-1	+2.640829E-1
+7.235150E+9	+9.020016E-1	+2.647462E-1
+7.235165E+9	+9.017093E-1	+2.640698E-1
+7.235180E+9	+9.007208E-1	+2.642986E-1
+7.235195E+9	+9.013383E-1	+2.633720E-1
+7.235210E+9	+9.020083E-1	+2.629178E-1
+7.235225E+9	+9.022695E-1	+2.635757E-1
+7.235240E+9	+9.016882E-1	+2.636291E-1
+7.235255E+9	+9.018641E-1	+2.637451E-1
+7.235270E+9	+9.019384E-1	+2.634989E-1
+7.235285E+9	+9.017626E-1	+2.623991E-1
+7.235300E+9	+9.011102E-1	+2.627735E-1
+7.235315E+9	+9.010166E-1	+2.627699E-1
+7.235330E+9	+9.015169E-1	+2.622139E-1
+7.235345E+9	+9.023277E-1	+2.619728E-1
+7.235360E+9	+9.029682E-1	+2.624056E-1
+7.235375E+9	+9.021578E-1	+2.632016E-1
+7.235390E+9	+9.027592E-1	+2.628437E-1
+7.235405E+9	+9.006870E-1	+2.607535E-1
+7.235420E+9	+9.024663E-1	+2.614933E-1
+7.235435E+9	+9.033290E-1	+2.611997E-1
+7.235450E+9	+9.019642E-1	+2.613984E-1
+7.235465E+9	+9.020788E-1	+2.606113E-1
+7.235480E+9	+9.031916E-1	+2.600798E-1
+7.235495E+9	+9.032422E-1	+2.593790E-1
+7.235510E+9	+9.022413E-1	+2.588716E-1
+7.235525E+9	+9.006794E-1	+2.600282E-1
+7.235540E+9	+9.007372E-1	+2.609053E-1
+7.235555E+9	+9.026401E-1	+2.616981E-1
+7.235570E+9	+9.015600E-1	+2.614855E-1
+7.235585E+9	+9.015327E-1	+2.608351E-1
+7.235600E+9	+9.039948E-1	+2.584866E-1
+7.235615E+9	+9.030755E-1	+2.586060E-1
+7.235630E+9	+9.024511E-1	+2.576649E-1
+7.235645E+9	+9.024852E-1	+2.569753E-1
+7.235660E+9	+9.036150E-1	+2.566286E-1
+7.235675E+9	+9.042019E-1	+2.573607E-1
+7.235690E+9	+9.031984E-1	+2.582496E-1
+7.235705E+9	+9.023524E-1	+2.587152E-1
+7.235720E+9	+9.023099E-1	+2.579880E-1
+7.235735E+9	+9.023943E-1	+2.584892E-1
+7.235750E+9	+9.026981E-1	+2.583337E-1
+7.235765E+9	+9.030470E-1	+2.574142E-1
+7.235780E+9	+9.032732E-1	+2.566359E-1
+7.235795E+9	+9.033722E-1	+2.569107E-1
+7.235810E+9	+9.037994E-1	+2.574231E-1
+7.235825E+9	+9.033095E-1	+2.579227E-1
+7.235840E+9	+9.028659E-1	+2.574588E-1
+7.235855E+9	+9.017891E-1	+2.574084E-1
+7.235870E+9	+9.026178E-1	+2.567997E-1
+7.235885E+9	+9.036571E-1	+2.565862E-1
+7.235900E+9	+9.039096E-1	+2.558470E-1
+7.235915E+9	+9.037269E-1	+2.560140E-1
+7.235930E+9	+9.036147E-1	+2.564452E-1
+7.235945E+9	+9.040825E-1	+2.550786E-1
+7.235960E+9	+9.048929E-1	+2.539725E-1
+7.235975E+9	+9.050517E-1	+2.544417E-1
+7.235990E+9	+9.046905E-1	+2.539792E-1
+7.236005E+9	+9.037964E-1	+2.545451E-1
+7.236020E+9	+9.041075E-1	+2.549951E-1
+7.236035E+9	+9.051975E-1	+2.541601E-1
+7.236050E+9	+9.057190E-1	+2.545862E-1
+7.236065E+9	+9.045314E-1	+2.547983E-1
+7.236080E+9	+9.037143E-1	+2.536022E-1
+7.236095E+9	+9.036308E-1	+2.525016E-1
+7.236110E+9	+9.035644E-1	+2.530373E-1
+7.236125E+9	+9.029384E-1	+2.545212E-1
+7.236140E+9	+9.033949E-1	+2.534985E-1
+7.236155E+9	+9.036072E-1	+2.521793E-1
+7.236170E+9	+9.025870E-1	+2.521885E-1
+7.236185E+9	+9.032635E-1	+2.530922E-1
+7.236200E+9	+9.042458E-1	+2.532199E-1
+7.236215E+9	+9.044284E-1	+2.528714E-1
+7.236230E+9	+9.043872E-1	+2.525068E-1
+7.236245E+9	+9.052852E-1	+2.521564E-1
+7.236260E+9	+9.050209E-1	+2.517671E-1
+7.236275E+9	+9.035711E-1	+2.516964E-1
+7.236290E+9	+9.041306E-1	+2.507907E-1
+7.236305E+9	+9.041371E-1	+2.519429E-1
+7.236320E+9	+9.045897E-1	+2.512954E-1
+7.236335E+9	+9.048020E-1	+2.510426E-1
+7.236350E+9	+9.041704E-1	+2.508228E-1
+7.236365E+9	+9.047770E-1	+2.517748E-1
+7.236380E+9	+9.050382E-1	+2.494381E-1
+7.236395E+9	+9.039349E-1	+2.492846E-1
+7.236410E+9	+9.047304E-1	+2.499574E-1
+7.236425E+9	+9.056382E-1	+2.510749E-1
+7.236440E+9	+9.054698E-1	+2.511628E-1
+7.236455E+9	+9.048874E-1	+2.497472E-1
+7.236470E+9	+9.045181E-1	+2.492656E-1
+7.236485E+9	+9.052842E-1	+2.493966E-1
+7.236500E+9	+9.051679E-1	+2.497800E-1
+7.236515E+9	+9.054816E-1	+2.489440E-1
+7.236530E+9	+9.042350E-1	+2.486064E-1
+7.236545E+9	+9.042328E-1	+2.489776E-1
+7.236560E+9	+9.034180E-1	+2.493747E-1
+7.236575E+9	+9.068806E-1	+2.485128E-1
+7.236590E+9	+9.064366E-1	+2.485070E-1
+7.236605E+9	+9.064491E-1	+2.475041E-1
+7.236620E+9	+9.066061E-1	+2.484499E-1
+7.236635E+9	+9.059996E-1	+2.486849E-1
+7.236650E+9	+9.053881E-1	+2.480249E-1
+7.236665E+9	+9.053756E-1	+2.477196E-1
+7.236680E+9	+9.054536E-1	+2.471015E-1
+7.236695E+9	+9.051492E-1	+2.469850E-1
+7.236710E+9	+9.063501E-1	+2.475676E-1
+7.236725E+9	+9.064491E-1	+2.469122E-1
+7.236740E+9	+9.065268E-1	+2.462584E-1
+7.236755E+9	+9.058724E-1	+2.460269E-1
+7.236770E+9	+9.060199E-1	+2.463068E-1
+7.236785E+9	+9.061805E-1	+2.461422E-1
+7.236800E+9	+9.059908E-1	+2.460256E-1
+7.236815E+9	+9.065754E-1	+2.451941E-1
+7.236830E+9	+9.078397E-1	+2.452273E-1
+7.236845E+9	+9.072665E-1	+2.440900E-1
+7.236860E+9	+9.059314E-1	+2.458182E-1
+7.236875E+9	+9.064561E-1	+2.463910E-1
+7.236890E+9	+9.067978E-1	+2.463330E-1
+7.236905E+9	+9.067765E-1	+2.458276E-1
+7.236920E+9	+9.068256E-1	+2.452702E-1
+7.236935E+9	+9.069124E-1	+2.445573E-1
+7.236950E+9	+9.072376E-1	+2.442613E-1
+7.236965E+9	+9.078514E-1	+2.441717E-1
+7.236980E+9	+9.078786E-1	+2.437446E-1
+7.236995E+9	+9.065895E-1	+2.435431E-1
+7.237010E+9	+9.060907E-1	+2.442527E-1
+7.237025E+9	+9.065232E-1	+2.434658E-1
+7.237040E+9	+9.063729E-1	+2.424415E-1
+7.237055E+9	+9.063647E-1	+2.426064E-1
+7.237070E+9	+9.071454E-1	+2.427365E-1
+7.237085E+9	+9.073223E-1	+2.430954E-1
+7.237100E+9	+9.075291E-1	+2.437500E-1
+7.237115E+9	+9.078021E-1	+2.428521E-1
+7.237130E+9	+9.077367E-1	+2.428801E-1
+7.237145E+9	+9.076172E-1	+2.427376E-1
+7.237160E+9	+9.078488E-1	+2.418645E-1
+7.237175E+9	+9.074563E-1	+2.410146E-1
+7.237190E+9	+9.074504E-1	+2.417853E-1
+7.237205E+9	+9.079106E-1	+2.417848E-1
+7.237220E+9	+9.086657E-1	+2.409814E-1
+7.237235E+9	+9.090291E-1	+2.418980E-1
+7.237250E+9	+9.070959E-1	+2.432202E-1
+7.237265E+9	+9.074427E-1	+2.429342E-1
+7.237280E+9	+9.077932E-1	+2.408085E-1
+7.237295E+9	+9.078390E-1	+2.405388E-1
+7.237310E+9	+9.075913E-1	+2.415308E-1
+7.237325E+9	+9.072624E-1	+2.407610E-1
+7.237340E+9	+9.073121E-1	+2.398949E-1
+7.237355E+9	+9.076102E-1	+2.397274E-1
+7.237370E+9	+9.081444E-1	+2.409683E-1
+7.237385E+9	+9.081773E-1	+2.410718E-1
+7.237400E+9	+9.083730E-1	+2.388993E-1
+7.237415E+9	+9.080748E-1	+2.389786E-1
+7.237430E+9	+9.079359E-1	+2.391212E-1
+7.237445E+9	+9.084343E-1	+2.394092E-1
+7.237460E+9	+9.090191E-1	+2.390702E-1
+7.237475E+9	+9.092837E-1	+2.381775E-1
+7.237490E+9	+9.091033E-1	+2.374880E-1
+7.237505E+9	+9.081633E-1	+2.379193E-1
+7.237520E+9	+9.083091E-1	+2.383742E-1
+7.237535E+9	+9.079847E-1	+2.391023E-1
+7.237550E+9	+9.079866E-1	+2.383356E-1
+7.237565E+9	+9.084691E-1	+2.385440E-1
+7.237580E+9	+9.082581E-1	+2.384600E-1
+7.237595E+9	+9.071499E-1	+2.383499E-1
+7.237610E+9	+9.068402E-1	+2.380274E-1
+7.237625E+9	+9.089217E-1	+2.371630E-1
+7.237640E+9	+9.082369E-1	+2.377568E-1
+7.237655E+9	+9.076111E-1	+2.378693E-1
+7.237670E+9	+9.076054E-1	+2.372008E-1
+7.237685E+9	+9.082192E-1	+2.359563E-1
+7.237700E+9	+9.103589E-1	+2.356440E-1
+7.237715E+9	+9.091587E-1	+2.361945E-1
+7.237730E+9	+9.085660E-1	+2.370910E-1
+7.237745E+9	+9.089277E-1	+2.357639E-1
+7.237760E+9	+9.100419E-1	+2.355336E-1
+7.237775E+9	+9.096583E-1	+2.351661E-1
+7.237790E+9	+9.087357E-1	+2.352898E-1
+7.237805E+9	+9.075912E-1	+2.349224E-1
+7.237820E+9	+9.081072E-1	+2.343194E-1
+7.237835E+9	+9.095153E-1	+2.345118E-1
+7.237850E+9	+9.096083E-1	+2.353802E-1
+7.237865E+9	+9.104215E-1	+2.350839E-1
+7.237880E+9	+9.083179E-1	+2.346286E-1
+7.237895E+9	+9.087778E-1	+2.332677E-1
+7.237910E+9	+9.090933E-1	+2.329663E-1
+7.237925E+9	+9.099924E-1	+2.334755E-1
+7.237940E+9	+9.093369E-1	+2.337735E-1
+7.237955E+9	+9.092128E-1	+2.343154E-1
+7.237970E+9	+9.096140E-1	+2.340203E-1
+7.237985E+9	+9.095341E-1	+2.332957E-1
+7.238000E+9	+9.086835E-1	+2.327644E-1
+7.238015E+9	+9.097533E-1	+2.324398E-1
+7.238030E+9	+9.109989E-1	+2.335365E-1
+7.238045E+9	+9.107681E-1	+2.331444E-1
+7.238060E+9	+9.099522E-1	+2.321378E-1
+7.238075E+9	+9.097020E-1	+2.326370E-1
+7.238090E+9	+9.091479E-1	+2.328580E-1
+7.238105E+9	+9.099158E-1	+2.326048E-1
+7.238120E+9	+9.112043E-1	+2.331273E-1
+7.238135E+9	+9.113948E-1	+2.322481E-1
+7.238150E+9	+9.098751E-1	+2.314410E-1
+7.238165E+9	+9.096785E-1	+2.301783E-1
+7.238180E+9	+9.092347E-1	+2.302951E-1
+7.238195E+9	+9.090093E-1	+2.308417E-1
+7.238210E+9	+9.101510E-1	+2.324124E-1
+7.238225E+9	+9.098542E-1	+2.308262E-1
+7.238240E+9	+9.093352E-1	+2.301433E-1
+7.238255E+9	+9.088720E-1	+2.309840E-1
+7.238270E+9	+9.095946E-1	+2.304706E-1
+7.238285E+9	+9.100894E-1	+2.300894E-1
+7.238300E+9	+9.111286E-1	+2.303229E-1
+7.238315E+9	+9.107096E-1	+2.292108E-1
+7.238330E+9	+9.097682E-1	+2.289990E-1
+7.238345E+9	+9.101549E-1	+2.293272E-1
+7.238360E+9	+9.109089E-1	+2.303130E-1
+7.238375E+9	+9.105112E-1	+2.295587E-1
+7.238390E+9	+9.109168E-1	+2.287927E-1
+7.238405E+9	+9.106423E-1	+2.282326E-1
+7.238420E+9	+9.110518E-1	+2.275219E-1
+7.238435E+9	+9.095354E-1	+2.287820E-1
+7.238450E+9	+9.108262E-1	+2.278304E-1
+7.238465E+9	+9.103784E-1	+2.282363E-1
+7.238480E+9	+9.101235E-1	+2.274017E-1
+7.238495E+9	+9.109719E-1	+2.262768E-1
+7.238510E+9	+9.118799E-1	+2.261785E-1
+7.238525E+9	+9.127627E-1	+2.288786E-1
+7.238540E+9	+9.120867E-1	+2.270881E-1
+7.238555E+9	+9.107734E-1	+2.269739E-1
+7.238570E+9	+9.118047E-1	+2.265290E-1
+7.238585E+9	+9.116572E-1	+2.270363E-1
+7.238600E+9	+9.104634E-1	+2.273890E-1
+7.238615E+9	+9.108389E-1	+2.276464E-1
+7.238630E+9	+9.110188E-1	+2.273412E-1
+7.238645E+9	+9.112976E-1	+2.264388E-1
+7.238660E+9	+9.108041E-1	+2.257432E-1
+7.238675E+9	+9.117537E-1	+2.256632E-1
+7.238690E+9	+9.113501E-1	+2.264683E-1
+7.238705E+9	+9.107302E-1	+2.265237E-1
+7.238720E+9	+9.112449E-1	+2.238954E-1
+7.238735E+9	+9.113217E-1	+2.239699E-1
+7.238750E+9	+9.115056E-1	+2.248811E-1
+7.238765E+9	+9.111827E-1	+2.244508E-1
+7.238780E+9	+9.111725E-1	+2.247750E-1
+7.238795E+9	+9.115295E-1	+2.242431E-1
+7.238810E+9	+9.114163E-1	+2.242551E-1
+7.238825E+9	+9.115367E-1	+2.245548E-1
+7.238840E+9	+9.113811E-1	+2.251550E-1
+7.238855E+9	+9.130088E-1	+2.252260E-1
+7.238870E+9	+9.136382E-1	+2.243939E-1
+7.238885E+9	+9.129508E-1	+2.239288E-1
+7.238900E+9	+9.112332E-1	+2.239912E-1
+7.238915E+9	+9.111187E-1	+2.237867E-1
+7.238930E+9	+9.104606E-1	+2.230229E-1
+7.238945E+9	+9.110387E-1	+2.222133E-1
+7.238960E+9	+9.120524E-1	+2.239945E-1
+7.238975E+9	+9.129013E-1	+2.235772E-1
+7.238990E+9	+9.130783E-1	+2.237635E-1
+7.239005E+9	+9.121526E-1	+2.231371E-1
+7.239020E+9	+9.116530E-1	+2.222985E-1
+7.239035E+9	+9.117113E-1	+2.218656E-1
+7.239050E+9	+9.116854E-1	+2.216992E-1
+7.239065E+9	+9.118688E-1	+2.215185E-1
+7.239080E+9	+9.127167E-1	+2.221424E-1
+7.239095E+9	+9.129398E-1	+2.214461E-1
+7.239110E+9	+9.126755E-1	+2.211788E-1
+7.239125E+9	+9.127077E-1	+2.204350E-1
+7.239140E+9	+9.124503E-1	+2.201122E-1
+7.239155E+9	+9.131943E-1	+2.199176E-1
+7.239170E+9	+9.126288E-1	+2.204478E-1
+7.239185E+9	+9.136764E-1	+2.205701E-1
+7.239200E+9	+9.149379E-1	+2.212872E-1
+7.239215E+9	+9.138013E-1	+2.210382E-1
+7.239230E+9	+9.119150E-1	+2.198457E-1
+7.239245E+9	+9.122679E-1	+2.201818E-1
+7.239260E+9	+9.124643E-1	+2.201649E-1
+7.239275E+9	+9.144811E-1	+2.195720E-1
+7.239290E+9	+9.131498E-1	+2.189695E-1
+7.239305E+9	+9.124733E-1	+2.183404E-1
+7.239320E+9	+9.131595E-1	+2.186334E-1
+7.239335E+9	+9.139039E-1	+2.186924E-1
+7.239350E+9	+9.141292E-1	+2.198286E-1
+7.239365E+9	+9.143176E-1	+2.186480E-1
+7.239380E+9	+9.142297E-1	+2.184666E-1
+7.239395E+9	+9.133679E-1	+2.191583E-1
+7.239410E+9	+9.126591E-1	+2.189445E-1
+7.239425E+9	+9.121164E-1	+2.184606E-1
+7.239440E+9	+9.127794E-1	+2.180360E-1
+7.239455E+9	+9.139280E-1	+2.182867E-1
+7.239470E+9	+9.138865E-1	+2.193817E-1
+7.239485E+9	+9.127560E-1	+2.190171E-1
+7.239500E+9	+9.123535E-1	+2.173338E-1
+7.239515E+9	+9.123704E-1	+2.169400E-1
+7.239530E+9	+9.131281E-1	+2.176336E-1
+7.239545E+9	+9.137916E-1	+2.176049E-1
+7.239560E+9	+9.131658E-1	+2.177589E-1
+7.239575E+9	+9.127630E-1	+2.171452E-1
+7.239590E+9	+9.128938E-1	+2.166222E-1
+7.239605E+9	+9.148342E-1	+2.151439E-1
+7.239620E+9	+9.151920E-1	+2.149039E-1
+7.239635E+9	+9.137814E-1	+2.156719E-1
+7.239650E+9	+9.131320E-1	+2.149800E-1
+7.239665E+9	+9.141964E-1	+2.150003E-1
+7.239680E+9	+9.149291E-1	+2.157117E-1
+7.239695E+9	+9.154307E-1	+2.162349E-1
+7.239710E+9	+9.152840E-1	+2.160305E-1
+7.239725E+9	+9.146931E-1	+2.139197E-1
+7.239740E+9	+9.145499E-1	+2.143133E-1
+7.239755E+9	+9.137813E-1	+2.144963E-1
+7.239770E+9	+9.136187E-1	+2.142692E-1
+7.239785E+9	+9.136743E-1	+2.138486E-1
+7.239800E+9	+9.129981E-1	+2.138467E-1
+7.239815E+9	+9.134239E-1	+2.141261E-1
+7.239830E+9	+9.142757E-1	+2.144613E-1
+7.239845E+9	+9.156176E-1	+2.151341E-1
+7.239860E+9	+9.159031E-1	+2.138748E-1
+7.239875E+9	+9.147403E-1	+2.117464E-1
+7.239890E+9	+9.147703E-1	+2.127773E-1
+7.239905E+9	+9.141782E-1	+2.138041E-1
+7.239920E+9	+9.142848E-1	+2.137483E-1
+7.239935E+9	+9.143071E-1	+2.126256E-1
+7.239950E+9	+9.145949E-1	+2.122509E-1
+7.239965E+9	+9.153460E-1	+2.119156E-1
+7.239980E+9	+9.154573E-1	+2.114156E-1
+7.239995E+9	+9.148696E-1	+2.113950E-1
+7.240010E+9	+9.146001E-1	+2.110104E-1
+7.240025E+9	+9.144780E-1	+2.104257E-1
+7.240040E+9	+9.146036E-1	+2.096371E-1
+7.240055E+9	+9.150374E-1	+2.097799E-1
+7.240070E+9	+9.149738E-1	+2.096901E-1
+7.240085E+9	+9.139915E-1	+2.108803E-1
+7.240100E+9	+9.150976E-1	+2.113587E-1
+7.240115E+9	+9.151834E-1	+2.112325E-1
+7.240130E+9	+9.153082E-1	+2.111877E-1
+7.240145E+9	+9.154310E-1	+2.117064E-1
+7.240160E+9	+9.152151E-1	+2.109603E-1
+7.240175E+9	+9.152995E-1	+2.102995E-1
+7.240190E+9	+9.146885E-1	+2.100386E-1
+7.240205E+9	+9.143625E-1	+2.103441E-1
+7.240220E+9	+9.135168E-1	+2.106770E-1
+7.240235E+9	+9.141042E-1	+2.104691E-1
+7.240250E+9	+9.166018E-1	+2.096894E-1
+7.240265E+9	+9.155469E-1	+2.088383E-1
+7.240280E+9	+9.155774E-1	+2.087978E-1
+7.240295E+9	+9.162499E-1	+2.087034E-1
+7.240310E+9	+9.162161E-1	+2.092974E-1
+7.240325E+9	+9.150147E-1	+2.083215E-1
+7.240340E+9	+9.146373E-1	+2.074385E-1
+7.240355E+9	+9.150437E-1	+2.061513E-1
+7.240370E+9	+9.152230E-1	+2.057442E-1
+7.240385E+9	+9.166840E-1	+2.080855E-1
+7.240400E+9	+9.161111E-1	+2.078097E-1
+7.240415E+9	+9.167322E-1	+2.071331E-1
+7.240430E+9	+9.162428E-1	+2.072484E-1
+7.240445E+9	+9.165051E-1	+2.070729E-1
+7.240460E+9	+9.150687E-1	+2.075380E-1
+7.240475E+9	+9.146295E-1	+2.070355E-1
+7.240490E+9	+9.155406E-1	+2.071232E-1
+7.240505E+9	+9.155515E-1	+2.069819E-1
+7.240520E+9	+9.155652E-1	+2.069977E-1
+7.240535E+9	+9.158161E-1	+2.069003E-1
+7.240550E+9	+9.160390E-1	+2.064783E-1
+7.240565E+9	+9.170528E-1	+2.055861E-1
+7.240580E+9	+9.165638E-1	+2.047493E-1
+7.240595E+9	+9.167255E-1	+2.051877E-1
+7.240610E+9	+9.153528E-1	+2.065764E-1
+7.240625E+9	+9.168925E-1	+2.056667E-1
+7.240640E+9	+9.162736E-1	+2.046960E-1
+7.240655E+9	+9.156915E-1	+2.040556E-1
+7.240670E+9	+9.159923E-1	+2.034704E-1
+7.240685E+9	+9.170041E-1	+2.048077E-1
+7.240700E+9	+9.167937E-1	+2.055417E-1
+7.240715E+9	+9.166079E-1	+2.042292E-1
+7.240730E+9	+9.168308E-1	+2.035820E-1
+7.240745E+9	+9.164686E-1	+2.047686E-1
+7.240760E+9	+9.161205E-1	+2.043778E-1
+7.240775E+9	+9.157739E-1	+2.039293E-1
+7.240790E+9	+9.173249E-1	+2.036837E-1
+7.240805E+9	+9.175669E-1	+2.042386E-1
+7.240820E+9	+9.168989E-1	+2.042592E-1
+7.240835E+9	+9.165537E-1	+2.043382E-1
+7.240850E+9	+9.167148E-1	+2.044048E-1
+7.240865E+9	+9.158838E-1	+2.032159E-1
+7.240880E+9	+9.162857E-1	+2.019241E-1
+7.240895E+9	+9.174406E-1	+2.008649E-1
+7.240910E+9	+9.172134E-1	+2.002929E-1
+7.240925E+9	+9.153175E-1	+2.023089E-1
+7.240940E+9	+9.161827E-1	+2.017445E-1
+7.240955E+9	+9.169465E-1	+2.012736E-1
+7.240970E+9	+9.178326E-1	+2.009461E-1
+7.240985E+9	+9.172715E-1	+2.006007E-1
+7.241000E+9	+9.148824E-1	+2.011966E-1
+7.241015E+9	+9.143998E-1	+2.009045E-1
+7.241030E+9	+9.169508E-1	+1.998631E-1
+7.241045E+9	+9.169045E-1	+1.989725E-1
+7.241060E+9	+9.168656E-1	+1.988205E-1
+7.241075E+9	+9.174487E-1	+2.007179E-1
+7.241090E+9	+9.160323E-1	+2.010869E-1
+7.241105E+9	+9.158584E-1	+2.001747E-1
+7.241120E+9	+9.153537E-1	+1.987900E-1
+7.241135E+9	+9.153597E-1	+1.985229E-1
+7.241150E+9	+9.165937E-1	+1.999668E-1
+7.241165E+9	+9.164168E-1	+1.991946E-1
+7.241180E+9	+9.172920E-1	+1.983496E-1
+7.241195E+9	+9.181563E-1	+1.991392E-1
+7.241210E+9	+9.185093E-1	+1.988354E-1
+7.241225E+9	+9.182846E-1	+1.975106E-1
+7.241240E+9	+9.188997E-1	+1.982699E-1
+7.241255E+9	+9.182393E-1	+1.982278E-1
+7.241270E+9	+9.179240E-1	+1.981070E-1
+7.241285E+9	+9.177660E-1	+1.976569E-1
+7.241300E+9	+9.176876E-1	+1.981325E-1
+7.241315E+9	+9.177104E-1	+1.982444E-1
+7.241330E+9	+9.168358E-1	+1.981592E-1
+7.241345E+9	+9.172692E-1	+1.971111E-1
+7.241360E+9	+9.175060E-1	+1.950182E-1
+7.241375E+9	+9.181776E-1	+1.956768E-1
+7.241390E+9	+9.191416E-1	+1.956548E-1
+7.241405E+9	+9.188104E-1	+1.960685E-1
+7.241420E+9	+9.186773E-1	+1.954128E-1
+7.241435E+9	+9.175217E-1	+1.961932E-1
+7.241450E+9	+9.172497E-1	+1.957182E-1
+7.241465E+9	+9.175107E-1	+1.955952E-1
+7.241480E+9	+9.171637E-1	+1.959400E-1
+7.241495E+9	+9.168639E-1	+1.948544E-1
+7.241510E+9	+9.175422E-1	+1.943048E-1
+7.241525E+9	+9.178510E-1	+1.949304E-1
+7.241540E+9	+9.187198E-1	+1.940090E-1
+7.241555E+9	+9.198896E-1	+1.952422E-1
+7.241570E+9	+9.187513E-1	+1.945112E-1
+7.241585E+9	+9.176221E-1	+1.940888E-1
+7.241600E+9	+9.187046E-1	+1.933388E-1
+7.241615E+9	+9.182976E-1	+1.931369E-1
+7.241630E+9	+9.181687E-1	+1.949662E-1
+7.241645E+9	+9.185247E-1	+1.943175E-1
+7.241660E+9	+9.189140E-1	+1.940959E-1
+7.241675E+9	+9.186626E-1	+1.929605E-1
+7.241690E+9	+9.193101E-1	+1.933249E-1
+7.241705E+9	+9.193464E-1	+1.941695E-1
+7.241720E+9	+9.185845E-1	+1.939863E-1
+7.241735E+9	+9.175937E-1	+1.923387E-1
+7.241750E+9	+9.185207E-1	+1.914870E-1
+7.241765E+9	+9.196975E-1	+1.917518E-1
+7.241780E+9	+9.195968E-1	+1.930187E-1
+7.241795E+9	+9.180249E-1	+1.927177E-1
+7.241810E+9	+9.168429E-1	+1.927143E-1
+7.241825E+9	+9.165360E-1	+1.922646E-1
+7.241840E+9	+9.172636E-1	+1.909586E-1
+7.241855E+9	+9.183697E-1	+1.907041E-1
+7.241870E+9	+9.184309E-1	+1.905395E-1
+7.241885E+9	+9.191584E-1	+1.924223E-1
+7.241900E+9	+9.183032E-1	+1.917505E-1
+7.241915E+9	+9.183959E-1	+1.910284E-1
+7.241930E+9	+9.190948E-1	+1.922837E-1
+7.241945E+9	+9.187092E-1	+1.919988E-1
+7.241960E+9	+9.189844E-1	+1.908157E-1
+7.241975E+9	+9.196924E-1	+1.908734E-1
+7.241990E+9	+9.203359E-1	+1.905321E-1
+7.242005E+9	+9.193501E-1	+1.909026E-1
+7.242020E+9	+9.193532E-1	+1.901608E-1
+7.242035E+9	+9.190056E-1	+1.902245E-1
+7.242050E+9	+9.187971E-1	+1.895502E-1
+7.242065E+9	+9.185965E-1	+1.889748E-1
+7.242080E+9	+9.186006E-1	+1.888933E-1
+7.242095E+9	+9.182616E-1	+1.886285E-1
+7.242110E+9	+9.178899E-1	+1.889093E-1
+7.242125E+9	+9.194973E-1	+1.895362E-1
+7.242140E+9	+9.196587E-1	+1.900002E-1
+7.242155E+9	+9.192672E-1	+1.888641E-1
+7.242170E+9	+9.196788E-1	+1.882639E-1
+7.242185E+9	+9.199184E-1	+1.875848E-1
+7.242200E+9	+9.199790E-1	+1.868990E-1
+7.242215E+9	+9.186379E-1	+1.865797E-1
+7.242230E+9	+9.181463E-1	+1.878340E-1
+7.242245E+9	+9.191196E-1	+1.874032E-1
+7.242260E+9	+9.195682E-1	+1.868564E-1
+7.242275E+9	+9.204491E-1	+1.863725E-1
+7.242290E+9	+9.199098E-1	+1.860826E-1
+7.242305E+9	+9.193329E-1	+1.862375E-1
+7.242320E+9	+9.191154E-1	+1.867319E-1
+7.242335E+9	+9.191851E-1	+1.865472E-1
+7.242350E+9	+9.193356E-1	+1.869678E-1
+7.242365E+9	+9.196177E-1	+1.866283E-1
+7.242380E+9	+9.200512E-1	+1.861513E-1
+7.242395E+9	+9.198242E-1	+1.864457E-1
+7.242410E+9	+9.210331E-1	+1.840713E-1
+7.242425E+9	+9.209557E-1	+1.847500E-1
+7.242440E+9	+9.205969E-1	+1.847932E-1
+7.242455E+9	+9.194493E-1	+1.851364E-1
+7.242470E+9	+9.193189E-1	+1.843171E-1
+7.242485E+9	+9.199715E-1	+1.843363E-1
+7.242500E+9	+9.204319E-1	+1.843974E-1
+7.242515E+9	+9.211043E-1	+1.844179E-1
+7.242530E+9	+9.213055E-1	+1.844415E-1
+7.242545E+9	+9.209623E-1	+1.840331E-1
+7.242560E+9	+9.201118E-1	+1.843125E-1
+7.242575E+9	+9.202000E-1	+1.843755E-1
+7.242590E+9	+9.196045E-1	+1.840950E-1
+7.242605E+9	+9.195618E-1	+1.837022E-1
+7.242620E+9	+9.198227E-1	+1.826336E-1
+7.242635E+9	+9.198871E-1	+1.831800E-1
+7.242650E+9	+9.210768E-1	+1.842802E-1
+7.242665E+9	+9.217102E-1	+1.840889E-1
+7.242680E+9	+9.202450E-1	+1.833812E-1
+7.242695E+9	+9.201298E-1	+1.826645E-1
+7.242710E+9	+9.204124E-1	+1.820953E-1
+7.242725E+9	+9.207788E-1	+1.817916E-1
+7.242740E+9	+9.198158E-1	+1.811449E-1
+7.242755E+9	+9.191546E-1	+1.816544E-1
+7.242770E+9	+9.195192E-1	+1.810764E-1
+7.242785E+9	+9.205918E-1	+1.810505E-1
+7.242800E+9	+9.212795E-1	+1.798755E-1
+7.242815E+9	+9.206688E-1	+1.801798E-1
+7.242830E+9	+9.208500E-1	+1.808476E-1
+7.242845E+9	+9.211230E-1	+1.805887E-1
+7.242860E+9	+9.210316E-1	+1.796240E-1
+7.242875E+9	+9.213555E-1	+1.788428E-1
+7.242890E+9	+9.217930E-1	+1.781304E-1
+7.242905E+9	+9.206736E-1	+1.809360E-1
+7.242920E+9	+9.213461E-1	+1.804532E-1
+7.242935E+9	+9.212006E-1	+1.795833E-1
+7.242950E+9	+9.205818E-1	+1.802181E-1
+7.242965E+9	+9.210893E-1	+1.796756E-1
+7.242980E+9	+9.212774E-1	+1.789149E-1
+7.242995E+9	+9.215316E-1	+1.782285E-1
+7.243010E+9	+9.214005E-1	+1.789416E-1
+7.243025E+9	+9.203848E-1	+1.793887E-1
+7.243040E+9	+9.209766E-1	+1.784547E-1
+7.243055E+9	+9.209789E-1	+1.783895E-1
+7.243070E+9	+9.214463E-1	+1.780068E-1
+7.243085E+9	+9.215976E-1	+1.777680E-1
+7.243100E+9	+9.214962E-1	+1.770589E-1
+7.243115E+9	+9.225381E-1	+1.766622E-1
+7.243130E+9	+9.224526E-1	+1.762180E-1
+7.243145E+9	+9.233595E-1	+1.764337E-1
+7.243160E+9	+9.221066E-1	+1.779142E-1
+7.243175E+9	+9.210889E-1	+1.778805E-1
+7.243190E+9	+9.206011E-1	+1.779923E-1
+7.243205E+9	+9.223776E-1	+1.781591E-1
+7.243220E+9	+9.227497E-1	+1.767326E-1
+7.243235E+9	+9.231854E-1	+1.761376E-1
+7.243250E+9	+9.232390E-1	+1.761953E-1
+7.243265E+9	+9.229836E-1	+1.759771E-1
+7.243280E+9	+9.221010E-1	+1.748326E-1
+7.243295E+9	+9.219619E-1	+1.757458E-1
+7.243310E+9	+9.215604E-1	+1.761129E-1
+7.243325E+9	+9.214645E-1	+1.764907E-1
+7.243340E+9	+9.226374E-1	+1.764655E-1
+7.243355E+9	+9.222493E-1	+1.745673E-1
+7.243370E+9	+9.215227E-1	+1.745937E-1
+7.243385E+9	+9.203186E-1	+1.756600E-1
+7.243400E+9	+9.204863E-1	+1.745203E-1
+7.243415E+9	+9.213724E-1	+1.742053E-1
+7.243430E+9	+9.212241E-1	+1.749949E-1
+7.243445E+9	+9.210261E-1	+1.737703E-1
+7.243460E+9	+9.216417E-1	+1.736274E-1
+7.243475E+9	+9.225776E-1	+1.731598E-1
+7.243490E+9	+9.223124E-1	+1.731805E-1
+7.243505E+9	+9.225982E-1	+1.735530E-1
+7.243520E+9	+9.229563E-1	+1.742153E-1
+7.243535E+9	+9.223749E-1	+1.739814E-1
+7.243550E+9	+9.215203E-1	+1.725855E-1
+7.243565E+9	+9.216493E-1	+1.733105E-1
+7.243580E+9	+9.224640E-1	+1.734738E-1
+7.243595E+9	+9.225619E-1	+1.724505E-1
+7.243610E+9	+9.225951E-1	+1.721527E-1
+7.243625E+9	+9.228814E-1	+1.726781E-1
+7.243640E+9	+9.228341E-1	+1.717434E-1
+7.243655E+9	+9.225392E-1	+1.704885E-1
+7.243670E+9	+9.210292E-1	+1.720248E-1
+7.243685E+9	+9.213229E-1	+1.720962E-1
+7.243700E+9	+9.212461E-1	+1.721802E-1
+7.243715E+9	+9.219033E-1	+1.720677E-1
+7.243730E+9	+9.227005E-1	+1.702169E-1
+7.243745E+9	+9.231357E-1	+1.700259E-1
+7.243760E+9	+9.232624E-1	+1.705870E-1
+7.243775E+9	+9.228285E-1	+1.709529E-1
+7.243790E+9	+9.228148E-1	+1.708137E-1
+7.243805E+9	+9.218365E-1	+1.709649E-1
+7.243820E+9	+9.219913E-1	+1.701997E-1
+7.243835E+9	+9.224308E-1	+1.709243E-1
+7.243850E+9	+9.227186E-1	+1.693482E-1
+7.243865E+9	+9.231767E-1	+1.694999E-1
+7.243880E+9	+9.224325E-1	+1.718064E-1
+7.243895E+9	+9.226685E-1	+1.708216E-1
+7.243910E+9	+9.232830E-1	+1.693577E-1
+7.243925E+9	+9.236641E-1	+1.691069E-1
+7.243940E+9	+9.238290E-1	+1.684947E-1
+7.243955E+9	+9.243010E-1	+1.682060E-1
+7.243970E+9	+9.245010E-1	+1.680222E-1
+7.243985E+9	+9.235129E-1	+1.686778E-1
+7.244000E+9	+9.226571E-1	+1.695491E-1
+7.244015E+9	+9.232501E-1	+1.686653E-1
+7.244030E+9	+9.230244E-1	+1.682301E-1
+7.244045E+9	+9.234071E-1	+1.679757E-1
+7.244060E+9	+9.234650E-1	+1.679737E-1
+7.244075E+9	+9.236073E-1	+1.669755E-1
+7.244090E+9	+9.231843E-1	+1.672692E-1
+7.244105E+9	+9.233393E-1	+1.668110E-1
+7.244120E+9	+9.248542E-1	+1.668139E-1
+7.244135E+9	+9.232221E-1	+1.668037E-1
+7.244150E+9	+9.223449E-1	+1.652483E-1
+7.244165E+9	+9.231138E-1	+1.659581E-1
+7.244180E+9	+9.238501E-1	+1.665798E-1
+7.244195E+9	+9.239863E-1	+1.664071E-1
+7.244210E+9	+9.238894E-1	+1.666427E-1
+7.244225E+9	+9.231196E-1	+1.656184E-1
+7.244240E+9	+9.237060E-1	+1.656648E-1
+7.244255E+9	+9.236819E-1	+1.648256E-1
+7.244270E+9	+9.244905E-1	+1.644243E-1
+7.244285E+9	+9.243668E-1	+1.654843E-1
+7.244300E+9	+9.243523E-1	+1.639777E-1
+7.244315E+9	+9.242662E-1	+1.637332E-1
+7.244330E+9	+9.238242E-1	+1.632336E-1
+7.244345E+9	+9.249013E-1	+1.629692E-1
+7.244360E+9	+9.253845E-1	+1.639424E-1
+7.244375E+9	+9.248592E-1	+1.644042E-1
+7.244390E+9	+9.248103E-1	+1.639233E-1
+7.244405E+9	+9.239067E-1	+1.641435E-1
+7.244420E+9	+9.246620E-1	+1.635528E-1
+7.244435E+9	+9.250125E-1	+1.626281E-1
+7.244450E+9	+9.242589E-1	+1.616797E-1
+7.244465E+9	+9.242345E-1	+1.624643E-1
+7.244480E+9	+9.240532E-1	+1.626767E-1
+7.244495E+9	+9.242760E-1	+1.622839E-1
+7.244510E+9	+9.241789E-1	+1.617864E-1
+7.244525E+9	+9.245148E-1	+1.623934E-1
+7.244540E+9	+9.247081E-1	+1.618479E-1
+7.244555E+9	+9.245133E-1	+1.621941E-1
+7.244570E+9	+9.237812E-1	+1.627366E-1
+7.244585E+9	+9.235132E-1	+1.622872E-1
+7.244600E+9	+9.238413E-1	+1.619769E-1
+7.244615E+9	+9.245501E-1	+1.609482E-1
+7.244630E+9	+9.251549E-1	+1.604748E-1
+7.244645E+9	+9.245053E-1	+1.615168E-1
+7.244660E+9	+9.239741E-1	+1.612852E-1
+7.244675E+9	+9.243586E-1	+1.608447E-1
+7.244690E+9	+9.242958E-1	+1.614663E-1
+7.244705E+9	+9.243564E-1	+1.619430E-1
+7.244720E+9	+9.246430E-1	+1.617115E-1
+7.244735E+9	+9.254702E-1	+1.610018E-1
+7.244750E+9	+9.247801E-1	+1.607081E-1
+7.244765E+9	+9.242475E-1	+1.595986E-1
+7.244780E+9	+9.246691E-1	+1.593505E-1
+7.244795E+9	+9.255086E-1	+1.587818E-1
+7.244810E+9	+9.251441E-1	+1.608917E-1
+7.244825E+9	+9.240004E-1	+1.603069E-1
+7.244840E+9	+9.241501E-1	+1.590765E-1
+7.244855E+9	+9.233010E-1	+1.584112E-1
+7.244870E+9	+9.235671E-1	+1.589229E-1
+7.244885E+9	+9.239981E-1	+1.590804E-1
+7.244900E+9	+9.236639E-1	+1.580944E-1
+7.244915E+9	+9.245666E-1	+1.581508E-1
+7.244930E+9	+9.241447E-1	+1.575582E-1
+7.244945E+9	+9.237871E-1	+1.574838E-1
+7.244960E+9	+9.244628E-1	+1.577459E-1
+7.244975E+9	+9.251931E-1	+1.577546E-1
+7.244990E+9	+9.250818E-1	+1.569125E-1
+7.245005E+9	+9.249048E-1	+1.564331E-1
+7.245020E+9	+9.246832E-1	+1.565561E-1
+7.245035E+9	+9.250567E-1	+1.580864E-1
+7.245050E+9	+9.257220E-1	+1.562414E-1
+7.245065E+9	+9.256048E-1	+1.551791E-1
+7.245080E+9	+9.249853E-1	+1.541176E-1
+7.245095E+9	+9.253222E-1	+1.535411E-1
+7.245110E+9	+9.243087E-1	+1.564595E-1
+7.245125E+9	+9.250274E-1	+1.556724E-1
+7.245140E+9	+9.258106E-1	+1.553918E-1
+7.245155E+9	+9.251647E-1	+1.553800E-1
+7.245170E+9	+9.244846E-1	+1.551876E-1
+7.245185E+9	+9.254516E-1	+1.556700E-1
+7.245200E+9	+9.268168E-1	+1.551286E-1
+7.245215E+9	+9.257495E-1	+1.553980E-1
+7.245230E+9	+9.252514E-1	+1.551254E-1
+7.245245E+9	+9.254243E-1	+1.546703E-1
+7.245260E+9	+9.254965E-1	+1.551108E-1
+7.245275E+9	+9.251704E-1	+1.535893E-1
+7.245290E+9	+9.247208E-1	+1.533375E-1
+7.245305E+9	+9.250253E-1	+1.536615E-1
+7.245320E+9	+9.253576E-1	+1.543381E-1
+7.245335E+9	+9.258655E-1	+1.543852E-1
+7.245350E+9	+9.257423E-1	+1.538149E-1
+7.245365E+9	+9.250290E-1	+1.542217E-1
+7.245380E+9	+9.248518E-1	+1.541953E-1
+7.245395E+9	+9.253064E-1	+1.534541E-1
+7.245410E+9	+9.254514E-1	+1.531704E-1
+7.245425E+9	+9.244416E-1	+1.532472E-1
+7.245440E+9	+9.261928E-1	+1.523479E-1
+7.245455E+9	+9.269154E-1	+1.533565E-1
+7.245470E+9	+9.255205E-1	+1.528744E-1
+7.245485E+9	+9.250075E-1	+1.517898E-1
+7.245500E+9	+9.262405E-1	+1.523193E-1
+7.245515E+9	+9.259716E-1	+1.519875E-1
+7.245530E+9	+9.260783E-1	+1.515857E-1
+7.245545E+9	+9.250384E-1	+1.509996E-1
+7.245560E+9	+9.254192E-1	+1.507604E-1
+7.245575E+9	+9.257232E-1	+1.505627E-1
+7.245590E+9	+9.256150E-1	+1.501209E-1
+7.245605E+9	+9.259418E-1	+1.501749E-1
+7.245620E+9	+9.265238E-1	+1.504385E-1
+7.245635E+9	+9.261482E-1	+1.499847E-1
+7.245650E+9	+9.254621E-1	+1.505886E-1
+7.245665E+9	+9.255389E-1	+1.498825E-1
+7.245680E+9	+9.248187E-1	+1.492361E-1
+7.245695E+9	+9.244645E-1	+1.491817E-1
+7.245710E+9	+9.250229E-1	+1.497830E-1
+7.245725E+9	+9.258068E-1	+1.495587E-1
+7.245740E+9	+9.253076E-1	+1.492559E-1
+7.245755E+9	+9.261465E-1	+1.489755E-1
+7.245770E+9	+9.258403E-1	+1.487722E-1
+7.245785E+9	+9.262849E-1	+1.484873E-1
+7.245800E+9	+9.271112E-1	+1.480195E-1
+7.245815E+9	+9.267154E-1	+1.477928E-1
+7.245830E+9	+9.262835E-1	+1.483120E-1
+7.245845E+9	+9.264960E-1	+1.482998E-1
+7.245860E+9	+9.268368E-1	+1.491550E-1
+7.245875E+9	+9.263980E-1	+1.482320E-1
+7.245890E+9	+9.265649E-1	+1.474004E-1
+7.245905E+9	+9.263072E-1	+1.475423E-1
+7.245920E+9	+9.257410E-1	+1.473992E-1
+7.245935E+9	+9.267877E-1	+1.471962E-1
+7.245950E+9	+9.270656E-1	+1.464690E-1
+7.245965E+9	+9.265836E-1	+1.462413E-1
+7.245980E+9	+9.259942E-1	+1.464514E-1
+7.245995E+9	+9.262797E-1	+1.455911E-1
+7.246010E+9	+9.270985E-1	+1.456403E-1
+7.246025E+9	+9.276138E-1	+1.455407E-1
+7.246040E+9	+9.275086E-1	+1.451562E-1
+7.246055E+9	+9.274795E-1	+1.454194E-1
+7.246070E+9	+9.271550E-1	+1.454841E-1
+7.246085E+9	+9.257633E-1	+1.454510E-1
+7.246100E+9	+9.262877E-1	+1.440155E-1
+7.246115E+9	+9.268940E-1	+1.431584E-1
+7.246130E+9	+9.274458E-1	+1.433659E-1
+7.246145E+9	+9.270660E-1	+1.440239E-1
+7.246160E+9	+9.274230E-1	+1.440396E-1
+7.246175E+9	+9.274658E-1	+1.447294E-1
+7.246190E+9	+9.271088E-1	+1.441329E-1
+7.246205E+9	+9.269979E-1	+1.439384E-1
+7.246220E+9	+9.268990E-1	+1.433133E-1
+7.246235E+9	+9.265678E-1	+1.429290E-1
+7.246250E+9	+9.264189E-1	+1.441201E-1
+7.246265E+9	+9.263781E-1	+1.436476E-1
+7.246280E+9	+9.258428E-1	+1.426058E-1
+7.246295E+9	+9.259838E-1	+1.427809E-1
+7.246310E+9	+9.266669E-1	+1.430853E-1
+7.246325E+9	+9.272482E-1	+1.427297E-1
+7.246340E+9	+9.269687E-1	+1.419810E-1
+7.246355E+9	+9.269501E-1	+1.418264E-1
+7.246370E+9	+9.272132E-1	+1.427834E-1
+7.246385E+9	+9.280935E-1	+1.424673E-1
+7.246400E+9	+9.268784E-1	+1.420124E-1
+7.246415E+9	+9.273759E-1	+1.406495E-1
+7.246430E+9	+9.275094E-1	+1.401663E-1
+7.246445E+9	+9.283470E-1	+1.403497E-1
+7.246460E+9	+9.275545E-1	+1.404519E-1
+7.246475E+9	+9.262706E-1	+1.400582E-1
+7.246490E+9	+9.271218E-1	+1.396011E-1
+7.246505E+9	+9.277049E-1	+1.399824E-1
+7.246520E+9	+9.276380E-1	+1.391429E-1
+7.246535E+9	+9.271789E-1	+1.404199E-1
+7.246550E+9	+9.268771E-1	+1.402794E-1
+7.246565E+9	+9.269795E-1	+1.399155E-1
+7.246580E+9	+9.270359E-1	+1.402741E-1
+7.246595E+9	+9.268309E-1	+1.402958E-1
+7.246610E+9	+9.276360E-1	+1.397247E-1
+7.246625E+9	+9.284831E-1	+1.387682E-1
+7.246640E+9	+9.286366E-1	+1.387450E-1
+7.246655E+9	+9.284451E-1	+1.388263E-1
+7.246670E+9	+9.287572E-1	+1.389861E-1
+7.246685E+9	+9.279557E-1	+1.389743E-1
+7.246700E+9	+9.277402E-1	+1.388468E-1
+7.246715E+9	+9.268639E-1	+1.388844E-1
+7.246730E+9	+9.277501E-1	+1.381863E-1
+7.246745E+9	+9.278595E-1	+1.383172E-1
+7.246760E+9	+9.276427E-1	+1.380923E-1
+7.246775E+9	+9.281335E-1	+1.374170E-1
+7.246790E+9	+9.285143E-1	+1.369725E-1
+7.246805E+9	+9.291753E-1	+1.378043E-1
+7.246820E+9	+9.279092E-1	+1.373677E-1
+7.246835E+9	+9.275614E-1	+1.371699E-1
+7.246850E+9	+9.280406E-1	+1.371433E-1
+7.246865E+9	+9.279764E-1	+1.372992E-1
+7.246880E+9	+9.276034E-1	+1.369695E-1
+7.246895E+9	+9.274749E-1	+1.365865E-1
+7.246910E+9	+9.277280E-1	+1.363894E-1
+7.246925E+9	+9.281317E-1	+1.360862E-1
+7.246940E+9	+9.284973E-1	+1.358230E-1
+7.246955E+9	+9.291801E-1	+1.360566E-1
+7.246970E+9	+9.294537E-1	+1.349699E-1
+7.246985E+9	+9.287735E-1	+1.340638E-1
+7.247000E+9	+9.277352E-1	+1.341866E-1
+7.247015E+9	+9.284628E-1	+1.347056E-1
+7.247030E+9	+9.289354E-1	+1.350085E-1
+7.247045E+9	+9.283344E-1	+1.347160E-1
+7.247060E+9	+9.283076E-1	+1.344979E-1
+7.247075E+9	+9.279763E-1	+1.336582E-1
+7.247090E+9	+9.280747E-1	+1.326926E-1
+7.247105E+9	+9.285585E-1	+1.325015E-1
+7.247120E+9	+9.287225E-1	+1.322176E-1
+7.247135E+9	+9.291878E-1	+1.334402E-1
+7.247150E+9	+9.285472E-1	+1.329602E-1
+7.247165E+9	+9.291587E-1	+1.335954E-1
+7.247180E+9	+9.290140E-1	+1.339840E-1
+7.247195E+9	+9.294585E-1	+1.342132E-1
+7.247210E+9	+9.296131E-1	+1.340274E-1
+7.247225E+9	+9.287270E-1	+1.326940E-1
+7.247240E+9	+9.293705E-1	+1.325236E-1
+7.247255E+9	+9.301611E-1	+1.313941E-1
+7.247270E+9	+9.296463E-1	+1.310999E-1
+7.247285E+9	+9.287911E-1	+1.313831E-1
+7.247300E+9	+9.295922E-1	+1.318600E-1
+7.247315E+9	+9.285283E-1	+1.318219E-1
+7.247330E+9	+9.286823E-1	+1.312959E-1
+7.247345E+9	+9.299564E-1	+1.294748E-1
+7.247360E+9	+9.303279E-1	+1.294820E-1
+7.247375E+9	+9.289988E-1	+1.303997E-1
+7.247390E+9	+9.290397E-1	+1.307778E-1
+7.247405E+9	+9.281725E-1	+1.312649E-1
+7.247420E+9	+9.280083E-1	+1.316109E-1
+7.247435E+9	+9.278636E-1	+1.307998E-1
+7.247450E+9	+9.284493E-1	+1.306837E-1
+7.247465E+9	+9.290702E-1	+1.307038E-1
+7.247480E+9	+9.293459E-1	+1.315647E-1
+7.247495E+9	+9.294785E-1	+1.302795E-1
+7.247510E+9	+9.293715E-1	+1.295645E-1
+7.247525E+9	+9.289766E-1	+1.298508E-1
+7.247540E+9	+9.293437E-1	+1.302654E-1
+7.247555E+9	+9.296256E-1	+1.299766E-1
+7.247570E+9	+9.297182E-1	+1.289656E-1
+7.247585E+9	+9.297583E-1	+1.283231E-1
+7.247600E+9	+9.289338E-1	+1.297517E-1
+7.247615E+9	+9.292019E-1	+1.285344E-1
+7.247630E+9	+9.292644E-1	+1.278100E-1
+7.247645E+9	+9.290672E-1	+1.279165E-1
+7.247660E+9	+9.286854E-1	+1.282326E-1
+7.247675E+9	+9.301646E-1	+1.261311E-1
+7.247690E+9	+9.304465E-1	+1.266052E-1
+7.247705E+9	+9.305192E-1	+1.273971E-1
+7.247720E+9	+9.303650E-1	+1.277928E-1
+7.247735E+9	+9.291974E-1	+1.270019E-1
+7.247750E+9	+9.290434E-1	+1.259013E-1
+7.247765E+9	+9.289656E-1	+1.261422E-1
+7.247780E+9	+9.286168E-1	+1.268531E-1
+7.247795E+9	+9.293991E-1	+1.262901E-1
+7.247810E+9	+9.296232E-1	+1.259908E-1
+7.247825E+9	+9.296434E-1	+1.254775E-1
+7.247840E+9	+9.295487E-1	+1.248663E-1
+7.247855E+9	+9.313583E-1	+1.251850E-1
+7.247870E+9	+9.301950E-1	+1.244848E-1
+7.247885E+9	+9.297966E-1	+1.247083E-1
+7.247900E+9	+9.291515E-1	+1.246945E-1
+7.247915E+9	+9.292317E-1	+1.249149E-1
+7.247930E+9	+9.286981E-1	+1.250474E-1
+7.247945E+9	+9.280969E-1	+1.246528E-1
+7.247960E+9	+9.283109E-1	+1.244131E-1
+7.247975E+9	+9.301226E-1	+1.239176E-1
+7.247990E+9	+9.304195E-1	+1.232822E-1
+7.248005E+9	+9.296031E-1	+1.227533E-1
+7.248020E+9	+9.297390E-1	+1.228560E-1
+7.248035E+9	+9.297490E-1	+1.235369E-1
+7.248050E+9	+9.294660E-1	+1.234759E-1
+7.248065E+9	+9.298076E-1	+1.244542E-1
+7.248080E+9	+9.302447E-1	+1.243300E-1
+7.248095E+9	+9.295888E-1	+1.233463E-1
+7.248110E+9	+9.300043E-1	+1.222259E-1
+7.248125E+9	+9.302754E-1	+1.216424E-1
+7.248140E+9	+9.295898E-1	+1.213779E-1
+7.248155E+9	+9.298063E-1	+1.228229E-1
+7.248170E+9	+9.304213E-1	+1.232180E-1
+7.248185E+9	+9.303789E-1	+1.225223E-1
+7.248200E+9	+9.300654E-1	+1.217631E-1
+7.248215E+9	+9.307328E-1	+1.225204E-1
+7.248230E+9	+9.309666E-1	+1.227218E-1
+7.248245E+9	+9.310290E-1	+1.222536E-1
+7.248260E+9	+9.300530E-1	+1.208013E-1
+7.248275E+9	+9.293970E-1	+1.214894E-1
+7.248290E+9	+9.295518E-1	+1.212251E-1
+7.248305E+9	+9.302556E-1	+1.209014E-1
+7.248320E+9	+9.299505E-1	+1.204823E-1
+7.248335E+9	+9.299004E-1	+1.194668E-1
+7.248350E+9	+9.296702E-1	+1.201903E-1
+7.248365E+9	+9.297347E-1	+1.197486E-1
+7.248380E+9	+9.292278E-1	+1.201379E-1
+7.248395E+9	+9.294153E-1	+1.200653E-1
+7.248410E+9	+9.299076E-1	+1.205846E-1
+7.248425E+9	+9.309322E-1	+1.204234E-1
+7.248440E+9	+9.304227E-1	+1.193852E-1
+7.248455E+9	+9.300682E-1	+1.187319E-1
+7.248470E+9	+9.294458E-1	+1.179588E-1
+7.248485E+9	+9.294603E-1	+1.181385E-1
+7.248500E+9	+9.300964E-1	+1.179697E-1
+7.248515E+9	+9.304459E-1	+1.170408E-1
+7.248530E+9	+9.300335E-1	+1.185063E-1
+7.248545E+9	+9.303419E-1	+1.181863E-1
+7.248560E+9	+9.298243E-1	+1.180073E-1
+7.248575E+9	+9.305191E-1	+1.181109E-1
+7.248590E+9	+9.303552E-1	+1.179681E-1
+7.248605E+9	+9.309899E-1	+1.171359E-1
+7.248620E+9	+9.311528E-1	+1.174778E-1
+7.248635E+9	+9.306821E-1	+1.172996E-1
+7.248650E+9	+9.309434E-1	+1.169401E-1
+7.248665E+9	+9.308340E-1	+1.173022E-1
+7.248680E+9	+9.306494E-1	+1.170054E-1
+7.248695E+9	+9.308880E-1	+1.166690E-1
+7.248710E+9	+9.313921E-1	+1.166234E-1
+7.248725E+9	+9.316420E-1	+1.162119E-1
+7.248740E+9	+9.309784E-1	+1.159917E-1
+7.248755E+9	+9.298886E-1	+1.152368E-1
+7.248770E+9	+9.295064E-1	+1.155229E-1
+7.248785E+9	+9.299968E-1	+1.152963E-1
+7.248800E+9	+9.309496E-1	+1.158120E-1
+7.248815E+9	+9.307230E-1	+1.149497E-1
+7.248830E+9	+9.313187E-1	+1.149843E-1
+7.248845E+9	+9.313727E-1	+1.146051E-1
+7.248860E+9	+9.305951E-1	+1.150246E-1
+7.248875E+9	+9.296543E-1	+1.153691E-1
+7.248890E+9	+9.298312E-1	+1.153071E-1
+7.248905E+9	+9.307514E-1	+1.146565E-1
+7.248920E+9	+9.308433E-1	+1.145458E-1
+7.248935E+9	+9.311189E-1	+1.138061E-1
+7.248950E+9	+9.320024E-1	+1.133691E-1
+7.248965E+9	+9.320142E-1	+1.135163E-1
+7.248980E+9	+9.318291E-1	+1.135278E-1
+7.248995E+9	+9.311236E-1	+1.130947E-1
+7.249010E+9	+9.316953E-1	+1.131776E-1
+7.249025E+9	+9.324557E-1	+1.129729E-1
+7.249040E+9	+9.319045E-1	+1.127613E-1
+7.249055E+9	+9.313293E-1	+1.127807E-1
+7.249070E+9	+9.315836E-1	+1.125583E-1
+7.249085E+9	+9.312281E-1	+1.120832E-1
+7.249100E+9	+9.312704E-1	+1.114046E-1
+7.249115E+9	+9.314921E-1	+1.111769E-1
+7.249130E+9	+9.314332E-1	+1.111918E-1
+7.249145E+9	+9.307186E-1	+1.117035E-1
+7.249160E+9	+9.299796E-1	+1.118078E-1
+7.249175E+9	+9.310938E-1	+1.104102E-1
+7.249190E+9	+9.312702E-1	+1.102319E-1
+7.249205E+9	+9.308627E-1	+1.110398E-1
+7.249220E+9	+9.306000E-1	+1.109356E-1
+7.249235E+9	+9.310482E-1	+1.108637E-1
+7.249250E+9	+9.315707E-1	+1.107296E-1
+7.249265E+9	+9.314364E-1	+1.104613E-1
+7.249280E+9	+9.318769E-1	+1.102365E-1
+7.249295E+9	+9.325562E-1	+1.093530E-1
+7.249310E+9	+9.321500E-1	+1.090976E-1
+7.249325E+9	+9.313371E-1	+1.092067E-1
+7.249340E+9	+9.317130E-1	+1.082199E-1
+7.249355E+9	+9.310808E-1	+1.076720E-1
+7.249370E+9	+9.304661E-1	+1.085470E-1
+7.249385E+9	+9.311691E-1	+1.089514E-1
+7.249400E+9	+9.312989E-1	+1.089275E-1
+7.249415E+9	+9.310978E-1	+1.085643E-1
+7.249430E+9	+9.310853E-1	+1.081818E-1
+7.249445E+9	+9.314769E-1	+1.080315E-1
+7.249460E+9	+9.315220E-1	+1.083729E-1
+7.249475E+9	+9.313306E-1	+1.077789E-1
+7.249490E+9	+9.311463E-1	+1.072860E-1
+7.249505E+9	+9.317415E-1	+1.070669E-1
+7.249520E+9	+9.325222E-1	+1.073808E-1
+7.249535E+9	+9.322445E-1	+1.077034E-1
+7.249550E+9	+9.310720E-1	+1.076056E-1
+7.249565E+9	+9.305464E-1	+1.069764E-1
+7.249580E+9	+9.308620E-1	+1.060178E-1
+7.249595E+9	+9.313549E-1	+1.054863E-1
+7.249610E+9	+9.314912E-1	+1.061724E-1
+7.249625E+9	+9.318898E-1	+1.046786E-1
+7.249640E+9	+9.313340E-1	+1.049290E-1
+7.249655E+9	+9.320349E-1	+1.057039E-1
+7.249670E+9	+9.324384E-1	+1.051025E-1
+7.249685E+9	+9.314302E-1	+1.047645E-1
+7.249700E+9	+9.301560E-1	+1.055496E-1
+7.249715E+9	+9.315458E-1	+1.050784E-1
+7.249730E+9	+9.332736E-1	+1.044487E-1
+7.249745E+9	+9.327779E-1	+1.042832E-1
+7.249760E+9	+9.329892E-1	+1.041519E-1
+7.249775E+9	+9.323801E-1	+1.052840E-1
+7.249790E+9	+9.324672E-1	+1.046431E-1
+7.249805E+9	+9.323552E-1	+1.033858E-1
+7.249820E+9	+9.323387E-1	+1.028985E-1
+7.249835E+9	+9.318096E-1	+1.031933E-1
+7.249850E+9	+9.319939E-1	+1.027808E-1
+7.249865E+9	+9.317260E-1	+1.037255E-1
+7.249880E+9	+9.311557E-1	+1.037775E-1
+7.249895E+9	+9.317159E-1	+1.031138E-1
+7.249910E+9	+9.317959E-1	+1.027014E-1
+7.249925E+9	+9.313413E-1	+1.030924E-1
+7.249940E+9	+9.320441E-1	+1.035543E-1
+7.249955E+9	+9.331085E-1	+1.028826E-1
+7.249970E+9	+9.328097E-1	+1.022780E-1
+7.249985E+9	+9.319982E-1	+1.024541E-1
+7.250000E+9	+9.322573E-1	+1.024826E-1
+7.250015E+9	+9.319212E-1	+1.022512E-1
+7.250030E+9	+9.320881E-1	+1.017363E-1
+7.250045E+9	+9.322744E-1	+1.012428E-1
+7.250060E+9	+9.329478E-1	+1.016935E-1
+7.250075E+9	+9.326347E-1	+1.011240E-1
+7.250090E+9	+9.327383E-1	+1.007371E-1
+7.250105E+9	+9.325426E-1	+1.007169E-1
+7.250120E+9	+9.329602E-1	+9.993327E-2
+7.250135E+9	+9.326702E-1	+1.008484E-1
+7.250150E+9	+9.323085E-1	+1.002501E-1
+7.250165E+9	+9.323024E-1	+9.946482E-2
+7.250180E+9	+9.324082E-1	+9.936032E-2
+7.250195E+9	+9.332040E-1	+9.969592E-2
+7.250210E+9	+9.328833E-1	+9.998221E-2
+7.250225E+9	+9.324402E-1	+9.926536E-2
+7.250240E+9	+9.325960E-1	+9.933701E-2
+7.250255E+9	+9.337380E-1	+9.863777E-2
+7.250270E+9	+9.330031E-1	+9.831341E-2
+7.250285E+9	+9.328857E-1	+9.888539E-2
+7.250300E+9	+9.327543E-1	+9.955198E-2
+7.250315E+9	+9.323072E-1	+9.838088E-2
+7.250330E+9	+9.328181E-1	+9.778976E-2
+7.250345E+9	+9.339011E-1	+9.762683E-2
+7.250360E+9	+9.337501E-1	+9.661972E-2
+7.250375E+9	+9.324821E-1	+9.648432E-2
+7.250390E+9	+9.315919E-1	+9.658218E-2
+7.250405E+9	+9.322318E-1	+9.722971E-2
+7.250420E+9	+9.323005E-1	+9.681432E-2
+7.250435E+9	+9.318326E-1	+9.736026E-2
+7.250450E+9	+9.326123E-1	+9.763961E-2
+7.250465E+9	+9.328032E-1	+9.725674E-2
+7.250480E+9	+9.328453E-1	+9.726102E-2
+7.250495E+9	+9.330836E-1	+9.719927E-2
+7.250510E+9	+9.333878E-1	+9.627526E-2
+7.250525E+9	+9.325966E-1	+9.611583E-2
+7.250540E+9	+9.326245E-1	+9.602306E-2
+7.250555E+9	+9.328801E-1	+9.551231E-2
+7.250570E+9	+9.333188E-1	+9.517600E-2
+7.250585E+9	+9.332894E-1	+9.510627E-2
+7.250600E+9	+9.329970E-1	+9.525215E-2
+7.250615E+9	+9.333544E-1	+9.556139E-2
+7.250630E+9	+9.322088E-1	+9.546870E-2
+7.250645E+9	+9.319685E-1	+9.512767E-2
+7.250660E+9	+9.326099E-1	+9.376416E-2
+7.250675E+9	+9.326508E-1	+9.353830E-2
+7.250690E+9	+9.330325E-1	+9.359653E-2
+7.250705E+9	+9.330833E-1	+9.480065E-2
+7.250720E+9	+9.330157E-1	+9.387469E-2
+7.250735E+9	+9.335421E-1	+9.377683E-2
+7.250750E+9	+9.332223E-1	+9.407281E-2
+7.250765E+9	+9.331431E-1	+9.358580E-2
+7.250780E+9	+9.327287E-1	+9.361338E-2
+7.250795E+9	+9.323986E-1	+9.372456E-2
+7.250810E+9	+9.330144E-1	+9.292307E-2
+7.250825E+9	+9.331423E-1	+9.286445E-2
+7.250840E+9	+9.328023E-1	+9.235469E-2
+7.250855E+9	+9.329568E-1	+9.195135E-2
+7.250870E+9	+9.334364E-1	+9.208132E-2
+7.250885E+9	+9.332819E-1	+9.233255E-2
+7.250900E+9	+9.334439E-1	+9.188984E-2
+7.250915E+9	+9.328799E-1	+9.164968E-2
+7.250930E+9	+9.327492E-1	+9.134154E-2
+7.250945E+9	+9.323810E-1	+9.102698E-2
+7.250960E+9	+9.321409E-1	+9.101785E-2
+7.250975E+9	+9.320046E-1	+9.127716E-2
+7.250990E+9	+9.317040E-1	+9.044425E-2
+7.251005E+9	+9.329428E-1	+8.991498E-2
+7.251020E+9	+9.330148E-1	+9.011962E-2
+7.251035E+9	+9.330240E-1	+9.120436E-2
+7.251050E+9	+9.325287E-1	+9.054880E-2
+7.251065E+9	+9.329584E-1	+9.028650E-2
+7.251080E+9	+9.334471E-1	+8.996814E-2
+7.251095E+9	+9.339939E-1	+8.984522E-2
+7.251110E+9	+9.330939E-1	+8.985897E-2
+7.251125E+9	+9.321523E-1	+8.937160E-2
+7.251140E+9	+9.329003E-1	+8.897503E-2
+7.251155E+9	+9.344281E-1	+8.914716E-2
+7.251170E+9	+9.343227E-1	+8.916246E-2
+7.251185E+9	+9.343948E-1	+8.885471E-2
+7.251200E+9	+9.324678E-1	+8.782782E-2
+7.251215E+9	+9.334287E-1	+8.744717E-2
+7.251230E+9	+9.335896E-1	+8.965052E-2
+7.251245E+9	+9.334825E-1	+8.827320E-2
+7.251260E+9	+9.330059E-1	+8.834390E-2
+7.251275E+9	+9.334791E-1	+8.842878E-2
+7.251290E+9	+9.335355E-1	+8.728130E-2
+7.251305E+9	+9.336527E-1	+8.655286E-2
+7.251320E+9	+9.337259E-1	+8.656696E-2
+7.251335E+9	+9.331447E-1	+8.704378E-2
+7.251350E+9	+9.328164E-1	+8.713740E-2
+7.251365E+9	+9.331117E-1	+8.652725E-2
+7.251380E+9	+9.331589E-1	+8.598664E-2
+7.251395E+9	+9.322845E-1	+8.571712E-2
+7.251410E+9	+9.329296E-1	+8.706219E-2
+7.251425E+9	+9.337192E-1	+8.543601E-2
+7.251440E+9	+9.339048E-1	+8.566429E-2
+7.251455E+9	+9.333012E-1	+8.580949E-2
+7.251470E+9	+9.330064E-1	+8.579669E-2
+7.251485E+9	+9.334238E-1	+8.590207E-2
+7.251500E+9	+9.337487E-1	+8.615534E-2
+7.251515E+9	+9.338152E-1	+8.527772E-2
+7.251530E+9	+9.336143E-1	+8.428562E-2
+7.251545E+9	+9.333362E-1	+8.390329E-2
+7.251560E+9	+9.331749E-1	+8.488462E-2
+7.251575E+9	+9.330591E-1	+8.454086E-2
+7.251590E+9	+9.330193E-1	+8.374518E-2
+7.251605E+9	+9.343186E-1	+8.467081E-2
+7.251620E+9	+9.341890E-1	+8.442179E-2
+7.251635E+9	+9.334491E-1	+8.323262E-2
+7.251650E+9	+9.333102E-1	+8.311423E-2
+7.251665E+9	+9.334408E-1	+8.359598E-2
+7.251680E+9	+9.337855E-1	+8.378283E-2
+7.251695E+9	+9.342753E-1	+8.325100E-2
+7.251710E+9	+9.343159E-1	+8.314346E-2
+7.251725E+9	+9.333496E-1	+8.236585E-2
+7.251740E+9	+9.333680E-1	+8.279861E-2
+7.251755E+9	+9.332197E-1	+8.296913E-2
+7.251770E+9	+9.335561E-1	+8.239335E-2
+7.251785E+9	+9.339349E-1	+8.162859E-2
+7.251800E+9	+9.341387E-1	+8.144654E-2
+7.251815E+9	+9.342941E-1	+8.127889E-2
+7.251830E+9	+9.332622E-1	+8.220998E-2
+7.251845E+9	+9.337913E-1	+8.246286E-2
+7.251860E+9	+9.343877E-1	+8.179022E-2
+7.251875E+9	+9.341492E-1	+8.133375E-2
+7.251890E+9	+9.339469E-1	+8.081146E-2
+7.251905E+9	+9.338532E-1	+8.043881E-2
+7.251920E+9	+9.337687E-1	+7.975896E-2
+7.251935E+9	+9.335224E-1	+7.967723E-2
+7.251950E+9	+9.334122E-1	+8.066559E-2
+7.251965E+9	+9.336061E-1	+8.077882E-2
+7.251980E+9	+9.341054E-1	+7.995481E-2
+7.251995E+9	+9.341633E-1	+8.002798E-2
+7.252010E+9	+9.339876E-1	+7.962380E-2
+7.252025E+9	+9.335148E-1	+7.939725E-2
+7.252040E+9	+9.341835E-1	+7.927224E-2
+7.252055E+9	+9.346101E-1	+7.946073E-2
+7.252070E+9	+9.342365E-1	+7.861041E-2
+7.252085E+9	+9.341156E-1	+7.878719E-2
+7.252100E+9	+9.337921E-1	+7.923116E-2
+7.252115E+9	+9.338278E-1	+7.886114E-2
+7.252130E+9	+9.340310E-1	+7.844865E-2
+7.252145E+9	+9.346045E-1	+7.756712E-2
+7.252160E+9	+9.338228E-1	+7.735391E-2
+7.252175E+9	+9.332921E-1	+7.805848E-2
+7.252190E+9	+9.336010E-1	+7.689833E-2
+7.252205E+9	+9.341666E-1	+7.727808E-2
+7.252220E+9	+9.341274E-1	+7.657044E-2
+7.252235E+9	+9.346804E-1	+7.643927E-2
+7.252250E+9	+9.355716E-1	+7.792146E-2
+7.252265E+9	+9.351241E-1	+7.766027E-2
+7.252280E+9	+9.349618E-1	+7.754362E-2
+7.252295E+9	+9.344454E-1	+7.673510E-2
+7.252310E+9	+9.345579E-1	+7.633285E-2
+7.252325E+9	+9.341009E-1	+7.595298E-2
+7.252340E+9	+9.341682E-1	+7.602191E-2
+7.252355E+9	+9.340650E-1	+7.556762E-2
+7.252370E+9	+9.341376E-1	+7.525158E-2
+7.252385E+9	+9.341130E-1	+7.497537E-2
+7.252400E+9	+9.340159E-1	+7.477505E-2
+7.252415E+9	+9.346090E-1	+7.439556E-2
+7.252430E+9	+9.349580E-1	+7.441319E-2
+7.252445E+9	+9.345956E-1	+7.439021E-2
+7.252460E+9	+9.341027E-1	+7.448660E-2
+7.252475E+9	+9.338721E-1	+7.490603E-2
+7.252490E+9	+9.332884E-1	+7.468615E-2
+7.252505E+9	+9.347217E-1	+7.441055E-2
+7.252520E+9	+9.349554E-1	+7.444870E-2
+7.252535E+9	+9.345439E-1	+7.483955E-2
+7.252550E+9	+9.347938E-1	+7.446537E-2
+7.252565E+9	+9.352970E-1	+7.407117E-2
+7.252580E+9	+9.345922E-1	+7.324580E-2
+7.252595E+9	+9.339777E-1	+7.286361E-2
+7.252610E+9	+9.339811E-1	+7.295482E-2
+7.252625E+9	+9.339707E-1	+7.278608E-2
+7.252640E+9	+9.346048E-1	+7.318608E-2
+7.252655E+9	+9.351603E-1	+7.270467E-2
+7.252670E+9	+9.354781E-1	+7.216947E-2
+7.252685E+9	+9.349769E-1	+7.109684E-2
+7.252700E+9	+9.349071E-1	+7.253878E-2
+7.252715E+9	+9.348033E-1	+7.211040E-2
+7.252730E+9	+9.340364E-1	+7.208889E-2
+7.252745E+9	+9.343046E-1	+7.180396E-2
+7.252760E+9	+9.345843E-1	+7.121198E-2
+7.252775E+9	+9.345659E-1	+7.153091E-2
+7.252790E+9	+9.348614E-1	+7.072695E-2
+7.252805E+9	+9.349103E-1	+7.126550E-2
+7.252820E+9	+9.349419E-1	+7.092125E-2
+7.252835E+9	+9.348774E-1	+7.053871E-2
+7.252850E+9	+9.343303E-1	+7.059257E-2
+7.252865E+9	+9.342460E-1	+7.049429E-2
+7.252880E+9	+9.351397E-1	+6.929975E-2
+7.252895E+9	+9.357494E-1	+6.921386E-2
+7.252910E+9	+9.349538E-1	+6.978863E-2
+7.252925E+9	+9.347079E-1	+6.903057E-2
+7.252940E+9	+9.349690E-1	+6.886597E-2
+7.252955E+9	+9.350502E-1	+6.844379E-2
+7.252970E+9	+9.345438E-1	+6.874022E-2
+7.252985E+9	+9.345614E-1	+6.814386E-2
+7.253000E+9	+9.358721E-1	+6.785989E-2
+7.253015E+9	+9.347308E-1	+6.814648E-2
+7.253030E+9	+9.349281E-1	+6.827644E-2
+7.253045E+9	+9.353616E-1	+6.802115E-2
+7.253060E+9	+9.352162E-1	+6.755990E-2
+7.253075E+9	+9.351190E-1	+6.716663E-2
+7.253090E+9	+9.347057E-1	+6.712385E-2
+7.253105E+9	+9.340761E-1	+6.699683E-2
+7.253120E+9	+9.331503E-1	+6.694772E-2
+7.253135E+9	+9.340174E-1	+6.734117E-2
+7.253150E+9	+9.344566E-1	+6.682113E-2
+7.253165E+9	+9.343590E-1	+6.696622E-2
+7.253180E+9	+9.350679E-1	+6.755739E-2
+7.253195E+9	+9.353949E-1	+6.722664E-2
+7.253210E+9	+9.350248E-1	+6.592833E-2
+7.253225E+9	+9.361031E-1	+6.576823E-2
+7.253240E+9	+9.358339E-1	+6.517632E-2
+7.253255E+9	+9.352426E-1	+6.554166E-2
+7.253270E+9	+9.346413E-1	+6.663594E-2
+7.253285E+9	+9.349411E-1	+6.685181E-2
+7.253300E+9	+9.356976E-1	+6.582308E-2
+7.253315E+9	+9.351986E-1	+6.504477E-2
+7.253330E+9	+9.347467E-1	+6.502510E-2
+7.253345E+9	+9.346314E-1	+6.569815E-2
+7.253360E+9	+9.352449E-1	+6.434546E-2
+7.253375E+9	+9.354727E-1	+6.318276E-2
+7.253390E+9	+9.351455E-1	+6.355826E-2
+7.253405E+9	+9.352137E-1	+6.390982E-2
+7.253420E+9	+9.354907E-1	+6.352570E-2
+7.253435E+9	+9.354973E-1	+6.358075E-2
+7.253450E+9	+9.355130E-1	+6.326904E-2
+7.253465E+9	+9.346936E-1	+6.314257E-2
+7.253480E+9	+9.338726E-1	+6.327683E-2
+7.253495E+9	+9.343318E-1	+6.308177E-2
+7.253510E+9	+9.353937E-1	+6.317510E-2
+7.253525E+9	+9.351792E-1	+6.243354E-2
+7.253540E+9	+9.354349E-1	+6.268987E-2
+7.253555E+9	+9.347135E-1	+6.293673E-2
+7.253570E+9	+9.339859E-1	+6.295380E-2
+7.253585E+9	+9.348257E-1	+6.270675E-2
+7.253600E+9	+9.356110E-1	+6.226441E-2
+7.253615E+9	+9.358994E-1	+6.153661E-2
+7.253630E+9	+9.360859E-1	+6.137989E-2
+7.253645E+9	+9.360079E-1	+6.194850E-2
+7.253660E+9	+9.352533E-1	+6.172136E-2
+7.253675E+9	+9.346638E-1	+6.087909E-2
+7.253690E+9	+9.345388E-1	+6.084617E-2
+7.253705E+9	+9.346319E-1	+6.054208E-2
+7.253720E+9	+9.345253E-1	+5.980764E-2
+7.253735E+9	+9.351724E-1	+5.975208E-2
+7.253750E+9	+9.353295E-1	+6.058531E-2
+7.253765E+9	+9.351620E-1	+6.026762E-2
+7.253780E+9	+9.352172E-1	+5.986409E-2
+7.253795E+9	+9.352125E-1	+5.899381E-2
+7.253810E+9	+9.356596E-1	+5.928272E-2
+7.253825E+9	+9.359309E-1	+6.067410E-2
+7.253840E+9	+9.356056E-1	+6.005268E-2
+7.253855E+9	+9.362253E-1	+6.003548E-2
+7.253870E+9	+9.362806E-1	+5.964303E-2
+7.253885E+9	+9.363636E-1	+5.914087E-2
+7.253900E+9	+9.359711E-1	+5.949857E-2
+7.253915E+9	+9.358572E-1	+5.889272E-2
+7.253930E+9	+9.357695E-1	+5.813209E-2
+7.253945E+9	+9.353904E-1	+5.754055E-2
+7.253960E+9	+9.356500E-1	+5.724190E-2
+7.253975E+9	+9.358614E-1	+5.753469E-2
+7.253990E+9	+9.359977E-1	+5.790072E-2
+7.254005E+9	+9.356939E-1	+5.809392E-2
+7.254020E+9	+9.351448E-1	+5.815948E-2
+7.254035E+9	+9.350895E-1	+5.770265E-2
+7.254050E+9	+9.356023E-1	+5.710662E-2
+7.254065E+9	+9.357490E-1	+5.659898E-2
+7.254080E+9	+9.356196E-1	+5.645522E-2
+7.254095E+9	+9.355116E-1	+5.617056E-2
+7.254110E+9	+9.354724E-1	+5.629825E-2
+7.254125E+9	+9.347867E-1	+5.619127E-2
+7.254140E+9	+9.354932E-1	+5.601320E-2
+7.254155E+9	+9.356604E-1	+5.607288E-2
+7.254170E+9	+9.356412E-1	+5.523498E-2
+7.254185E+9	+9.361872E-1	+5.489965E-2
+7.254200E+9	+9.363714E-1	+5.533769E-2
+7.254215E+9	+9.355720E-1	+5.476034E-2
+7.254230E+9	+9.351898E-1	+5.466874E-2
+7.254245E+9	+9.355448E-1	+5.538252E-2
+7.254260E+9	+9.357065E-1	+5.532569E-2
+7.254275E+9	+9.346828E-1	+5.402410E-2
+7.254290E+9	+9.353994E-1	+5.414679E-2
+7.254305E+9	+9.355837E-1	+5.461179E-2
+7.254320E+9	+9.357305E-1	+5.481769E-2
+7.254335E+9	+9.358270E-1	+5.408981E-2
+7.254350E+9	+9.355520E-1	+5.340189E-2
+7.254365E+9	+9.359499E-1	+5.334127E-2
+7.254380E+9	+9.360268E-1	+5.323894E-2
+7.254395E+9	+9.352746E-1	+5.322956E-2
+7.254410E+9	+9.354078E-1	+5.318396E-2
+7.254425E+9	+9.357494E-1	+5.235314E-2
+7.254440E+9	+9.356603E-1	+5.234038E-2
+7.254455E+9	+9.356192E-1	+5.221703E-2
+7.254470E+9	+9.354288E-1	+5.218749E-2
+7.254485E+9	+9.359090E-1	+5.215990E-2
+7.254500E+9	+9.359809E-1	+5.134200E-2
+7.254515E+9	+9.354426E-1	+5.115592E-2
+7.254530E+9	+9.356966E-1	+5.182042E-2
+7.254545E+9	+9.362560E-1	+5.115792E-2
+7.254560E+9	+9.359732E-1	+5.082215E-2
+7.254575E+9	+9.359142E-1	+5.141796E-2
+7.254590E+9	+9.362539E-1	+5.109805E-2
+7.254605E+9	+9.361717E-1	+5.116716E-2
+7.254620E+9	+9.353905E-1	+5.098469E-2
+7.254635E+9	+9.356298E-1	+5.090047E-2
+7.254650E+9	+9.360941E-1	+5.066915E-2
+7.254665E+9	+9.363809E-1	+4.990433E-2
+7.254680E+9	+9.364238E-1	+4.915963E-2
+7.254695E+9	+9.362817E-1	+4.859291E-2
+7.254710E+9	+9.358869E-1	+4.864735E-2
+7.254725E+9	+9.358426E-1	+4.892695E-2
+7.254740E+9	+9.357107E-1	+4.899055E-2
+7.254755E+9	+9.355189E-1	+4.879368E-2
+7.254770E+9	+9.355178E-1	+4.879496E-2
+7.254785E+9	+9.348612E-1	+4.865450E-2
+7.254800E+9	+9.357312E-1	+4.871507E-2
+7.254815E+9	+9.361531E-1	+4.840860E-2
+7.254830E+9	+9.355633E-1	+4.740512E-2
+7.254845E+9	+9.346310E-1	+4.721287E-2
+7.254860E+9	+9.352749E-1	+4.770786E-2
+7.254875E+9	+9.369009E-1	+4.788532E-2
+7.254890E+9	+9.368012E-1	+4.769917E-2
+7.254905E+9	+9.359689E-1	+4.703930E-2
+7.254920E+9	+9.360226E-1	+4.631441E-2
+7.254935E+9	+9.360614E-1	+4.683646E-2
+7.254950E+9	+9.356064E-1	+4.614034E-2
+7.254965E+9	+9.354870E-1	+4.656582E-2
+7.254980E+9	+9.359852E-1	+4.651952E-2
+7.254995E+9	+9.360619E-1	+4.653153E-2
+7.255010E+9	+9.364055E-1	+4.606632E-2
+7.255025E+9	+9.357895E-1	+4.574257E-2
+7.255040E+9	+9.352901E-1	+4.559241E-2
+7.255055E+9	+9.352712E-1	+4.527059E-2
+7.255070E+9	+9.355788E-1	+4.573226E-2
+7.255085E+9	+9.353971E-1	+4.543273E-2
+7.255100E+9	+9.354173E-1	+4.508283E-2
+7.255115E+9	+9.360198E-1	+4.452018E-2
+7.255130E+9	+9.365475E-1	+4.430793E-2
+7.255145E+9	+9.372168E-1	+4.474556E-2
+7.255160E+9	+9.364376E-1	+4.480374E-2
+7.255175E+9	+9.351614E-1	+4.391057E-2
+7.255190E+9	+9.366797E-1	+4.395531E-2
+7.255205E+9	+9.372180E-1	+4.396490E-2
+7.255220E+9	+9.373551E-1	+4.358143E-2
+7.255235E+9	+9.363409E-1	+4.392765E-2
+7.255250E+9	+9.362001E-1	+4.434286E-2
+7.255265E+9	+9.357820E-1	+4.410681E-2
+7.255280E+9	+9.354396E-1	+4.316118E-2
+7.255295E+9	+9.360742E-1	+4.288846E-2
+7.255310E+9	+9.356752E-1	+4.293706E-2
+7.255325E+9	+9.357778E-1	+4.341333E-2
+7.255340E+9	+9.358436E-1	+4.337426E-2
+7.255355E+9	+9.362488E-1	+4.190888E-2
+7.255370E+9	+9.360330E-1	+4.154917E-2
+7.255385E+9	+9.356990E-1	+4.148814E-2
+7.255400E+9	+9.361243E-1	+4.178103E-2
+7.255415E+9	+9.359641E-1	+4.100317E-2
+7.255430E+9	+9.361173E-1	+4.063933E-2
+7.255445E+9	+9.364159E-1	+4.104064E-2
+7.255460E+9	+9.365528E-1	+4.052256E-2
+7.255475E+9	+9.358077E-1	+4.153868E-2
+7.255490E+9	+9.359049E-1	+4.083641E-2
+7.255505E+9	+9.360793E-1	+4.007942E-2
+7.255520E+9	+9.368075E-1	+4.028188E-2
+7.255535E+9	+9.371927E-1	+4.033619E-2
+7.255550E+9	+9.367006E-1	+4.063202E-2
+7.255565E+9	+9.370342E-1	+4.060794E-2
+7.255580E+9	+9.367450E-1	+4.004575E-2
+7.255595E+9	+9.359859E-1	+3.973103E-2
+7.255610E+9	+9.358077E-1	+3.940797E-2
+7.255625E+9	+9.357111E-1	+3.898432E-2
+7.255640E+9	+9.363764E-1	+3.848184E-2
+7.255655E+9	+9.367638E-1	+3.799972E-2
+7.255670E+9	+9.369764E-1	+3.787834E-2
+7.255685E+9	+9.366202E-1	+3.768148E-2
+7.255700E+9	+9.365371E-1	+3.764046E-2
+7.255715E+9	+9.369035E-1	+3.810469E-2
+7.255730E+9	+9.362950E-1	+3.826336E-2
+7.255745E+9	+9.358137E-1	+3.733562E-2
+7.255760E+9	+9.362937E-1	+3.708977E-2
+7.255775E+9	+9.370230E-1	+3.730566E-2
+7.255790E+9	+9.361937E-1	+3.706876E-2
+7.255805E+9	+9.358101E-1	+3.666365E-2
+7.255820E+9	+9.353275E-1	+3.650793E-2
+7.255835E+9	+9.354068E-1	+3.648811E-2
+7.255850E+9	+9.359387E-1	+3.728571E-2
+7.255865E+9	+9.353249E-1	+3.671889E-2
+7.255880E+9	+9.351187E-1	+3.652056E-2
+7.255895E+9	+9.352310E-1	+3.616912E-2
+7.255910E+9	+9.365812E-1	+3.552229E-2
+7.255925E+9	+9.358029E-1	+3.507365E-2
+7.255940E+9	+9.362694E-1	+3.561262E-2
+7.255955E+9	+9.362192E-1	+3.582291E-2
+7.255970E+9	+9.358381E-1	+3.532035E-2
+7.255985E+9	+9.361822E-1	+3.483790E-2
+7.256000E+9	+9.364096E-1	+3.519598E-2
+7.256015E+9	+9.362388E-1	+3.510984E-2
+7.256030E+9	+9.360528E-1	+3.412655E-2
+7.256045E+9	+9.364042E-1	+3.405543E-2
+7.256060E+9	+9.367799E-1	+3.442866E-2
+7.256075E+9	+9.366095E-1	+3.405956E-2
+7.256090E+9	+9.366763E-1	+3.424361E-2
+7.256105E+9	+9.364727E-1	+3.400491E-2
+7.256120E+9	+9.364224E-1	+3.381941E-2
+7.256135E+9	+9.360662E-1	+3.376525E-2
+7.256150E+9	+9.361908E-1	+3.341340E-2
+7.256165E+9	+9.366136E-1	+3.359073E-2
+7.256180E+9	+9.368570E-1	+3.333427E-2
+7.256195E+9	+9.368116E-1	+3.303981E-2
+7.256210E+9	+9.363517E-1	+3.277984E-2
+7.256225E+9	+9.361806E-1	+3.238738E-2
+7.256240E+9	+9.358993E-1	+3.195411E-2
+7.256255E+9	+9.358943E-1	+3.152918E-2
+7.256270E+9	+9.364930E-1	+3.077605E-2
+7.256285E+9	+9.370002E-1	+3.217541E-2
+7.256300E+9	+9.364720E-1	+3.170423E-2
+7.256315E+9	+9.364889E-1	+3.163149E-2
+7.256330E+9	+9.361220E-1	+3.098556E-2
+7.256345E+9	+9.359018E-1	+3.057670E-2
+7.256360E+9	+9.358959E-1	+3.060514E-2
+7.256375E+9	+9.367953E-1	+3.066807E-2
+7.256390E+9	+9.365246E-1	+3.087394E-2
+7.256405E+9	+9.365183E-1	+3.124592E-2
+7.256420E+9	+9.366848E-1	+3.057854E-2
+7.256435E+9	+9.366875E-1	+3.055234E-2
+7.256450E+9	+9.371145E-1	+3.067983E-2
+7.256465E+9	+9.360898E-1	+2.978393E-2
+7.256480E+9	+9.359244E-1	+2.939971E-2
+7.256495E+9	+9.360887E-1	+3.003683E-2
+7.256510E+9	+9.367011E-1	+3.011813E-2
+7.256525E+9	+9.373819E-1	+2.922872E-2
+7.256540E+9	+9.370928E-1	+2.836792E-2
+7.256555E+9	+9.366458E-1	+2.838617E-2
+7.256570E+9	+9.370987E-1	+2.795515E-2
+7.256585E+9	+9.368492E-1	+2.866570E-2
+7.256600E+9	+9.365282E-1	+2.849909E-2
+7.256615E+9	+9.361672E-1	+2.855495E-2
+7.256630E+9	+9.359428E-1	+2.819088E-2
+7.256645E+9	+9.362688E-1	+2.802481E-2
+7.256660E+9	+9.363884E-1	+2.769441E-2
+7.256675E+9	+9.367465E-1	+2.666730E-2
+7.256690E+9	+9.370045E-1	+2.679919E-2
+7.256705E+9	+9.368916E-1	+2.724592E-2
+7.256720E+9	+9.368857E-1	+2.753074E-2
+7.256735E+9	+9.364964E-1	+2.733690E-2
+7.256750E+9	+9.362888E-1	+2.636138E-2
+7.256765E+9	+9.361969E-1	+2.600753E-2
+7.256780E+9	+9.364957E-1	+2.587108E-2
+7.256795E+9	+9.368148E-1	+2.623162E-2
+7.256810E+9	+9.363471E-1	+2.645097E-2
+7.256825E+9	+9.361222E-1	+2.599000E-2
+7.256840E+9	+9.358594E-1	+2.537184E-2
+7.256855E+9	+9.359163E-1	+2.535973E-2
+7.256870E+9	+9.367228E-1	+2.515087E-2
+7.256885E+9	+9.365912E-1	+2.519898E-2
+7.256900E+9	+9.363608E-1	+2.516826E-2
+7.256915E+9	+9.362503E-1	+2.502732E-2
+7.256930E+9	+9.366234E-1	+2.417723E-2
+7.256945E+9	+9.367334E-1	+2.373820E-2
+7.256960E+9	+9.366900E-1	+2.372095E-2
+7.256975E+9	+9.365405E-1	+2.427515E-2
+7.256990E+9	+9.366140E-1	+2.374941E-2
+7.257005E+9	+9.370107E-1	+2.376643E-2
+7.257020E+9	+9.373429E-1	+2.372237E-2
+7.257035E+9	+9.370237E-1	+2.341099E-2
+7.257050E+9	+9.366884E-1	+2.296657E-2
+7.257065E+9	+9.366010E-1	+2.269733E-2
+7.257080E+9	+9.359780E-1	+2.269712E-2
+7.257095E+9	+9.352347E-1	+2.231144E-2
+7.257110E+9	+9.353722E-1	+2.307609E-2
+7.257125E+9	+9.363655E-1	+2.281843E-2
+7.257140E+9	+9.365214E-1	+2.252596E-2
+7.257155E+9	+9.366887E-1	+2.234680E-2
+7.257170E+9	+9.366783E-1	+2.198878E-2
+7.257185E+9	+9.363452E-1	+2.090035E-2
+7.257200E+9	+9.361637E-1	+2.178230E-2
+7.257215E+9	+9.364566E-1	+2.198838E-2
+7.257230E+9	+9.365974E-1	+2.168490E-2
+7.257245E+9	+9.364383E-1	+2.136582E-2
+7.257260E+9	+9.362368E-1	+2.015404E-2
+7.257275E+9	+9.363663E-1	+2.072778E-2
+7.257290E+9	+9.368248E-1	+2.052904E-2
+7.257305E+9	+9.364899E-1	+2.040827E-2
+7.257320E+9	+9.357841E-1	+2.027694E-2
+7.257335E+9	+9.359985E-1	+2.015464E-2
+7.257350E+9	+9.361942E-1	+1.988336E-2
+7.257365E+9	+9.361935E-1	+1.960708E-2
+7.257380E+9	+9.363706E-1	+1.951501E-2
+7.257395E+9	+9.369277E-1	+1.965912E-2
+7.257410E+9	+9.372812E-1	+1.942388E-2
+7.257425E+9	+9.365216E-1	+1.874090E-2
+7.257440E+9	+9.369462E-1	+1.871548E-2
+7.257455E+9	+9.369194E-1	+1.892398E-2
+7.257470E+9	+9.363419E-1	+1.858134E-2
+7.257485E+9	+9.361437E-1	+1.843675E-2
+7.257500E+9	+9.358201E-1	+1.802328E-2
+7.257515E+9	+9.370765E-1	+1.783622E-2
+7.257530E+9	+9.370448E-1	+1.831873E-2
+7.257545E+9	+9.365128E-1	+1.762194E-2
+7.257560E+9	+9.364277E-1	+1.706402E-2
+7.257575E+9	+9.362810E-1	+1.640031E-2
+7.257590E+9	+9.358909E-1	+1.624368E-2
+7.257605E+9	+9.360160E-1	+1.783063E-2
+7.257620E+9	+9.359721E-1	+1.761730E-2
+7.257635E+9	+9.370081E-1	+1.638408E-2
+7.257650E+9	+9.367843E-1	+1.614767E-2
+7.257665E+9	+9.367679E-1	+1.625131E-2
+7.257680E+9	+9.362792E-1	+1.635250E-2
+7.257695E+9	+9.360138E-1	+1.601493E-2
+7.257710E+9	+9.359815E-1	+1.492808E-2
+7.257725E+9	+9.366698E-1	+1.504131E-2
+7.257740E+9	+9.367032E-1	+1.488661E-2
+7.257755E+9	+9.365211E-1	+1.493724E-2
+7.257770E+9	+9.366207E-1	+1.499631E-2
+7.257785E+9	+9.368999E-1	+1.477582E-2
+7.257800E+9	+9.368132E-1	+1.433779E-2
+7.257815E+9	+9.368609E-1	+1.462897E-2
+7.257830E+9	+9.367024E-1	+1.487136E-2
+7.257845E+9	+9.368167E-1	+1.405266E-2
+7.257860E+9	+9.366373E-1	+1.434274E-2
+7.257875E+9	+9.371746E-1	+1.384103E-2
+7.257890E+9	+9.366379E-1	+1.358087E-2
+7.257905E+9	+9.364227E-1	+1.362461E-2
+7.257920E+9	+9.364387E-1	+1.385948E-2
+7.257935E+9	+9.358694E-1	+1.324960E-2
+7.257950E+9	+9.356601E-1	+1.308094E-2
+7.257965E+9	+9.360683E-1	+1.251148E-2
+7.257980E+9	+9.362136E-1	+1.243074E-2
+7.257995E+9	+9.362158E-1	+1.306033E-2
+7.258010E+9	+9.369541E-1	+1.303065E-2
+7.258025E+9	+9.372180E-1	+1.290560E-2
+7.258040E+9	+9.367532E-1	+1.238736E-2
+7.258055E+9	+9.364557E-1	+1.224570E-2
+7.258070E+9	+9.362664E-1	+1.217330E-2
+7.258085E+9	+9.363568E-1	+1.228300E-2
+7.258100E+9	+9.359103E-1	+1.147300E-2
+7.258115E+9	+9.360910E-1	+1.108125E-2
+7.258130E+9	+9.359987E-1	+1.083514E-2
+7.258145E+9	+9.358943E-1	+1.032679E-2
+7.258160E+9	+9.369074E-1	+1.107423E-2
+7.258175E+9	+9.366358E-1	+1.007940E-2
+7.258190E+9	+9.369991E-1	+1.053594E-2
+7.258205E+9	+9.363780E-1	+1.090696E-2
+7.258220E+9	+9.358553E-1	+1.054743E-2
+7.258235E+9	+9.364134E-1	+9.739731E-3
+7.258250E+9	+9.367816E-1	+9.846291E-3
+7.258265E+9	+9.367569E-1	+9.553191E-3
+7.258280E+9	+9.367264E-1	+9.379370E-3
+7.258295E+9	+9.365968E-1	+9.169509E-3
+7.258310E+9	+9.367491E-1	+9.090098E-3
+7.258325E+9	+9.368178E-1	+8.728114E-3
+7.258340E+9	+9.369208E-1	+8.221426E-3
+7.258355E+9	+9.369639E-1	+8.246056E-3
+7.258370E+9	+9.366296E-1	+8.368187E-3
+7.258385E+9	+9.366083E-1	+8.241617E-3
+7.258400E+9	+9.368413E-1	+8.115943E-3
+7.258415E+9	+9.366047E-1	+7.558848E-3
+7.258430E+9	+9.362945E-1	+7.450647E-3
+7.258445E+9	+9.363027E-1	+7.173103E-3
+7.258460E+9	+9.367836E-1	+7.190392E-3
+7.258475E+9	+9.372007E-1	+7.269348E-3
+7.258490E+9	+9.366396E-1	+6.859634E-3
+7.258505E+9	+9.365710E-1	+6.808459E-3
+7.258520E+9	+9.366687E-1	+6.612333E-3
+7.258535E+9	+9.367735E-1	+6.571323E-3
+7.258550E+9	+9.368721E-1	+6.457061E-3
+7.258565E+9	+9.364827E-1	+6.132876E-3
+7.258580E+9	+9.364228E-1	+5.952710E-3
+7.258595E+9	+9.364811E-1	+6.040523E-3
+7.258610E+9	+9.368271E-1	+5.973918E-3
+7.258625E+9	+9.361837E-1	+5.194437E-3
+7.258640E+9	+9.360871E-1	+4.982574E-3
+7.258655E+9	+9.368584E-1	+4.784177E-3
+7.258670E+9	+9.367656E-1	+4.558687E-3
+7.258685E+9	+9.367951E-1	+4.460948E-3
+7.258700E+9	+9.366964E-1	+4.690383E-3
+7.258715E+9	+9.362059E-1	+4.659275E-3
+7.258730E+9	+9.362798E-1	+4.696621E-3
+7.258745E+9	+9.365314E-1	+4.394168E-3
+7.258760E+9	+9.367406E-1	+4.016373E-3
+7.258775E+9	+9.370747E-1	+4.128381E-3
+7.258790E+9	+9.365446E-1	+4.126556E-3
+7.258805E+9	+9.361502E-1	+3.469490E-3
+7.258820E+9	+9.365320E-1	+2.873903E-3
+7.258835E+9	+9.365672E-1	+2.362289E-3
+7.258850E+9	+9.356849E-1	+2.575747E-3
+7.258865E+9	+9.366651E-1	+2.613112E-3
+7.258880E+9	+9.371199E-1	+2.702793E-3
+7.258895E+9	+9.364574E-1	+2.378979E-3
+7.258910E+9	+9.367673E-1	+2.181031E-3
+7.258925E+9	+9.367404E-1	+2.415382E-3
+7.258940E+9	+9.364122E-1	+1.898287E-3
+7.258955E+9	+9.363527E-1	+1.597461E-3
+7.258970E+9	+9.362522E-1	+1.679703E-3
+7.258985E+9	+9.359824E-1	+1.387363E-3
+7.259000E+9	+9.360665E-1	+9.112154E-4
+7.259015E+9	+9.361943E-1	+1.333329E-3
+7.259030E+9	+9.369441E-1	+9.404583E-4
+7.259045E+9	+9.372253E-1	+7.446724E-4
+7.259060E+9	+9.371492E-1	+5.272521E-4
+7.259075E+9	+9.365555E-1	+3.277252E-4
+7.259090E+9	+9.365171E-1	+2.694458E-4
+7.259105E+9	+9.363938E-1	+1.011027E-4
+7.259120E+9	+9.363002E-1	-3.039032E-4
+7.259135E+9	+9.360829E-1	-6.044634E-4
+7.259150E+9	+9.354074E-1	-4.935462E-4
+7.259165E+9	+9.355177E-1	-4.198978E-4
+7.259180E+9	+9.364467E-1	-9.159385E-4
+7.259195E+9	+9.362367E-1	-6.574882E-4
+7.259210E+9	+9.360770E-1	-6.193103E-4
+7.259225E+9	+9.362159E-1	-7.899018E-4
+7.259240E+9	+9.368741E-1	-1.354377E-3
+7.259255E+9	+9.370563E-1	-2.202300E-3
+7.259270E+9	+9.365847E-1	-2.428516E-3
+7.259285E+9	+9.364711E-1	-2.272796E-3
+7.259300E+9	+9.358960E-1	-2.006690E-3
+7.259315E+9	+9.360707E-1	-2.303141E-3
+7.259330E+9	+9.364330E-1	-2.360200E-3
+7.259345E+9	+9.363398E-1	-2.582193E-3
+7.259360E+9	+9.362380E-1	-2.473826E-3
+7.259375E+9	+9.362527E-1	-2.938662E-3
+7.259390E+9	+9.365049E-1	-3.182051E-3
+7.259405E+9	+9.368894E-1	-3.241300E-3
+7.259420E+9	+9.367422E-1	-3.280658E-3
+7.259435E+9	+9.368520E-1	-3.386079E-3
+7.259450E+9	+9.367670E-1	-3.370891E-3
+7.259465E+9	+9.367576E-1	-4.085888E-3
+7.259480E+9	+9.365662E-1	-4.439765E-3
+7.259495E+9	+9.364583E-1	-4.367505E-3
+7.259510E+9	+9.365609E-1	-4.559157E-3
+7.259525E+9	+9.367969E-1	-4.707926E-3
+7.259540E+9	+9.365869E-1	-5.111942E-3
+7.259555E+9	+9.358598E-1	-5.494828E-3
+7.259570E+9	+9.359908E-1	-5.427061E-3
+7.259585E+9	+9.364341E-1	-5.180294E-3
+7.259600E+9	+9.367313E-1	-4.884831E-3
+7.259615E+9	+9.367134E-1	-5.565345E-3
+7.259630E+9	+9.368348E-1	-6.055149E-3
+7.259645E+9	+9.368863E-1	-6.330834E-3
+7.259660E+9	+9.373222E-1	-6.353308E-3
+7.259675E+9	+9.365514E-1	-6.267999E-3
+7.259690E+9	+9.367698E-1	-6.349967E-3
+7.259705E+9	+9.369835E-1	-7.176490E-3
+7.259720E+9	+9.367578E-1	-7.012974E-3
+7.259735E+9	+9.360729E-1	-7.220028E-3
+7.259750E+9	+9.361804E-1	-8.295877E-3
+7.259765E+9	+9.361489E-1	-7.885831E-3
+7.259780E+9	+9.366661E-1	-7.410157E-3
+7.259795E+9	+9.361547E-1	-7.811150E-3
+7.259810E+9	+9.360746E-1	-8.010127E-3
+7.259825E+9	+9.370286E-1	-8.469165E-3
+7.259840E+9	+9.370587E-1	-8.018048E-3
+7.259855E+9	+9.367786E-1	-8.063941E-3
+7.259870E+9	+9.363463E-1	-8.315181E-3
+7.259885E+9	+9.363880E-1	-8.253898E-3
+7.259900E+9	+9.368179E-1	-8.147466E-3
+7.259915E+9	+9.367095E-1	-8.946801E-3
+7.259930E+9	+9.359130E-1	-9.422784E-3
+7.259945E+9	+9.357006E-1	-9.361351E-3
+7.259960E+9	+9.363730E-1	-9.588251E-3
+7.259975E+9	+9.363125E-1	-9.737959E-3
+7.259990E+9	+9.365341E-1	-1.040108E-2
+7.260005E+9	+9.366303E-1	-1.055341E-2
+7.260020E+9	+9.365899E-1	-1.016692E-2
+7.260035E+9	+9.365281E-1	-1.041360E-2
+7.260050E+9	+9.362575E-1	-1.059424E-2
+7.260065E+9	+9.363056E-1	-1.052921E-2
+7.260080E+9	+9.363842E-1	-1.047462E-2
+7.260095E+9	+9.362539E-1	-1.037620E-2
+7.260110E+9	+9.360117E-1	-1.196553E-2
+7.260125E+9	+9.358004E-1	-1.199757E-2
+7.260140E+9	+9.362863E-1	-1.220471E-2
+7.260155E+9	+9.366567E-1	-1.215264E-2
+7.260170E+9	+9.365756E-1	-1.232599E-2
+7.260185E+9	+9.360549E-1	-1.162660E-2
+7.260200E+9	+9.358865E-1	-1.174758E-2
+7.260215E+9	+9.361072E-1	-1.214346E-2
+7.260230E+9	+9.361839E-1	-1.253349E-2
+7.260245E+9	+9.360812E-1	-1.297709E-2
+7.260260E+9	+9.357237E-1	-1.345397E-2
+7.260275E+9	+9.355595E-1	-1.333410E-2
+7.260290E+9	+9.356628E-1	-1.343469E-2
+7.260305E+9	+9.358414E-1	-1.334449E-2
+7.260320E+9	+9.359284E-1	-1.285088E-2
+7.260335E+9	+9.359421E-1	-1.341777E-2
+7.260350E+9	+9.355343E-1	-1.339759E-2
+7.260365E+9	+9.358563E-1	-1.361175E-2
+7.260380E+9	+9.361763E-1	-1.427657E-2
+7.260395E+9	+9.358972E-1	-1.457205E-2
+7.260410E+9	+9.359386E-1	-1.468929E-2
+7.260425E+9	+9.361339E-1	-1.523035E-2
+7.260440E+9	+9.360597E-1	-1.522767E-2
+7.260455E+9	+9.363039E-1	-1.541647E-2
+7.260470E+9	+9.364592E-1	-1.585213E-2
+7.260485E+9	+9.363046E-1	-1.606576E-2
+7.260500E+9	+9.360573E-1	-1.595490E-2
+7.260515E+9	+9.359489E-1	-1.593248E-2
+7.260530E+9	+9.366486E-1	-1.584060E-2
+7.260545E+9	+9.366308E-1	-1.624474E-2
+7.260560E+9	+9.361269E-1	-1.651460E-2
+7.260575E+9	+9.364821E-1	-1.645508E-2
+7.260590E+9	+9.361316E-1	-1.663480E-2
+7.260605E+9	+9.362701E-1	-1.696385E-2
+7.260620E+9	+9.364968E-1	-1.716914E-2
+7.260635E+9	+9.362558E-1	-1.757110E-2
+7.260650E+9	+9.357996E-1	-1.759271E-2
+7.260665E+9	+9.358710E-1	-1.760566E-2
+7.260680E+9	+9.358668E-1	-1.800131E-2
+7.260695E+9	+9.358499E-1	-1.835378E-2
+7.260710E+9	+9.360005E-1	-1.841776E-2
+7.260725E+9	+9.358084E-1	-1.804695E-2
+7.260740E+9	+9.357847E-1	-1.836073E-2
+7.260755E+9	+9.358347E-1	-1.850117E-2
+7.260770E+9	+9.362783E-1	-1.838452E-2
+7.260785E+9	+9.361867E-1	-1.871549E-2
+7.260800E+9	+9.360841E-1	-1.910667E-2
+7.260815E+9	+9.360410E-1	-1.897504E-2
+7.260830E+9	+9.361794E-1	-1.891912E-2
+7.260845E+9	+9.361868E-1	-1.906103E-2
+7.260860E+9	+9.360255E-1	-1.952888E-2
+7.260875E+9	+9.362794E-1	-1.954687E-2
+7.260890E+9	+9.363058E-1	-1.983134E-2
+7.260905E+9	+9.361159E-1	-2.004880E-2
+7.260920E+9	+9.360492E-1	-1.995055E-2
+7.260935E+9	+9.360099E-1	-2.039224E-2
+7.260950E+9	+9.359191E-1	-2.046119E-2
+7.260965E+9	+9.361087E-1	-2.092314E-2
+7.260980E+9	+9.365356E-1	-2.126139E-2
+7.260995E+9	+9.365579E-1	-2.127555E-2
+7.261010E+9	+9.360000E-1	-2.089670E-2
+7.261025E+9	+9.360272E-1	-2.105302E-2
+7.261040E+9	+9.359057E-1	-2.151185E-2
+7.261055E+9	+9.354784E-1	-2.204892E-2
+7.261070E+9	+9.355581E-1	-2.223775E-2
+7.261085E+9	+9.356201E-1	-2.192239E-2
+7.261100E+9	+9.355743E-1	-2.216315E-2
+7.261115E+9	+9.359326E-1	-2.240009E-2
+7.261130E+9	+9.360827E-1	-2.271817E-2
+7.261145E+9	+9.361475E-1	-2.309142E-2
+7.261160E+9	+9.365582E-1	-2.323823E-2
+7.261175E+9	+9.363702E-1	-2.307141E-2
+7.261190E+9	+9.359964E-1	-2.346806E-2
+7.261205E+9	+9.359066E-1	-2.378773E-2
+7.261220E+9	+9.361328E-1	-2.368723E-2
+7.261235E+9	+9.359153E-1	-2.405212E-2
+7.261250E+9	+9.357510E-1	-2.416599E-2
+7.261265E+9	+9.356620E-1	-2.434601E-2
+7.261280E+9	+9.357706E-1	-2.459392E-2
+7.261295E+9	+9.359150E-1	-2.452202E-2
+7.261310E+9	+9.360692E-1	-2.489077E-2
+7.261325E+9	+9.360351E-1	-2.548850E-2
+7.261340E+9	+9.358823E-1	-2.529908E-2
+7.261355E+9	+9.355495E-1	-2.518066E-2
+7.261370E+9	+9.357546E-1	-2.541508E-2
+7.261385E+9	+9.358061E-1	-2.562619E-2
+7.261400E+9	+9.363013E-1	-2.598553E-2
+7.261415E+9	+9.358734E-1	-2.614474E-2
+7.261430E+9	+9.356130E-1	-2.618684E-2
+7.261445E+9	+9.357280E-1	-2.623130E-2
+7.261460E+9	+9.356287E-1	-2.635300E-2
+7.261475E+9	+9.354622E-1	-2.650212E-2
+7.261490E+9	+9.353410E-1	-2.701532E-2
+7.261505E+9	+9.358189E-1	-2.643408E-2
+7.261520E+9	+9.357895E-1	-2.681435E-2
+7.261535E+9	+9.359463E-1	-2.711007E-2
+7.261550E+9	+9.366367E-1	-2.718435E-2
+7.261565E+9	+9.362874E-1	-2.775784E-2
+7.261580E+9	+9.358503E-1	-2.800253E-2
+7.261595E+9	+9.357819E-1	-2.770009E-2
+7.261610E+9	+9.359132E-1	-2.777525E-2
+7.261625E+9	+9.359384E-1	-2.808809E-2
+7.261640E+9	+9.358029E-1	-2.803302E-2
+7.261655E+9	+9.353051E-1	-2.824716E-2
+7.261670E+9	+9.349832E-1	-2.887021E-2
+7.261685E+9	+9.352860E-1	-2.925532E-2
+7.261700E+9	+9.355639E-1	-2.902142E-2
+7.261715E+9	+9.358175E-1	-2.928506E-2
+7.261730E+9	+9.358326E-1	-2.967366E-2
+7.261745E+9	+9.356077E-1	-2.972364E-2
+7.261760E+9	+9.354095E-1	-3.010326E-2
+7.261775E+9	+9.352113E-1	-3.074594E-2
+7.261790E+9	+9.352886E-1	-3.039169E-2
+7.261805E+9	+9.355453E-1	-3.053931E-2
+7.261820E+9	+9.358450E-1	-3.069115E-2
+7.261835E+9	+9.361477E-1	-3.066911E-2
+7.261850E+9	+9.356959E-1	-3.092960E-2
+7.261865E+9	+9.354385E-1	-3.109390E-2
+7.261880E+9	+9.352517E-1	-3.126517E-2
+7.261895E+9	+9.353473E-1	-3.122625E-2
+7.261910E+9	+9.360028E-1	-3.113048E-2
+7.261925E+9	+9.356554E-1	-3.217279E-2
+7.261940E+9	+9.356870E-1	-3.198401E-2
+7.261955E+9	+9.356731E-1	-3.194326E-2
+7.261970E+9	+9.356969E-1	-3.199089E-2
+7.261985E+9	+9.354231E-1	-3.299157E-2
+7.262000E+9	+9.347027E-1	-3.293047E-2
+7.262015E+9	+9.350330E-1	-3.279891E-2
+7.262030E+9	+9.355335E-1	-3.285839E-2
+7.262045E+9	+9.356121E-1	-3.315556E-2
+7.262060E+9	+9.358297E-1	-3.337721E-2
+7.262075E+9	+9.361622E-1	-3.364190E-2
+7.262090E+9	+9.358823E-1	-3.323858E-2
+7.262105E+9	+9.356904E-1	-3.323551E-2
+7.262120E+9	+9.354563E-1	-3.385062E-2
+7.262135E+9	+9.354472E-1	-3.428605E-2
+7.262150E+9	+9.355722E-1	-3.451763E-2
+7.262165E+9	+9.357070E-1	-3.437808E-2
+7.262180E+9	+9.357477E-1	-3.443875E-2
+7.262195E+9	+9.357559E-1	-3.515605E-2
+7.262210E+9	+9.355120E-1	-3.532818E-2
+7.262225E+9	+9.353485E-1	-3.497935E-2
+7.262240E+9	+9.353648E-1	-3.517864E-2
+7.262255E+9	+9.357675E-1	-3.552197E-2
+7.262270E+9	+9.357888E-1	-3.573200E-2
+7.262285E+9	+9.354074E-1	-3.594185E-2
+7.262300E+9	+9.351706E-1	-3.615789E-2
+7.262315E+9	+9.351718E-1	-3.664851E-2
+7.262330E+9	+9.350898E-1	-3.691843E-2
+7.262345E+9	+9.353215E-1	-3.689524E-2
+7.262360E+9	+9.354635E-1	-3.634566E-2
+7.262375E+9	+9.353574E-1	-3.668744E-2
+7.262390E+9	+9.352473E-1	-3.689117E-2
+7.262405E+9	+9.356507E-1	-3.723623E-2
+7.262420E+9	+9.356760E-1	-3.714123E-2
+7.262435E+9	+9.359648E-1	-3.741191E-2
+7.262450E+9	+9.361869E-1	-3.807656E-2
+7.262465E+9	+9.360408E-1	-3.813319E-2
+7.262480E+9	+9.347550E-1	-3.825098E-2
+7.262495E+9	+9.346501E-1	-3.818861E-2
+7.262510E+9	+9.348297E-1	-3.835013E-2
+7.262525E+9	+9.354568E-1	-3.801738E-2
+7.262540E+9	+9.354000E-1	-3.848484E-2
+7.262555E+9	+9.352263E-1	-3.892821E-2
+7.262570E+9	+9.349362E-1	-3.919702E-2
+7.262585E+9	+9.350779E-1	-3.910553E-2
+7.262600E+9	+9.352268E-1	-3.932798E-2
+7.262615E+9	+9.350249E-1	-3.942151E-2
+7.262630E+9	+9.347653E-1	-4.030352E-2
+7.262645E+9	+9.347183E-1	-4.040634E-2
+7.262660E+9	+9.354422E-1	-4.011004E-2
+7.262675E+9	+9.354462E-1	-4.018212E-2
+7.262690E+9	+9.356618E-1	-4.063177E-2
+7.262705E+9	+9.359261E-1	-4.071891E-2
+7.262720E+9	+9.358106E-1	-4.052684E-2
+7.262735E+9	+9.353275E-1	-4.060554E-2
+7.262750E+9	+9.352626E-1	-4.126827E-2
+7.262765E+9	+9.351450E-1	-4.169720E-2
+7.262780E+9	+9.354147E-1	-4.174076E-2
+7.262795E+9	+9.356394E-1	-4.168388E-2
+7.262810E+9	+9.352610E-1	-4.126636E-2
+7.262825E+9	+9.347016E-1	-4.213970E-2
+7.262840E+9	+9.347824E-1	-4.220174E-2
+7.262855E+9	+9.350824E-1	-4.212440E-2
+7.262870E+9	+9.349400E-1	-4.265820E-2
+7.262885E+9	+9.348360E-1	-4.284333E-2
+7.262900E+9	+9.348689E-1	-4.300105E-2
+7.262915E+9	+9.352607E-1	-4.294991E-2
+7.262930E+9	+9.350935E-1	-4.293952E-2
+7.262945E+9	+9.349028E-1	-4.310699E-2
+7.262960E+9	+9.348001E-1	-4.322777E-2
+7.262975E+9	+9.348999E-1	-4.384769E-2
+7.262990E+9	+9.351135E-1	-4.397552E-2
+7.263005E+9	+9.352136E-1	-4.387085E-2
+7.263020E+9	+9.352558E-1	-4.377744E-2
+7.263035E+9	+9.347708E-1	-4.389610E-2
+7.263050E+9	+9.348480E-1	-4.466323E-2
+7.263065E+9	+9.348860E-1	-4.502733E-2
+7.263080E+9	+9.348212E-1	-4.533747E-2
+7.263095E+9	+9.348572E-1	-4.546914E-2
+7.263110E+9	+9.351554E-1	-4.547822E-2
+7.263125E+9	+9.352455E-1	-4.506385E-2
+7.263140E+9	+9.351926E-1	-4.539203E-2
+7.263155E+9	+9.348519E-1	-4.574679E-2
+7.263170E+9	+9.345717E-1	-4.601426E-2
+7.263185E+9	+9.349257E-1	-4.621538E-2
+7.263200E+9	+9.351522E-1	-4.622735E-2
+7.263215E+9	+9.347384E-1	-4.633803E-2
+7.263230E+9	+9.347174E-1	-4.650240E-2
+7.263245E+9	+9.352204E-1	-4.679180E-2
+7.263260E+9	+9.351242E-1	-4.723948E-2
+7.263275E+9	+9.348172E-1	-4.747581E-2
+7.263290E+9	+9.343809E-1	-4.763819E-2
+7.263305E+9	+9.343690E-1	-4.757251E-2
+7.263320E+9	+9.349882E-1	-4.754281E-2
+7.263335E+9	+9.347634E-1	-4.772229E-2
+7.263350E+9	+9.345018E-1	-4.805059E-2
+7.263365E+9	+9.346059E-1	-4.820472E-2
+7.263380E+9	+9.348962E-1	-4.832907E-2
+7.263395E+9	+9.344282E-1	-4.852129E-2
+7.263410E+9	+9.345106E-1	-4.876002E-2
+7.263425E+9	+9.346358E-1	-4.931465E-2
+7.263440E+9	+9.348927E-1	-4.925960E-2
+7.263455E+9	+9.347816E-1	-4.919451E-2
+7.263470E+9	+9.346248E-1	-4.927734E-2
+7.263485E+9	+9.345791E-1	-4.936244E-2
+7.263500E+9	+9.342570E-1	-4.972142E-2
+7.263515E+9	+9.344454E-1	-4.969650E-2
+7.263530E+9	+9.348929E-1	-4.984650E-2
+7.263545E+9	+9.350431E-1	-5.041709E-2
+7.263560E+9	+9.348825E-1	-5.058475E-2
+7.263575E+9	+9.345938E-1	-5.040085E-2
+7.263590E+9	+9.343777E-1	-5.048167E-2
+7.263605E+9	+9.344209E-1	-5.067272E-2
+7.263620E+9	+9.348657E-1	-5.122475E-2
+7.263635E+9	+9.348870E-1	-5.137868E-2
+7.263650E+9	+9.346058E-1	-5.132252E-2
+7.263665E+9	+9.344208E-1	-5.124287E-2
+7.263680E+9	+9.342386E-1	-5.114069E-2
+7.263695E+9	+9.341379E-1	-5.163397E-2
+7.263710E+9	+9.341041E-1	-5.212316E-2
+7.263725E+9	+9.339863E-1	-5.218545E-2
+7.263740E+9	+9.341891E-1	-5.230971E-2
+7.263755E+9	+9.343078E-1	-5.246332E-2
+7.263770E+9	+9.345571E-1	-5.301758E-2
+7.263785E+9	+9.346277E-1	-5.328398E-2
+7.263800E+9	+9.341116E-1	-5.324446E-2
+7.263815E+9	+9.343455E-1	-5.346812E-2
+7.263830E+9	+9.345585E-1	-5.367727E-2
+7.263845E+9	+9.346058E-1	-5.369767E-2
+7.263860E+9	+9.341474E-1	-5.388882E-2
+7.263875E+9	+9.343174E-1	-5.423425E-2
+7.263890E+9	+9.344156E-1	-5.438550E-2
+7.263905E+9	+9.343180E-1	-5.447275E-2
+7.263920E+9	+9.339729E-1	-5.475415E-2
+7.263935E+9	+9.337449E-1	-5.459458E-2
+7.263950E+9	+9.337092E-1	-5.452417E-2
+7.263965E+9	+9.338046E-1	-5.479254E-2
+7.263980E+9	+9.342967E-1	-5.546327E-2
+7.263995E+9	+9.338390E-1	-5.547529E-2
+7.264010E+9	+9.338049E-1	-5.565360E-2
+7.264025E+9	+9.342800E-1	-5.559747E-2
+7.264040E+9	+9.342934E-1	-5.567583E-2
+7.264055E+9	+9.343476E-1	-5.569405E-2
+7.264070E+9	+9.343791E-1	-5.603474E-2
+7.264085E+9	+9.344222E-1	-5.623472E-2
+7.264100E+9	+9.343524E-1	-5.574015E-2
+7.264115E+9	+9.342077E-1	-5.624508E-2
+7.264130E+9	+9.338474E-1	-5.678264E-2
+7.264145E+9	+9.340853E-1	-5.673925E-2
+7.264160E+9	+9.343286E-1	-5.701239E-2
+7.264175E+9	+9.344947E-1	-5.729986E-2
+7.264190E+9	+9.343438E-1	-5.759931E-2
+7.264205E+9	+9.341551E-1	-5.765558E-2
+7.264220E+9	+9.340650E-1	-5.777265E-2
+7.264235E+9	+9.342228E-1	-5.792611E-2
+7.264250E+9	+9.336288E-1	-5.819372E-2
+7.264265E+9	+9.337188E-1	-5.860867E-2
+7.264280E+9	+9.340359E-1	-5.868319E-2
+7.264295E+9	+9.337318E-1	-5.862617E-2
+7.264310E+9	+9.339141E-1	-5.841965E-2
+7.264325E+9	+9.337236E-1	-5.863551E-2
+7.264340E+9	+9.334122E-1	-5.895574E-2
+7.264355E+9	+9.332034E-1	-5.915882E-2
+7.264370E+9	+9.330997E-1	-5.920677E-2
+7.264385E+9	+9.336030E-1	-5.974461E-2
+7.264400E+9	+9.335255E-1	-5.950935E-2
+7.264415E+9	+9.336059E-1	-5.971663E-2
+7.264430E+9	+9.338913E-1	-6.002431E-2
+7.264445E+9	+9.341075E-1	-6.000746E-2
+7.264460E+9	+9.340198E-1	-6.096802E-2
+7.264475E+9	+9.338223E-1	-6.075694E-2
+7.264490E+9	+9.335941E-1	-6.078173E-2
+7.264505E+9	+9.339520E-1	-6.110492E-2
+7.264520E+9	+9.339980E-1	-6.117902E-2
+7.264535E+9	+9.337910E-1	-6.115613E-2
+7.264550E+9	+9.339415E-1	-6.136029E-2
+7.264565E+9	+9.341145E-1	-6.173758E-2
+7.264580E+9	+9.340466E-1	-6.179284E-2
+7.264595E+9	+9.338160E-1	-6.162805E-2
+7.264610E+9	+9.340698E-1	-6.190410E-2
+7.264625E+9	+9.338383E-1	-6.255839E-2
+7.264640E+9	+9.336372E-1	-6.260607E-2
+7.264655E+9	+9.336409E-1	-6.262874E-2
+7.264670E+9	+9.335988E-1	-6.275596E-2
+7.264685E+9	+9.336577E-1	-6.308769E-2
+7.264700E+9	+9.335546E-1	-6.347711E-2
+7.264715E+9	+9.334859E-1	-6.354598E-2
+7.264730E+9	+9.334932E-1	-6.345869E-2
+7.264745E+9	+9.336523E-1	-6.345567E-2
+7.264760E+9	+9.339461E-1	-6.365007E-2
+7.264775E+9	+9.337154E-1	-6.441055E-2
+7.264790E+9	+9.336962E-1	-6.428098E-2
+7.264805E+9	+9.334899E-1	-6.405744E-2
+7.264820E+9	+9.335636E-1	-6.422983E-2
+7.264835E+9	+9.335772E-1	-6.459218E-2
+7.264850E+9	+9.335382E-1	-6.502888E-2
+7.264865E+9	+9.335067E-1	-6.524328E-2
+7.264880E+9	+9.335733E-1	-6.541814E-2
+7.264895E+9	+9.335790E-1	-6.573096E-2
+7.264910E+9	+9.337144E-1	-6.602953E-2
+7.264925E+9	+9.335351E-1	-6.601014E-2
+7.264940E+9	+9.333273E-1	-6.615923E-2
+7.264955E+9	+9.335148E-1	-6.619487E-2
+7.264970E+9	+9.333494E-1	-6.625453E-2
+7.264985E+9	+9.335927E-1	-6.625363E-2
+7.265000E+9	+9.335756E-1	-6.632471E-2
+7.265015E+9	+9.333925E-1	-6.639832E-2
+7.265030E+9	+9.332431E-1	-6.653328E-2
+7.265045E+9	+9.329519E-1	-6.693494E-2
+7.265060E+9	+9.332405E-1	-6.743326E-2
+7.265075E+9	+9.335007E-1	-6.759538E-2
+7.265090E+9	+9.332829E-1	-6.752250E-2
+7.265105E+9	+9.333302E-1	-6.757036E-2
+7.265120E+9	+9.332348E-1	-6.783241E-2
+7.265135E+9	+9.328331E-1	-6.813752E-2
+7.265150E+9	+9.328645E-1	-6.804365E-2
+7.265165E+9	+9.330234E-1	-6.863840E-2
+7.265180E+9	+9.333212E-1	-6.906381E-2
+7.265195E+9	+9.332881E-1	-6.895432E-2
+7.265210E+9	+9.334118E-1	-6.935124E-2
+7.265225E+9	+9.332482E-1	-6.929823E-2
+7.265240E+9	+9.333729E-1	-6.960417E-2
+7.265255E+9	+9.329777E-1	-6.956972E-2
+7.265270E+9	+9.329393E-1	-6.992869E-2
+7.265285E+9	+9.328342E-1	-7.027874E-2
+7.265300E+9	+9.330622E-1	-7.043357E-2
+7.265315E+9	+9.332384E-1	-7.042986E-2
+7.265330E+9	+9.333677E-1	-7.011219E-2
+7.265345E+9	+9.331922E-1	-7.032413E-2
+7.265360E+9	+9.331695E-1	-7.054366E-2
+7.265375E+9	+9.328076E-1	-7.066253E-2
+7.265390E+9	+9.328089E-1	-7.096081E-2
+7.265405E+9	+9.328237E-1	-7.134350E-2
+7.265420E+9	+9.328865E-1	-7.158878E-2
+7.265435E+9	+9.328064E-1	-7.183911E-2
+7.265450E+9	+9.326944E-1	-7.202852E-2
+7.265465E+9	+9.322392E-1	-7.215577E-2
+7.265480E+9	+9.330716E-1	-7.216402E-2
+7.265495E+9	+9.331926E-1	-7.217893E-2
+7.265510E+9	+9.330785E-1	-7.243410E-2
+7.265525E+9	+9.329337E-1	-7.276620E-2
+7.265540E+9	+9.326985E-1	-7.312014E-2
+7.265555E+9	+9.326137E-1	-7.331245E-2
+7.265570E+9	+9.326285E-1	-7.328735E-2
+7.265585E+9	+9.327181E-1	-7.347588E-2
+7.265600E+9	+9.328366E-1	-7.358498E-2
+7.265615E+9	+9.326656E-1	-7.366218E-2
+7.265630E+9	+9.326742E-1	-7.380238E-2
+7.265645E+9	+9.327485E-1	-7.393249E-2
+7.265660E+9	+9.326457E-1	-7.389932E-2
+7.265675E+9	+9.327856E-1	-7.375944E-2
+7.265690E+9	+9.330582E-1	-7.422122E-2
+7.265705E+9	+9.330859E-1	-7.491050E-2
+7.265720E+9	+9.328621E-1	-7.495249E-2
+7.265735E+9	+9.325987E-1	-7.490515E-2
+7.265750E+9	+9.326232E-1	-7.486854E-2
+7.265765E+9	+9.323877E-1	-7.505908E-2
+7.265780E+9	+9.323335E-1	-7.562310E-2
+7.265795E+9	+9.322659E-1	-7.571732E-2
+7.265810E+9	+9.323694E-1	-7.609622E-2
+7.265825E+9	+9.326957E-1	-7.615326E-2
+7.265840E+9	+9.325730E-1	-7.635708E-2
+7.265855E+9	+9.326288E-1	-7.638804E-2
+7.265870E+9	+9.324639E-1	-7.622696E-2
+7.265885E+9	+9.325071E-1	-7.631485E-2
+7.265900E+9	+9.324650E-1	-7.645459E-2
+7.265915E+9	+9.324916E-1	-7.689034E-2
+7.265930E+9	+9.322791E-1	-7.711435E-2
+7.265945E+9	+9.323455E-1	-7.735930E-2
+7.265960E+9	+9.323752E-1	-7.742929E-2
+7.265975E+9	+9.328582E-1	-7.737405E-2
+7.265990E+9	+9.327016E-1	-7.743764E-2
+7.266005E+9	+9.325231E-1	-7.826044E-2
+7.266020E+9	+9.322604E-1	-7.845351E-2
+7.266035E+9	+9.322730E-1	-7.866661E-2
+7.266050E+9	+9.324107E-1	-7.869933E-2
+7.266065E+9	+9.326079E-1	-7.856283E-2
+7.266080E+9	+9.325867E-1	-7.854475E-2
+7.266095E+9	+9.323986E-1	-7.853171E-2
+7.266110E+9	+9.321951E-1	-7.886718E-2
+7.266125E+9	+9.323396E-1	-7.952563E-2
+7.266140E+9	+9.325844E-1	-7.960212E-2
+7.266155E+9	+9.326860E-1	-7.993728E-2
+7.266170E+9	+9.324188E-1	-8.007891E-2
+7.266185E+9	+9.320740E-1	-8.024502E-2
+7.266200E+9	+9.318587E-1	-8.053890E-2
+7.266215E+9	+9.315566E-1	-8.077622E-2
+7.266230E+9	+9.315955E-1	-8.093149E-2
+7.266245E+9	+9.317052E-1	-8.103301E-2
+7.266260E+9	+9.323194E-1	-8.091785E-2
+7.266275E+9	+9.323468E-1	-8.087074E-2
+7.266290E+9	+9.321315E-1	-8.130868E-2
+7.266305E+9	+9.321534E-1	-8.164169E-2
+7.266320E+9	+9.320615E-1	-8.165447E-2
+7.266335E+9	+9.320924E-1	-8.187225E-2
+7.266350E+9	+9.320194E-1	-8.197809E-2
+7.266365E+9	+9.317157E-1	-8.182326E-2
+7.266380E+9	+9.318647E-1	-8.191374E-2
+7.266395E+9	+9.320019E-1	-8.215333E-2
+7.266410E+9	+9.321710E-1	-8.229087E-2
+7.266425E+9	+9.320450E-1	-8.275236E-2
+7.266440E+9	+9.319657E-1	-8.304466E-2
+7.266455E+9	+9.318498E-1	-8.343287E-2
+7.266470E+9	+9.317123E-1	-8.350213E-2
+7.266485E+9	+9.316438E-1	-8.368320E-2
+7.266500E+9	+9.316712E-1	-8.397557E-2
+7.266515E+9	+9.318313E-1	-8.379773E-2
+7.266530E+9	+9.318240E-1	-8.363831E-2
+7.266545E+9	+9.317803E-1	-8.357573E-2
+7.266560E+9	+9.317088E-1	-8.382704E-2
+7.266575E+9	+9.321592E-1	-8.465776E-2
+7.266590E+9	+9.316446E-1	-8.465083E-2
+7.266605E+9	+9.315618E-1	-8.488210E-2
+7.266620E+9	+9.320140E-1	-8.509240E-2
+7.266635E+9	+9.318051E-1	-8.527809E-2
+7.266650E+9	+9.315944E-1	-8.531242E-2
+7.266665E+9	+9.315587E-1	-8.513367E-2
+7.266680E+9	+9.314043E-1	-8.541800E-2
+7.266695E+9	+9.311054E-1	-8.558409E-2
+7.266710E+9	+9.310072E-1	-8.584035E-2
+7.266725E+9	+9.316991E-1	-8.589763E-2
+7.266740E+9	+9.313709E-1	-8.615490E-2
+7.266755E+9	+9.311244E-1	-8.649363E-2
+7.266770E+9	+9.311245E-1	-8.665517E-2
+7.266785E+9	+9.316545E-1	-8.675572E-2
+7.266800E+9	+9.315863E-1	-8.681673E-2
+7.266815E+9	+9.312862E-1	-8.694622E-2
+7.266830E+9	+9.310591E-1	-8.735999E-2
+7.266845E+9	+9.312801E-1	-8.790849E-2
+7.266860E+9	+9.314317E-1	-8.795791E-2
+7.266875E+9	+9.312332E-1	-8.795332E-2
+7.266890E+9	+9.311007E-1	-8.806287E-2
+7.266905E+9	+9.312621E-1	-8.805572E-2
+7.266920E+9	+9.312359E-1	-8.831716E-2
+7.266935E+9	+9.311923E-1	-8.869749E-2
+7.266950E+9	+9.312724E-1	-8.906068E-2
+7.266965E+9	+9.311458E-1	-8.878473E-2
+7.266980E+9	+9.313632E-1	-8.890736E-2
+7.266995E+9	+9.312081E-1	-8.931006E-2
+7.267010E+9	+9.310527E-1	-8.945421E-2
+7.267025E+9	+9.310859E-1	-8.989968E-2
+7.267040E+9	+9.310795E-1	-8.971584E-2
+7.267055E+9	+9.311359E-1	-8.987234E-2
+7.267070E+9	+9.312134E-1	-9.021636E-2
+7.267085E+9	+9.313620E-1	-9.035406E-2
+7.267100E+9	+9.310296E-1	-9.034474E-2
+7.267115E+9	+9.310124E-1	-9.041652E-2
+7.267130E+9	+9.310646E-1	-9.067311E-2
+7.267145E+9	+9.310326E-1	-9.088217E-2
+7.267160E+9	+9.309249E-1	-9.119224E-2
+7.267175E+9	+9.309147E-1	-9.135110E-2
+7.267190E+9	+9.310050E-1	-9.157279E-2
+7.267205E+9	+9.308854E-1	-9.167580E-2
+7.267220E+9	+9.308159E-1	-9.166248E-2
+7.267235E+9	+9.305585E-1	-9.190165E-2
+7.267250E+9	+9.307155E-1	-9.238970E-2
+7.267265E+9	+9.310274E-1	-9.245642E-2
+7.267280E+9	+9.310410E-1	-9.254479E-2
+7.267295E+9	+9.308696E-1	-9.285179E-2
+7.267310E+9	+9.307469E-1	-9.279346E-2
+7.267325E+9	+9.307919E-1	-9.283520E-2
+7.267340E+9	+9.309469E-1	-9.317857E-2
+7.267355E+9	+9.308069E-1	-9.349277E-2
+7.267370E+9	+9.306591E-1	-9.390200E-2
+7.267385E+9	+9.306593E-1	-9.388543E-2
+7.267400E+9	+9.310132E-1	-9.402281E-2
+7.267415E+9	+9.309753E-1	-9.395186E-2
+7.267430E+9	+9.306505E-1	-9.424713E-2
+7.267445E+9	+9.304635E-1	-9.462303E-2
+7.267460E+9	+9.304470E-1	-9.468049E-2
+7.267475E+9	+9.305806E-1	-9.470021E-2
+7.267490E+9	+9.306853E-1	-9.471017E-2
+7.267505E+9	+9.305487E-1	-9.488588E-2
+7.267520E+9	+9.304239E-1	-9.486579E-2
+7.267535E+9	+9.305999E-1	-9.528152E-2
+7.267550E+9	+9.304576E-1	-9.563999E-2
+7.267565E+9	+9.303000E-1	-9.568241E-2
+7.267580E+9	+9.303546E-1	-9.604943E-2
+7.267595E+9	+9.303098E-1	-9.641227E-2
+7.267610E+9	+9.301398E-1	-9.627427E-2
+7.267625E+9	+9.303440E-1	-9.622901E-2
+7.267640E+9	+9.303036E-1	-9.642999E-2
+7.267655E+9	+9.301614E-1	-9.666708E-2
+7.267670E+9	+9.301221E-1	-9.660509E-2
+7.267685E+9	+9.304797E-1	-9.673882E-2
+7.267700E+9	+9.303934E-1	-9.750671E-2
+7.267715E+9	+9.301785E-1	-9.768530E-2
+7.267730E+9	+9.305380E-1	-9.775473E-2
+7.267745E+9	+9.305282E-1	-9.783761E-2
+7.267760E+9	+9.303698E-1	-9.806699E-2
+7.267775E+9	+9.301611E-1	-9.831665E-2
+7.267790E+9	+9.298171E-1	-9.833476E-2
+7.267805E+9	+9.296876E-1	-9.848012E-2
+7.267820E+9	+9.298356E-1	-9.868069E-2
+7.267835E+9	+9.297402E-1	-9.880821E-2
+7.267850E+9	+9.301907E-1	-9.885065E-2
+7.267865E+9	+9.301779E-1	-9.905613E-2
+7.267880E+9	+9.300499E-1	-9.927835E-2
+7.267895E+9	+9.302519E-1	-9.906577E-2
+7.267910E+9	+9.304374E-1	-9.943990E-2
+7.267925E+9	+9.300351E-1	-1.002477E-1
+7.267940E+9	+9.299260E-1	-9.992631E-2
+7.267955E+9	+9.296693E-1	-1.000856E-1
+7.267970E+9	+9.299964E-1	-1.005220E-1
+7.267985E+9	+9.300156E-1	-1.007240E-1
+7.268000E+9	+9.303252E-1	-1.009649E-1
+7.268015E+9	+9.298797E-1	-1.010340E-1
+7.268030E+9	+9.298216E-1	-1.009790E-1
+7.268045E+9	+9.300212E-1	-1.010386E-1
+7.268060E+9	+9.299803E-1	-1.012473E-1
+7.268075E+9	+9.298830E-1	-1.014847E-1
+7.268090E+9	+9.299492E-1	-1.015318E-1
+7.268105E+9	+9.296602E-1	-1.017572E-1
+7.268120E+9	+9.295126E-1	-1.020607E-1
+7.268135E+9	+9.294742E-1	-1.022499E-1
+7.268150E+9	+9.298909E-1	-1.026376E-1
+7.268165E+9	+9.293873E-1	-1.026345E-1
+7.268180E+9	+9.293532E-1	-1.027581E-1
+7.268195E+9	+9.295651E-1	-1.029992E-1
+7.268210E+9	+9.297640E-1	-1.029940E-1
+7.268225E+9	+9.299884E-1	-1.031953E-1
+7.268240E+9	+9.297991E-1	-1.033390E-1
+7.268255E+9	+9.297506E-1	-1.034672E-1
+7.268270E+9	+9.299607E-1	-1.034701E-1
+7.268285E+9	+9.298389E-1	-1.037691E-1
+7.268300E+9	+9.294954E-1	-1.040923E-1
+7.268315E+9	+9.293089E-1	-1.042772E-1
+7.268330E+9	+9.291598E-1	-1.044100E-1
+7.268345E+9	+9.292045E-1	-1.044247E-1
+7.268360E+9	+9.293657E-1	-1.046027E-1
+7.268375E+9	+9.292422E-1	-1.053184E-1
+7.268390E+9	+9.296024E-1	-1.053675E-1
+7.268405E+9	+9.296091E-1	-1.052029E-1
+7.268420E+9	+9.295556E-1	-1.052820E-1
+7.268435E+9	+9.293833E-1	-1.053895E-1
+7.268450E+9	+9.291620E-1	-1.056650E-1
+7.268465E+9	+9.289898E-1	-1.057153E-1
+7.268480E+9	+9.288035E-1	-1.058088E-1
+7.268495E+9	+9.292202E-1	-1.060611E-1
+7.268510E+9	+9.293857E-1	-1.061987E-1
+7.268525E+9	+9.294145E-1	-1.064474E-1
+7.268540E+9	+9.294628E-1	-1.065950E-1
+7.268555E+9	+9.294620E-1	-1.066637E-1
+7.268570E+9	+9.294607E-1	-1.067997E-1
+7.268585E+9	+9.289213E-1	-1.074175E-1
+7.268600E+9	+9.287308E-1	-1.074690E-1
+7.268615E+9	+9.290372E-1	-1.077310E-1
+7.268630E+9	+9.290836E-1	-1.077430E-1
+7.268645E+9	+9.291931E-1	-1.079532E-1
+7.268660E+9	+9.291785E-1	-1.080855E-1
+7.268675E+9	+9.291492E-1	-1.082072E-1
+7.268690E+9	+9.289700E-1	-1.082898E-1
+7.268705E+9	+9.288073E-1	-1.086409E-1
+7.268720E+9	+9.288643E-1	-1.089317E-1
+7.268735E+9	+9.288390E-1	-1.090931E-1
+7.268750E+9	+9.290414E-1	-1.092167E-1
+7.268765E+9	+9.288893E-1	-1.093312E-1
+7.268780E+9	+9.287281E-1	-1.093654E-1
+7.268795E+9	+9.286255E-1	-1.093050E-1
+7.268810E+9	+9.286187E-1	-1.093430E-1
+7.268825E+9	+9.284573E-1	-1.098966E-1
+7.268840E+9	+9.286271E-1	-1.099436E-1
+7.268855E+9	+9.286348E-1	-1.102247E-1
+7.268870E+9	+9.287543E-1	-1.108216E-1
+7.268885E+9	+9.286224E-1	-1.109954E-1
+7.268900E+9	+9.285073E-1	-1.108637E-1
+7.268915E+9	+9.284426E-1	-1.110717E-1
+7.268930E+9	+9.283034E-1	-1.111987E-1
+7.268945E+9	+9.282437E-1	-1.113243E-1
+7.268960E+9	+9.286245E-1	-1.114046E-1
+7.268975E+9	+9.284497E-1	-1.116884E-1
+7.268990E+9	+9.284195E-1	-1.117945E-1
+7.269005E+9	+9.283174E-1	-1.119282E-1
+7.269020E+9	+9.283420E-1	-1.120655E-1
+7.269035E+9	+9.284985E-1	-1.121152E-1
+7.269050E+9	+9.284984E-1	-1.125239E-1
+7.269065E+9	+9.284411E-1	-1.126586E-1
+7.269080E+9	+9.282874E-1	-1.128377E-1
+7.269095E+9	+9.282822E-1	-1.129506E-1
+7.269110E+9	+9.282753E-1	-1.131020E-1
+7.269125E+9	+9.283421E-1	-1.134721E-1
+7.269140E+9	+9.285031E-1	-1.135658E-1
+7.269155E+9	+9.285149E-1	-1.140553E-1
+7.269170E+9	+9.280554E-1	-1.140945E-1
+7.269185E+9	+9.280293E-1	-1.143028E-1
+7.269200E+9	+9.279130E-1	-1.145008E-1
+7.269215E+9	+9.280546E-1	-1.144446E-1
+7.269230E+9	+9.284157E-1	-1.144798E-1
+7.269245E+9	+9.282218E-1	-1.147508E-1
+7.269260E+9	+9.281367E-1	-1.152153E-1
+7.269275E+9	+9.282386E-1	-1.151280E-1
+7.269290E+9	+9.282663E-1	-1.152446E-1
+7.269305E+9	+9.280663E-1	-1.149860E-1
+7.269320E+9	+9.281556E-1	-1.154759E-1
+7.269335E+9	+9.280410E-1	-1.157855E-1
+7.269350E+9	+9.278929E-1	-1.156311E-1
+7.269365E+9	+9.277302E-1	-1.159266E-1
+7.269380E+9	+9.277803E-1	-1.162248E-1
+7.269395E+9	+9.278641E-1	-1.167230E-1
+7.269410E+9	+9.277402E-1	-1.167529E-1
+7.269425E+9	+9.276769E-1	-1.168419E-1
+7.269440E+9	+9.278916E-1	-1.172815E-1
+7.269455E+9	+9.280190E-1	-1.172440E-1
+7.269470E+9	+9.277191E-1	-1.173715E-1
+7.269485E+9	+9.277793E-1	-1.173234E-1
+7.269500E+9	+9.276783E-1	-1.174997E-1
+7.269515E+9	+9.275970E-1	-1.178464E-1
+7.269530E+9	+9.275584E-1	-1.179251E-1
+7.269545E+9	+9.273923E-1	-1.180004E-1
+7.269560E+9	+9.275365E-1	-1.182716E-1
+7.269575E+9	+9.277478E-1	-1.185829E-1
+7.269590E+9	+9.274680E-1	-1.188349E-1
+7.269605E+9	+9.275904E-1	-1.187669E-1
+7.269620E+9	+9.277203E-1	-1.190909E-1
+7.269635E+9	+9.276307E-1	-1.191392E-1
+7.269650E+9	+9.275812E-1	-1.193507E-1
+7.269665E+9	+9.271028E-1	-1.195593E-1
+7.269680E+9	+9.271042E-1	-1.197769E-1
+7.269695E+9	+9.269448E-1	-1.197541E-1
+7.269710E+9	+9.270756E-1	-1.202476E-1
+7.269725E+9	+9.272943E-1	-1.201343E-1
+7.269740E+9	+9.271458E-1	-1.204225E-1
+7.269755E+9	+9.270546E-1	-1.205386E-1
+7.269770E+9	+9.271774E-1	-1.206578E-1
+7.269785E+9	+9.273316E-1	-1.208292E-1
+7.269800E+9	+9.274180E-1	-1.210564E-1
+7.269815E+9	+9.271408E-1	-1.214215E-1
+7.269830E+9	+9.269547E-1	-1.212528E-1
+7.269845E+9	+9.268408E-1	-1.211904E-1
+7.269860E+9	+9.271122E-1	-1.216162E-1
+7.269875E+9	+9.270344E-1	-1.220230E-1
+7.269890E+9	+9.270562E-1	-1.223757E-1
+7.269905E+9	+9.271437E-1	-1.224075E-1
+7.269920E+9	+9.273438E-1	-1.224751E-1
+7.269935E+9	+9.274142E-1	-1.227408E-1
+7.269950E+9	+9.268931E-1	-1.228805E-1
+7.269965E+9	+9.267237E-1	-1.231012E-1
+7.269980E+9	+9.268368E-1	-1.231680E-1
+7.269995E+9	+9.267773E-1	-1.233600E-1
+7.270010E+9	+9.269187E-1	-1.235728E-1
+7.270025E+9	+9.265531E-1	-1.237771E-1
+7.270040E+9	+9.264892E-1	-1.240115E-1
+7.270055E+9	+9.265994E-1	-1.240704E-1
+7.270070E+9	+9.265904E-1	-1.241334E-1
+7.270085E+9	+9.265765E-1	-1.242446E-1
+7.270100E+9	+9.266469E-1	-1.246035E-1
+7.270115E+9	+9.264535E-1	-1.247149E-1
+7.270130E+9	+9.264633E-1	-1.247619E-1
+7.270145E+9	+9.264728E-1	-1.249163E-1
+7.270160E+9	+9.266273E-1	-1.250205E-1
+7.270175E+9	+9.263290E-1	-1.252257E-1
+7.270190E+9	+9.262778E-1	-1.253174E-1
+7.270205E+9	+9.263934E-1	-1.255318E-1
+7.270220E+9	+9.263663E-1	-1.260537E-1
+7.270235E+9	+9.260886E-1	-1.263586E-1
+7.270250E+9	+9.260925E-1	-1.258884E-1
+7.270265E+9	+9.263054E-1	-1.264736E-1
+7.270280E+9	+9.264192E-1	-1.265591E-1
+7.270295E+9	+9.262939E-1	-1.267477E-1
+7.270310E+9	+9.264367E-1	-1.270190E-1
+7.270325E+9	+9.265183E-1	-1.273602E-1
+7.270340E+9	+9.264580E-1	-1.274111E-1
+7.270355E+9	+9.263200E-1	-1.272220E-1
+7.270370E+9	+9.261716E-1	-1.275747E-1
+7.270385E+9	+9.260837E-1	-1.278469E-1
+7.270400E+9	+9.259137E-1	-1.278240E-1
+7.270415E+9	+9.259189E-1	-1.281517E-1
+7.270430E+9	+9.260893E-1	-1.280691E-1
+7.270445E+9	+9.257601E-1	-1.283163E-1
+7.270460E+9	+9.259310E-1	-1.283886E-1
+7.270475E+9	+9.261151E-1	-1.285838E-1
+7.270490E+9	+9.259281E-1	-1.290530E-1
+7.270505E+9	+9.259588E-1	-1.292491E-1
+7.270520E+9	+9.258253E-1	-1.294949E-1
+7.270535E+9	+9.259687E-1	-1.294614E-1
+7.270550E+9	+9.260969E-1	-1.293270E-1
+7.270565E+9	+9.258206E-1	-1.297024E-1
+7.270580E+9	+9.255065E-1	-1.298355E-1
+7.270595E+9	+9.255349E-1	-1.300461E-1
+7.270610E+9	+9.258145E-1	-1.303689E-1
+7.270625E+9	+9.257184E-1	-1.303137E-1
+7.270640E+9	+9.256144E-1	-1.308547E-1
+7.270655E+9	+9.257039E-1	-1.310699E-1
+7.270670E+9	+9.254456E-1	-1.311056E-1
+7.270685E+9	+9.255962E-1	-1.312490E-1
+7.270700E+9	+9.258185E-1	-1.311254E-1
+7.270715E+9	+9.254740E-1	-1.311891E-1
+7.270730E+9	+9.255683E-1	-1.312381E-1
+7.270745E+9	+9.257963E-1	-1.319192E-1
+7.270760E+9	+9.254747E-1	-1.323884E-1
+7.270775E+9	+9.253014E-1	-1.324170E-1
+7.270790E+9	+9.254874E-1	-1.323280E-1
+7.270805E+9	+9.256153E-1	-1.323963E-1
+7.270820E+9	+9.254502E-1	-1.325349E-1
+7.270835E+9	+9.251959E-1	-1.331197E-1
+7.270850E+9	+9.252604E-1	-1.332735E-1
+7.270865E+9	+9.251386E-1	-1.332850E-1
+7.270880E+9	+9.251991E-1	-1.333769E-1
+7.270895E+9	+9.252615E-1	-1.336333E-1
+7.270910E+9	+9.253761E-1	-1.336605E-1
+7.270925E+9	+9.253904E-1	-1.337143E-1
+7.270940E+9	+9.250076E-1	-1.339716E-1
+7.270955E+9	+9.251812E-1	-1.343495E-1
+7.270970E+9	+9.252754E-1	-1.346376E-1
+7.270985E+9	+9.253537E-1	-1.349410E-1
+7.271000E+9	+9.248478E-1	-1.348282E-1
+7.271015E+9	+9.250965E-1	-1.350048E-1
+7.271030E+9	+9.251402E-1	-1.351677E-1
+7.271045E+9	+9.250810E-1	-1.353130E-1
+7.271060E+9	+9.248873E-1	-1.354739E-1
+7.271075E+9	+9.250922E-1	-1.355637E-1
+7.271090E+9	+9.251014E-1	-1.358167E-1
+7.271105E+9	+9.249186E-1	-1.359799E-1
+7.271120E+9	+9.248511E-1	-1.358124E-1
+7.271135E+9	+9.248504E-1	-1.362880E-1
+7.271150E+9	+9.249956E-1	-1.362699E-1
+7.271165E+9	+9.246961E-1	-1.366072E-1
+7.271180E+9	+9.246902E-1	-1.366387E-1
+7.271195E+9	+9.245516E-1	-1.368186E-1
+7.271210E+9	+9.246845E-1	-1.370086E-1
+7.271225E+9	+9.251198E-1	-1.371274E-1
+7.271240E+9	+9.246403E-1	-1.372019E-1
+7.271255E+9	+9.245975E-1	-1.374438E-1
+7.271270E+9	+9.244027E-1	-1.375514E-1
+7.271285E+9	+9.244701E-1	-1.377982E-1
+7.271300E+9	+9.243337E-1	-1.379317E-1
+7.271315E+9	+9.242007E-1	-1.383138E-1
+7.271330E+9	+9.242872E-1	-1.386120E-1
+7.271345E+9	+9.243166E-1	-1.387629E-1
+7.271360E+9	+9.242345E-1	-1.387353E-1
+7.271375E+9	+9.241067E-1	-1.387939E-1
+7.271390E+9	+9.242725E-1	-1.391607E-1
+7.271405E+9	+9.242779E-1	-1.391693E-1
+7.271420E+9	+9.240975E-1	-1.393397E-1
+7.271435E+9	+9.243020E-1	-1.395295E-1
+7.271450E+9	+9.242559E-1	-1.398558E-1
+7.271465E+9	+9.243142E-1	-1.399894E-1
+7.271480E+9	+9.242925E-1	-1.401967E-1
+7.271495E+9	+9.241480E-1	-1.402714E-1
+7.271510E+9	+9.239986E-1	-1.407102E-1
+7.271525E+9	+9.239034E-1	-1.408111E-1
+7.271540E+9	+9.240530E-1	-1.408832E-1
+7.271555E+9	+9.243265E-1	-1.412191E-1
+7.271570E+9	+9.242878E-1	-1.409907E-1
+7.271585E+9	+9.239040E-1	-1.413232E-1
+7.271600E+9	+9.240097E-1	-1.415272E-1
+7.271615E+9	+9.237820E-1	-1.415640E-1
+7.271630E+9	+9.242071E-1	-1.418162E-1
+7.271645E+9	+9.240797E-1	-1.419190E-1
+7.271660E+9	+9.237525E-1	-1.422923E-1
+7.271675E+9	+9.239914E-1	-1.422187E-1
+7.271690E+9	+9.236439E-1	-1.424611E-1
+7.271705E+9	+9.236838E-1	-1.427084E-1
+7.271720E+9	+9.236149E-1	-1.426221E-1
+7.271735E+9	+9.236146E-1	-1.429661E-1
+7.271750E+9	+9.236279E-1	-1.429552E-1
+7.271765E+9	+9.235420E-1	-1.432934E-1
+7.271780E+9	+9.235697E-1	-1.437606E-1
+7.271795E+9	+9.236724E-1	-1.436708E-1
+7.271810E+9	+9.234647E-1	-1.439417E-1
+7.271825E+9	+9.236052E-1	-1.443389E-1
+7.271840E+9	+9.236704E-1	-1.443236E-1
+7.271855E+9	+9.237770E-1	-1.443105E-1
+7.271870E+9	+9.234714E-1	-1.443879E-1
+7.271885E+9	+9.233429E-1	-1.446159E-1
+7.271900E+9	+9.235827E-1	-1.451156E-1
+7.271915E+9	+9.233378E-1	-1.449757E-1
+7.271930E+9	+9.233356E-1	-1.454135E-1
+7.271945E+9	+9.231902E-1	-1.456053E-1
+7.271960E+9	+9.233001E-1	-1.457661E-1
+7.271975E+9	+9.233953E-1	-1.460274E-1
+7.271990E+9	+9.232505E-1	-1.460139E-1
+7.272005E+9	+9.233857E-1	-1.461637E-1
+7.272020E+9	+9.232698E-1	-1.459763E-1
+7.272035E+9	+9.231477E-1	-1.461482E-1
+7.272050E+9	+9.232965E-1	-1.466844E-1
+7.272065E+9	+9.230175E-1	-1.468780E-1
+7.272080E+9	+9.232519E-1	-1.470820E-1
+7.272095E+9	+9.232890E-1	-1.472096E-1
+7.272110E+9	+9.232112E-1	-1.472925E-1
+7.272125E+9	+9.227549E-1	-1.474076E-1
+7.272140E+9	+9.226707E-1	-1.475500E-1
+7.272155E+9	+9.229312E-1	-1.476898E-1
+7.272170E+9	+9.226686E-1	-1.480413E-1
+7.272185E+9	+9.226721E-1	-1.483358E-1
+7.272200E+9	+9.227238E-1	-1.486240E-1
+7.272215E+9	+9.228447E-1	-1.485686E-1
+7.272230E+9	+9.226875E-1	-1.487998E-1
+7.272245E+9	+9.227315E-1	-1.489707E-1
+7.272260E+9	+9.226514E-1	-1.491213E-1
+7.272275E+9	+9.226770E-1	-1.493368E-1
+7.272290E+9	+9.227864E-1	-1.495193E-1
+7.272305E+9	+9.229167E-1	-1.495162E-1
+7.272320E+9	+9.226448E-1	-1.497597E-1
+7.272335E+9	+9.226775E-1	-1.497126E-1
+7.272350E+9	+9.226195E-1	-1.499373E-1
+7.272365E+9	+9.225604E-1	-1.501442E-1
+7.272380E+9	+9.224959E-1	-1.503661E-1
+7.272395E+9	+9.221658E-1	-1.506893E-1
+7.272410E+9	+9.222288E-1	-1.507012E-1
+7.272425E+9	+9.223568E-1	-1.506234E-1
+7.272440E+9	+9.222887E-1	-1.509186E-1
+7.272455E+9	+9.222548E-1	-1.511897E-1
+7.272470E+9	+9.222638E-1	-1.513196E-1
+7.272485E+9	+9.222666E-1	-1.515466E-1
+7.272500E+9	+9.221240E-1	-1.516832E-1
+7.272515E+9	+9.220529E-1	-1.517057E-1
+7.272530E+9	+9.220920E-1	-1.524126E-1
+7.272545E+9	+9.221409E-1	-1.523227E-1
+7.272560E+9	+9.222548E-1	-1.524846E-1
+7.272575E+9	+9.224406E-1	-1.526601E-1
+7.272590E+9	+9.219923E-1	-1.528976E-1
+7.272605E+9	+9.219195E-1	-1.529661E-1
+7.272620E+9	+9.216990E-1	-1.528665E-1
+7.272635E+9	+9.218318E-1	-1.531558E-1
+7.272650E+9	+9.219922E-1	-1.536813E-1
+7.272665E+9	+9.219246E-1	-1.534901E-1
+7.272680E+9	+9.218265E-1	-1.537487E-1
+7.272695E+9	+9.215751E-1	-1.539655E-1
+7.272710E+9	+9.216783E-1	-1.543027E-1
+7.272725E+9	+9.217890E-1	-1.543702E-1
+7.272740E+9	+9.218076E-1	-1.543279E-1
+7.272755E+9	+9.217206E-1	-1.546573E-1
+7.272770E+9	+9.216904E-1	-1.548995E-1
+7.272785E+9	+9.214464E-1	-1.549497E-1
+7.272800E+9	+9.213718E-1	-1.550865E-1
+7.272815E+9	+9.215386E-1	-1.553827E-1
+7.272830E+9	+9.213486E-1	-1.557003E-1
+7.272845E+9	+9.214997E-1	-1.557894E-1
+7.272860E+9	+9.215423E-1	-1.558277E-1
+7.272875E+9	+9.217084E-1	-1.559434E-1
+7.272890E+9	+9.217234E-1	-1.563235E-1
+7.272905E+9	+9.214771E-1	-1.568217E-1
+7.272920E+9	+9.213931E-1	-1.566180E-1
+7.272935E+9	+9.210798E-1	-1.565319E-1
+7.272950E+9	+9.214856E-1	-1.569735E-1
+7.272965E+9	+9.211624E-1	-1.571823E-1
+7.272980E+9	+9.210866E-1	-1.573225E-1
+7.272995E+9	+9.210576E-1	-1.575923E-1
+7.273010E+9	+9.209941E-1	-1.577278E-1
+7.273025E+9	+9.212864E-1	-1.580276E-1
+7.273040E+9	+9.213666E-1	-1.577711E-1
+7.273055E+9	+9.212493E-1	-1.577228E-1
+7.273070E+9	+9.213408E-1	-1.583336E-1
+7.273085E+9	+9.211184E-1	-1.584943E-1
+7.273100E+9	+9.211102E-1	-1.586093E-1
+7.273115E+9	+9.205960E-1	-1.587468E-1
+7.273130E+9	+9.206936E-1	-1.589194E-1
+7.273145E+9	+9.210728E-1	-1.589668E-1
+7.273160E+9	+9.210771E-1	-1.594789E-1
+7.273175E+9	+9.206554E-1	-1.594784E-1
+7.273190E+9	+9.206003E-1	-1.597508E-1
+7.273205E+9	+9.206442E-1	-1.600018E-1
+7.273220E+9	+9.208074E-1	-1.600241E-1
+7.273235E+9	+9.208278E-1	-1.601430E-1
+7.273250E+9	+9.208450E-1	-1.604946E-1
+7.273265E+9	+9.206152E-1	-1.602986E-1
+7.273280E+9	+9.204061E-1	-1.606591E-1
+7.273295E+9	+9.202054E-1	-1.607915E-1
+7.273310E+9	+9.202579E-1	-1.610316E-1
+7.273325E+9	+9.202246E-1	-1.614864E-1
+7.273340E+9	+9.201202E-1	-1.615616E-1
+7.273355E+9	+9.202140E-1	-1.611421E-1
+7.273370E+9	+9.203572E-1	-1.617176E-1
+7.273385E+9	+9.201092E-1	-1.618519E-1
+7.273400E+9	+9.204707E-1	-1.618052E-1
+7.273415E+9	+9.202908E-1	-1.619218E-1
+7.273430E+9	+9.200998E-1	-1.621993E-1
+7.273445E+9	+9.202705E-1	-1.625424E-1
+7.273460E+9	+9.202173E-1	-1.625916E-1
+7.273475E+9	+9.204960E-1	-1.628044E-1
+7.273490E+9	+9.201472E-1	-1.630353E-1
+7.273505E+9	+9.198581E-1	-1.629847E-1
+7.273520E+9	+9.200440E-1	-1.631409E-1
+7.273535E+9	+9.198251E-1	-1.635916E-1
+7.273550E+9	+9.199949E-1	-1.636068E-1
+7.273565E+9	+9.203108E-1	-1.640413E-1
+7.273580E+9	+9.198590E-1	-1.642168E-1
+7.273595E+9	+9.200750E-1	-1.645015E-1
+7.273610E+9	+9.196345E-1	-1.644139E-1
+7.273625E+9	+9.197372E-1	-1.644409E-1
+7.273640E+9	+9.198823E-1	-1.646839E-1
+7.273655E+9	+9.197587E-1	-1.650263E-1
+7.273670E+9	+9.194902E-1	-1.649817E-1
+7.273685E+9	+9.198386E-1	-1.652358E-1
+7.273700E+9	+9.198178E-1	-1.654065E-1
+7.273715E+9	+9.197115E-1	-1.654754E-1
+7.273730E+9	+9.197377E-1	-1.656844E-1
+7.273745E+9	+9.194075E-1	-1.656653E-1
+7.273760E+9	+9.191661E-1	-1.658432E-1
+7.273775E+9	+9.193313E-1	-1.662790E-1
+7.273790E+9	+9.192863E-1	-1.663328E-1
+7.273805E+9	+9.195007E-1	-1.665008E-1
+7.273820E+9	+9.195866E-1	-1.665793E-1
+7.273835E+9	+9.193711E-1	-1.671121E-1
+7.273850E+9	+9.194875E-1	-1.673441E-1
+7.273865E+9	+9.193539E-1	-1.671587E-1
+7.273880E+9	+9.193976E-1	-1.673980E-1
+7.273895E+9	+9.192321E-1	-1.677012E-1
+7.273910E+9	+9.192220E-1	-1.677406E-1
+7.273925E+9	+9.191452E-1	-1.679756E-1
+7.273940E+9	+9.191746E-1	-1.681385E-1
+7.273955E+9	+9.188465E-1	-1.685125E-1
+7.273970E+9	+9.190465E-1	-1.684305E-1
+7.273985E+9	+9.191498E-1	-1.685641E-1
+7.274000E+9	+9.191195E-1	-1.688633E-1
+7.274015E+9	+9.189532E-1	-1.690291E-1
+7.274030E+9	+9.188546E-1	-1.691706E-1
+7.274045E+9	+9.188587E-1	-1.693698E-1
+7.274060E+9	+9.189998E-1	-1.692979E-1
+7.274075E+9	+9.188139E-1	-1.695527E-1
+7.274090E+9	+9.184811E-1	-1.697091E-1
+7.274105E+9	+9.185310E-1	-1.700057E-1
+7.274120E+9	+9.186284E-1	-1.699881E-1
+7.274135E+9	+9.186106E-1	-1.702049E-1
+7.274150E+9	+9.188657E-1	-1.705640E-1
+7.274165E+9	+9.187095E-1	-1.707996E-1
+7.274180E+9	+9.188732E-1	-1.709239E-1
+7.274195E+9	+9.186815E-1	-1.710703E-1
+7.274210E+9	+9.180637E-1	-1.710674E-1
+7.274225E+9	+9.182219E-1	-1.713458E-1
+7.274240E+9	+9.181162E-1	-1.710072E-1
+7.274255E+9	+9.183974E-1	-1.714520E-1
+7.274270E+9	+9.187069E-1	-1.718034E-1
+7.274285E+9	+9.184301E-1	-1.721498E-1
+7.274300E+9	+9.184418E-1	-1.722190E-1
+7.274315E+9	+9.185749E-1	-1.719800E-1
+7.274330E+9	+9.184780E-1	-1.722507E-1
+7.274345E+9	+9.181671E-1	-1.726675E-1
+7.274360E+9	+9.180510E-1	-1.727868E-1
+7.274375E+9	+9.177288E-1	-1.728294E-1
+7.274390E+9	+9.180186E-1	-1.732020E-1
+7.274405E+9	+9.180061E-1	-1.734481E-1
+7.274420E+9	+9.179116E-1	-1.737842E-1
+7.274435E+9	+9.177545E-1	-1.738820E-1
+7.274450E+9	+9.178018E-1	-1.740615E-1
+7.274465E+9	+9.181958E-1	-1.740154E-1
+7.274480E+9	+9.184879E-1	-1.742457E-1
+7.274495E+9	+9.177275E-1	-1.746816E-1
+7.274510E+9	+9.174185E-1	-1.747766E-1
+7.274525E+9	+9.181741E-1	-1.745902E-1
+7.274540E+9	+9.175757E-1	-1.746453E-1
+7.274555E+9	+9.177304E-1	-1.754475E-1
+7.274570E+9	+9.176870E-1	-1.754821E-1
+7.274585E+9	+9.178210E-1	-1.753989E-1
+7.274600E+9	+9.175778E-1	-1.754051E-1
+7.274615E+9	+9.173465E-1	-1.758128E-1
+7.274630E+9	+9.172082E-1	-1.758184E-1
+7.274645E+9	+9.173785E-1	-1.759551E-1
+7.274660E+9	+9.174656E-1	-1.759685E-1
+7.274675E+9	+9.173117E-1	-1.762492E-1
+7.274690E+9	+9.174273E-1	-1.763215E-1
+7.274705E+9	+9.172752E-1	-1.767489E-1
+7.274720E+9	+9.171603E-1	-1.767331E-1
+7.274735E+9	+9.175433E-1	-1.768703E-1
+7.274750E+9	+9.171654E-1	-1.770736E-1
+7.274765E+9	+9.171147E-1	-1.774251E-1
+7.274780E+9	+9.171359E-1	-1.775770E-1
+7.274795E+9	+9.170193E-1	-1.778257E-1
+7.274810E+9	+9.171310E-1	-1.777192E-1
+7.274825E+9	+9.168459E-1	-1.781884E-1
+7.274840E+9	+9.169178E-1	-1.782568E-1
+7.274855E+9	+9.170857E-1	-1.783521E-1
+7.274870E+9	+9.167915E-1	-1.789841E-1
+7.274885E+9	+9.165287E-1	-1.789505E-1
+7.274900E+9	+9.166444E-1	-1.790279E-1
+7.274915E+9	+9.167521E-1	-1.789904E-1
+7.274930E+9	+9.168936E-1	-1.793963E-1
+7.274945E+9	+9.168455E-1	-1.793708E-1
+7.274960E+9	+9.166857E-1	-1.795487E-1
+7.274975E+9	+9.169491E-1	-1.798834E-1
+7.274990E+9	+9.166121E-1	-1.802010E-1
+7.275005E+9	+9.161843E-1	-1.802296E-1
+7.275020E+9	+9.163831E-1	-1.803603E-1
+7.275035E+9	+9.164217E-1	-1.805112E-1
+7.275050E+9	+9.161621E-1	-1.807117E-1
+7.275065E+9	+9.160854E-1	-1.809831E-1
+7.275080E+9	+9.163894E-1	-1.811244E-1
+7.275095E+9	+9.162984E-1	-1.815141E-1
+7.275110E+9	+9.165350E-1	-1.815051E-1
+7.275125E+9	+9.163491E-1	-1.815757E-1
+7.275140E+9	+9.164286E-1	-1.818002E-1
+7.275155E+9	+9.162548E-1	-1.821661E-1
+7.275170E+9	+9.162603E-1	-1.820634E-1
+7.275185E+9	+9.161616E-1	-1.819289E-1
+7.275200E+9	+9.164858E-1	-1.825066E-1
+7.275215E+9	+9.162342E-1	-1.826546E-1
+7.275230E+9	+9.158788E-1	-1.826720E-1
+7.275245E+9	+9.162615E-1	-1.830491E-1
+7.275260E+9	+9.163793E-1	-1.831647E-1
+7.275275E+9	+9.160628E-1	-1.835188E-1
+7.275290E+9	+9.160405E-1	-1.833725E-1
+7.275305E+9	+9.158922E-1	-1.837817E-1
+7.275320E+9	+9.156794E-1	-1.837192E-1
+7.275335E+9	+9.157765E-1	-1.840133E-1
+7.275350E+9	+9.154928E-1	-1.841547E-1
+7.275365E+9	+9.155473E-1	-1.842176E-1
+7.275380E+9	+9.156597E-1	-1.845836E-1
+7.275395E+9	+9.159065E-1	-1.850999E-1
+7.275410E+9	+9.158976E-1	-1.851014E-1
+7.275425E+9	+9.154651E-1	-1.849948E-1
+7.275440E+9	+9.155331E-1	-1.853544E-1
+7.275455E+9	+9.154151E-1	-1.857086E-1
+7.275470E+9	+9.153736E-1	-1.859497E-1
+7.275485E+9	+9.151023E-1	-1.858210E-1
+7.275500E+9	+9.150951E-1	-1.854942E-1
+7.275515E+9	+9.156607E-1	-1.859082E-1
+7.275530E+9	+9.152775E-1	-1.863055E-1
+7.275545E+9	+9.152296E-1	-1.864244E-1
+7.275560E+9	+9.148827E-1	-1.867586E-1
+7.275575E+9	+9.151092E-1	-1.868318E-1
+7.275590E+9	+9.151244E-1	-1.866619E-1
+7.275605E+9	+9.156002E-1	-1.870121E-1
+7.275620E+9	+9.151030E-1	-1.873204E-1
+7.275635E+9	+9.151710E-1	-1.874335E-1
+7.275650E+9	+9.147701E-1	-1.871778E-1
+7.275665E+9	+9.146388E-1	-1.875906E-1
+7.275680E+9	+9.146974E-1	-1.877773E-1
+7.275695E+9	+9.148643E-1	-1.879839E-1
+7.275710E+9	+9.150017E-1	-1.885268E-1
+7.275725E+9	+9.149245E-1	-1.880130E-1
+7.275740E+9	+9.145399E-1	-1.884376E-1
+7.275755E+9	+9.145665E-1	-1.881315E-1
+7.275770E+9	+9.147304E-1	-1.886092E-1
+7.275785E+9	+9.150227E-1	-1.896527E-1
+7.275800E+9	+9.150933E-1	-1.892188E-1
+7.275815E+9	+9.149029E-1	-1.894593E-1
+7.275830E+9	+9.141829E-1	-1.897367E-1
+7.275845E+9	+9.144545E-1	-1.899029E-1
+7.275860E+9	+9.144285E-1	-1.899359E-1
+7.275875E+9	+9.147654E-1	-1.898674E-1
+7.275890E+9	+9.147791E-1	-1.903080E-1
+7.275905E+9	+9.149054E-1	-1.905715E-1
+7.275920E+9	+9.146512E-1	-1.909080E-1
+7.275935E+9	+9.147142E-1	-1.908686E-1
+7.275950E+9	+9.143416E-1	-1.910624E-1
+7.275965E+9	+9.144507E-1	-1.912327E-1
+7.275980E+9	+9.143796E-1	-1.912325E-1
+7.275995E+9	+9.143970E-1	-1.912947E-1
+7.276010E+9	+9.143398E-1	-1.915088E-1
+7.276025E+9	+9.147166E-1	-1.915808E-1
+7.276040E+9	+9.146014E-1	-1.920992E-1
+7.276055E+9	+9.142299E-1	-1.920653E-1
+7.276070E+9	+9.140476E-1	-1.922322E-1
+7.276085E+9	+9.141427E-1	-1.925858E-1
+7.276100E+9	+9.140421E-1	-1.926598E-1
+7.276115E+9	+9.137824E-1	-1.929366E-1
+7.276130E+9	+9.138081E-1	-1.929002E-1
+7.276145E+9	+9.141541E-1	-1.930112E-1
+7.276160E+9	+9.138885E-1	-1.933488E-1
+7.276175E+9	+9.138132E-1	-1.936691E-1
+7.276190E+9	+9.139246E-1	-1.939332E-1
+7.276205E+9	+9.140071E-1	-1.942770E-1
+7.276220E+9	+9.140335E-1	-1.943976E-1
+7.276235E+9	+9.138520E-1	-1.945598E-1
+7.276250E+9	+9.135687E-1	-1.947377E-1
+7.276265E+9	+9.136406E-1	-1.947044E-1
+7.276280E+9	+9.133706E-1	-1.948696E-1
+7.276295E+9	+9.132949E-1	-1.950938E-1
+7.276310E+9	+9.132324E-1	-1.949830E-1
+7.276325E+9	+9.132332E-1	-1.951941E-1
+7.276340E+9	+9.133121E-1	-1.956608E-1
+7.276355E+9	+9.132889E-1	-1.955490E-1
+7.276370E+9	+9.137051E-1	-1.956173E-1
+7.276385E+9	+9.136621E-1	-1.958243E-1
+7.276400E+9	+9.128206E-1	-1.962066E-1
+7.276415E+9	+9.128334E-1	-1.962308E-1
+7.276430E+9	+9.134081E-1	-1.963205E-1
+7.276445E+9	+9.130533E-1	-1.966242E-1
+7.276460E+9	+9.127710E-1	-1.969001E-1
+7.276475E+9	+9.125627E-1	-1.969797E-1
+7.276490E+9	+9.127667E-1	-1.973942E-1
+7.276505E+9	+9.127900E-1	-1.974491E-1
+7.276520E+9	+9.129666E-1	-1.977007E-1
+7.276535E+9	+9.129106E-1	-1.977598E-1
+7.276550E+9	+9.130261E-1	-1.973323E-1
+7.276565E+9	+9.125071E-1	-1.979261E-1
+7.276580E+9	+9.123396E-1	-1.981403E-1
+7.276595E+9	+9.120926E-1	-1.980228E-1
+7.276610E+9	+9.125359E-1	-1.982244E-1
+7.276625E+9	+9.126174E-1	-1.987834E-1
+7.276640E+9	+9.126252E-1	-1.989288E-1
+7.276655E+9	+9.126648E-1	-1.991067E-1
+7.276670E+9	+9.125921E-1	-1.992693E-1
+7.276685E+9	+9.123623E-1	-1.994529E-1
+7.276700E+9	+9.118790E-1	-1.993917E-1
+7.276715E+9	+9.120096E-1	-1.996890E-1
+7.276730E+9	+9.122283E-1	-1.996902E-1
+7.276745E+9	+9.123164E-1	-1.997233E-1
+7.276760E+9	+9.121513E-1	-2.000160E-1
+7.276775E+9	+9.121177E-1	-2.004464E-1
+7.276790E+9	+9.119911E-1	-2.007677E-1
+7.276805E+9	+9.119581E-1	-2.008259E-1
+7.276820E+9	+9.120516E-1	-2.010254E-1
+7.276835E+9	+9.120757E-1	-2.011403E-1
+7.276850E+9	+9.118840E-1	-2.012995E-1
+7.276865E+9	+9.120712E-1	-2.017865E-1
+7.276880E+9	+9.123609E-1	-2.013669E-1
+7.276895E+9	+9.118259E-1	-2.015475E-1
+7.276910E+9	+9.119443E-1	-2.017447E-1
+7.276925E+9	+9.116716E-1	-2.020563E-1
+7.276940E+9	+9.114907E-1	-2.022774E-1
+7.276955E+9	+9.114529E-1	-2.024463E-1
+7.276970E+9	+9.113426E-1	-2.027111E-1
+7.276985E+9	+9.116028E-1	-2.028789E-1
+7.277000E+9	+9.113582E-1	-2.027097E-1
+7.277015E+9	+9.111342E-1	-2.028048E-1
+7.277030E+9	+9.114274E-1	-2.032483E-1
+7.277045E+9	+9.112706E-1	-2.033113E-1
+7.277060E+9	+9.118041E-1	-2.034914E-1
+7.277075E+9	+9.111198E-1	-2.041384E-1
+7.277090E+9	+9.113523E-1	-2.040138E-1
+7.277105E+9	+9.111593E-1	-2.041471E-1
+7.277120E+9	+9.114372E-1	-2.045437E-1
+7.277135E+9	+9.115035E-1	-2.049103E-1
+7.277150E+9	+9.116999E-1	-2.052165E-1
+7.277165E+9	+9.110013E-1	-2.047617E-1
+7.277180E+9	+9.109996E-1	-2.048403E-1
+7.277195E+9	+9.113304E-1	-2.049680E-1
+7.277210E+9	+9.111299E-1	-2.053019E-1
+7.277225E+9	+9.114421E-1	-2.053636E-1
+7.277240E+9	+9.109201E-1	-2.052349E-1
+7.277255E+9	+9.105114E-1	-2.058747E-1
+7.277270E+9	+9.105954E-1	-2.060878E-1
+7.277285E+9	+9.112410E-1	-2.064631E-1
+7.277300E+9	+9.108888E-1	-2.063607E-1
+7.277315E+9	+9.109561E-1	-2.063856E-1
+7.277330E+9	+9.106722E-1	-2.063937E-1
+7.277345E+9	+9.105019E-1	-2.062918E-1
+7.277360E+9	+9.103937E-1	-2.067897E-1
+7.277375E+9	+9.104573E-1	-2.068056E-1
+7.277390E+9	+9.101510E-1	-2.070380E-1
+7.277405E+9	+9.102416E-1	-2.072517E-1
+7.277420E+9	+9.100849E-1	-2.071718E-1
+7.277435E+9	+9.105326E-1	-2.076339E-1
+7.277450E+9	+9.104277E-1	-2.078971E-1
+7.277465E+9	+9.106723E-1	-2.079173E-1
+7.277480E+9	+9.106560E-1	-2.081164E-1
+7.277495E+9	+9.101443E-1	-2.085240E-1
+7.277510E+9	+9.099232E-1	-2.087650E-1
+7.277525E+9	+9.102913E-1	-2.090506E-1
+7.277540E+9	+9.100897E-1	-2.087968E-1
+7.277555E+9	+9.101855E-1	-2.094965E-1
+7.277570E+9	+9.100426E-1	-2.092036E-1
+7.277585E+9	+9.101068E-1	-2.094226E-1
+7.277600E+9	+9.099979E-1	-2.100981E-1
+7.277615E+9	+9.097099E-1	-2.102195E-1
+7.277630E+9	+9.097384E-1	-2.106794E-1
+7.277645E+9	+9.097287E-1	-2.106865E-1
+7.277660E+9	+9.099596E-1	-2.105709E-1
+7.277675E+9	+9.102166E-1	-2.101744E-1
+7.277690E+9	+9.097417E-1	-2.103315E-1
+7.277705E+9	+9.096758E-1	-2.105109E-1
+7.277720E+9	+9.093216E-1	-2.105449E-1
+7.277735E+9	+9.091237E-1	-2.109968E-1
+7.277750E+9	+9.093152E-1	-2.111934E-1
+7.277765E+9	+9.094302E-1	-2.116409E-1
+7.277780E+9	+9.095338E-1	-2.117686E-1
+7.277795E+9	+9.091720E-1	-2.121106E-1
+7.277810E+9	+9.093251E-1	-2.120783E-1
+7.277825E+9	+9.094077E-1	-2.119666E-1
+7.277840E+9	+9.093176E-1	-2.121758E-1
+7.277855E+9	+9.090906E-1	-2.125351E-1
+7.277870E+9	+9.089682E-1	-2.129159E-1
+7.277885E+9	+9.093240E-1	-2.129828E-1
+7.277900E+9	+9.094086E-1	-2.130113E-1
+7.277915E+9	+9.092298E-1	-2.132370E-1
+7.277930E+9	+9.089847E-1	-2.132622E-1
+7.277945E+9	+9.090976E-1	-2.133667E-1
+7.277960E+9	+9.090923E-1	-2.138177E-1
+7.277975E+9	+9.090868E-1	-2.140710E-1
+7.277990E+9	+9.086288E-1	-2.142865E-1
+7.278005E+9	+9.087710E-1	-2.142723E-1
+7.278020E+9	+9.086376E-1	-2.142434E-1
+7.278035E+9	+9.090535E-1	-2.146397E-1
+7.278050E+9	+9.088567E-1	-2.147793E-1
+7.278065E+9	+9.085981E-1	-2.148840E-1
+7.278080E+9	+9.084262E-1	-2.154236E-1
+7.278095E+9	+9.086032E-1	-2.153070E-1
+7.278110E+9	+9.085370E-1	-2.154365E-1
+7.278125E+9	+9.082998E-1	-2.156451E-1
+7.278140E+9	+9.080735E-1	-2.157155E-1
+7.278155E+9	+9.083266E-1	-2.159141E-1
+7.278170E+9	+9.080592E-1	-2.161622E-1
+7.278185E+9	+9.078719E-1	-2.165121E-1
+7.278200E+9	+9.082306E-1	-2.165782E-1
+7.278215E+9	+9.083386E-1	-2.165431E-1
+7.278230E+9	+9.084212E-1	-2.167628E-1
+7.278245E+9	+9.080621E-1	-2.166778E-1
+7.278260E+9	+9.078473E-1	-2.172801E-1
+7.278275E+9	+9.075843E-1	-2.171082E-1
+7.278290E+9	+9.076915E-1	-2.171702E-1
+7.278305E+9	+9.079738E-1	-2.176426E-1
+7.278320E+9	+9.078335E-1	-2.177622E-1
+7.278335E+9	+9.076251E-1	-2.180659E-1
+7.278350E+9	+9.075656E-1	-2.180679E-1
+7.278365E+9	+9.074120E-1	-2.182404E-1
+7.278380E+9	+9.078127E-1	-2.184069E-1
+7.278395E+9	+9.078567E-1	-2.184208E-1
+7.278410E+9	+9.077704E-1	-2.185712E-1
+7.278425E+9	+9.071768E-1	-2.187954E-1
+7.278440E+9	+9.068912E-1	-2.188916E-1
+7.278455E+9	+9.071544E-1	-2.191065E-1
+7.278470E+9	+9.071698E-1	-2.192086E-1
+7.278485E+9	+9.071636E-1	-2.196530E-1
+7.278500E+9	+9.071394E-1	-2.198072E-1
+7.278515E+9	+9.070048E-1	-2.199738E-1
+7.278530E+9	+9.074316E-1	-2.203118E-1
+7.278545E+9	+9.074283E-1	-2.200176E-1
+7.278560E+9	+9.069578E-1	-2.199562E-1
+7.278575E+9	+9.073810E-1	-2.206890E-1
+7.278590E+9	+9.067312E-1	-2.208228E-1
+7.278605E+9	+9.067050E-1	-2.208854E-1
+7.278620E+9	+9.067596E-1	-2.213560E-1
+7.278635E+9	+9.066803E-1	-2.215746E-1
+7.278650E+9	+9.067349E-1	-2.219562E-1
+7.278665E+9	+9.069767E-1	-2.219307E-1
+7.278680E+9	+9.070521E-1	-2.220430E-1
+7.278695E+9	+9.066206E-1	-2.219468E-1
+7.278710E+9	+9.066608E-1	-2.223820E-1
+7.278725E+9	+9.072257E-1	-2.226884E-1
+7.278740E+9	+9.066670E-1	-2.224038E-1
+7.278755E+9	+9.063968E-1	-2.225817E-1
+7.278770E+9	+9.063517E-1	-2.226432E-1
+7.278785E+9	+9.061441E-1	-2.228014E-1
+7.278800E+9	+9.063709E-1	-2.238252E-1
+7.278815E+9	+9.065180E-1	-2.236155E-1
+7.278830E+9	+9.061916E-1	-2.237234E-1
+7.278845E+9	+9.062666E-1	-2.242401E-1
+7.278860E+9	+9.058905E-1	-2.242007E-1
+7.278875E+9	+9.064103E-1	-2.241192E-1
+7.278890E+9	+9.061529E-1	-2.243988E-1
+7.278905E+9	+9.059577E-1	-2.250061E-1
+7.278920E+9	+9.063092E-1	-2.246894E-1
+7.278935E+9	+9.059426E-1	-2.246318E-1
+7.278950E+9	+9.057049E-1	-2.249869E-1
+7.278965E+9	+9.058733E-1	-2.251881E-1
+7.278980E+9	+9.057152E-1	-2.252609E-1
+7.278995E+9	+9.057769E-1	-2.252085E-1
+7.279010E+9	+9.054652E-1	-2.258191E-1
+7.279025E+9	+9.055055E-1	-2.260075E-1
+7.279040E+9	+9.055984E-1	-2.265420E-1
+7.279055E+9	+9.057721E-1	-2.266798E-1
+7.279070E+9	+9.056405E-1	-2.268664E-1
+7.279085E+9	+9.053803E-1	-2.269385E-1
+7.279100E+9	+9.054907E-1	-2.269225E-1
+7.279115E+9	+9.053545E-1	-2.269597E-1
+7.279130E+9	+9.050565E-1	-2.267731E-1
+7.279145E+9	+9.052078E-1	-2.268070E-1
+7.279160E+9	+9.052556E-1	-2.273335E-1
+7.279175E+9	+9.051816E-1	-2.275740E-1
+7.279190E+9	+9.053517E-1	-2.280992E-1
+7.279205E+9	+9.052987E-1	-2.282972E-1
+7.279220E+9	+9.052817E-1	-2.283434E-1
+7.279235E+9	+9.051843E-1	-2.283585E-1
+7.279250E+9	+9.051663E-1	-2.284229E-1
+7.279265E+9	+9.050854E-1	-2.287357E-1
+7.279280E+9	+9.048975E-1	-2.290228E-1
+7.279295E+9	+9.046246E-1	-2.293097E-1
+7.279310E+9	+9.046245E-1	-2.292388E-1
+7.279325E+9	+9.051686E-1	-2.290825E-1
+7.279340E+9	+9.050858E-1	-2.292014E-1
+7.279355E+9	+9.048523E-1	-2.295674E-1
+7.279370E+9	+9.045275E-1	-2.295553E-1
+7.279385E+9	+9.046160E-1	-2.295455E-1
+7.279400E+9	+9.045352E-1	-2.297739E-1
+7.279415E+9	+9.043185E-1	-2.301612E-1
+7.279430E+9	+9.046378E-1	-2.306323E-1
+7.279445E+9	+9.045899E-1	-2.304197E-1
+7.279460E+9	+9.043156E-1	-2.307185E-1
+7.279475E+9	+9.044027E-1	-2.309257E-1
+7.279490E+9	+9.040421E-1	-2.310574E-1
+7.279505E+9	+9.037630E-1	-2.316761E-1
+7.279520E+9	+9.042405E-1	-2.314300E-1
+7.279535E+9	+9.043769E-1	-2.317246E-1
+7.279550E+9	+9.041620E-1	-2.324284E-1
+7.279565E+9	+9.040872E-1	-2.324882E-1
+7.279580E+9	+9.033995E-1	-2.321085E-1
+7.279595E+9	+9.035515E-1	-2.320702E-1
+7.279610E+9	+9.042197E-1	-2.325089E-1
+7.279625E+9	+9.041772E-1	-2.326268E-1
+7.279640E+9	+9.035176E-1	-2.327104E-1
+7.279655E+9	+9.033010E-1	-2.325941E-1
+7.279670E+9	+9.034852E-1	-2.327823E-1
+7.279685E+9	+9.032011E-1	-2.330171E-1
+7.279700E+9	+9.033197E-1	-2.333335E-1
+7.279715E+9	+9.034212E-1	-2.336774E-1
+7.279730E+9	+9.031379E-1	-2.341771E-1
+7.279745E+9	+9.033076E-1	-2.337200E-1
+7.279760E+9	+9.036432E-1	-2.340624E-1
+7.279775E+9	+9.036052E-1	-2.342507E-1
+7.279790E+9	+9.038124E-1	-2.343718E-1
+7.279805E+9	+9.038244E-1	-2.344777E-1
+7.279820E+9	+9.032935E-1	-2.345982E-1
+7.279835E+9	+9.031135E-1	-2.346537E-1
+7.279850E+9	+9.031695E-1	-2.348018E-1
+7.279865E+9	+9.030807E-1	-2.352649E-1
+7.279880E+9	+9.027841E-1	-2.361811E-1
+7.279895E+9	+9.029087E-1	-2.360931E-1
+7.279910E+9	+9.030853E-1	-2.362307E-1
+7.279925E+9	+9.029089E-1	-2.359947E-1
+7.279940E+9	+9.027734E-1	-2.359544E-1
+7.279955E+9	+9.027119E-1	-2.358427E-1
+7.279970E+9	+9.029924E-1	-2.362869E-1
+7.279985E+9	+9.027351E-1	-2.367801E-1
+7.280000E+9	+9.026029E-1	-2.368940E-1
+7.280015E+9	+9.027068E-1	-2.369524E-1
+7.280030E+9	+9.028714E-1	-2.369996E-1
+7.280045E+9	+9.031569E-1	-2.370838E-1
+7.280060E+9	+9.032824E-1	-2.371471E-1
+7.280075E+9	+9.023051E-1	-2.380499E-1
+7.280090E+9	+9.026629E-1	-2.381897E-1
+7.280105E+9	+9.026975E-1	-2.384918E-1
+7.280120E+9	+9.029157E-1	-2.381121E-1
+7.280135E+9	+9.024827E-1	-2.382287E-1
+7.280150E+9	+9.017588E-1	-2.394141E-1
+7.280165E+9	+9.021683E-1	-2.388150E-1
+7.280180E+9	+9.022568E-1	-2.386611E-1
+7.280195E+9	+9.022490E-1	-2.389277E-1
+7.280210E+9	+9.020824E-1	-2.390631E-1
+7.280225E+9	+9.021261E-1	-2.391493E-1
+7.280240E+9	+9.020302E-1	-2.393995E-1
+7.280255E+9	+9.017902E-1	-2.393420E-1
+7.280270E+9	+9.018846E-1	-2.397370E-1
+7.280285E+9	+9.017472E-1	-2.399746E-1
+7.280300E+9	+9.011968E-1	-2.397699E-1
+7.280315E+9	+9.016157E-1	-2.398966E-1
+7.280330E+9	+9.018808E-1	-2.403953E-1
+7.280345E+9	+9.020500E-1	-2.407343E-1
+7.280360E+9	+9.024007E-1	-2.409447E-1
+7.280375E+9	+9.015278E-1	-2.417006E-1
+7.280390E+9	+9.014417E-1	-2.416512E-1
+7.280405E+9	+9.015980E-1	-2.415766E-1
+7.280420E+9	+9.015728E-1	-2.414721E-1
+7.280435E+9	+9.010018E-1	-2.412306E-1
+7.280450E+9	+9.009014E-1	-2.417663E-1
+7.280465E+9	+9.009030E-1	-2.417042E-1
+7.280480E+9	+9.014640E-1	-2.423623E-1
+7.280495E+9	+9.011017E-1	-2.429218E-1
+7.280510E+9	+9.006921E-1	-2.432593E-1
+7.280525E+9	+9.009525E-1	-2.435963E-1
+7.280540E+9	+9.007463E-1	-2.434454E-1
+7.280555E+9	+9.009475E-1	-2.429769E-1
+7.280570E+9	+9.011531E-1	-2.431272E-1
+7.280585E+9	+9.009899E-1	-2.442359E-1
+7.280600E+9	+9.000865E-1	-2.440678E-1
+7.280615E+9	+9.005201E-1	-2.440539E-1
+7.280630E+9	+9.005252E-1	-2.437363E-1
+7.280645E+9	+9.006907E-1	-2.439252E-1
+7.280660E+9	+9.006393E-1	-2.445183E-1
+7.280675E+9	+9.005959E-1	-2.443894E-1
+7.280690E+9	+9.002282E-1	-2.443479E-1
+7.280705E+9	+9.002069E-1	-2.445653E-1
+7.280720E+9	+9.002560E-1	-2.450366E-1
+7.280735E+9	+8.999673E-1	-2.453438E-1
+7.280750E+9	+9.003754E-1	-2.449252E-1
+7.280765E+9	+9.001265E-1	-2.450253E-1
+7.280780E+9	+9.002210E-1	-2.460444E-1
+7.280795E+9	+9.007113E-1	-2.461192E-1
+7.280810E+9	+9.011122E-1	-2.463488E-1
+7.280825E+9	+9.003584E-1	-2.460700E-1
+7.280840E+9	+8.999340E-1	-2.464707E-1
+7.280855E+9	+8.996701E-1	-2.464156E-1
+7.280870E+9	+8.997836E-1	-2.466867E-1
+7.280885E+9	+8.999331E-1	-2.470985E-1
+7.280900E+9	+8.997353E-1	-2.474274E-1
+7.280915E+9	+8.999705E-1	-2.476782E-1
+7.280930E+9	+9.000160E-1	-2.480373E-1
+7.280945E+9	+8.991861E-1	-2.484260E-1
+7.280960E+9	+8.991038E-1	-2.476922E-1
+7.280975E+9	+8.999687E-1	-2.482504E-1
+7.280990E+9	+8.998418E-1	-2.482101E-1
+7.281005E+9	+8.997789E-1	-2.483099E-1
+7.281020E+9	+8.996330E-1	-2.486533E-1
+7.281035E+9	+8.995133E-1	-2.489184E-1
+7.281050E+9	+8.994547E-1	-2.492976E-1
+7.281065E+9	+8.987747E-1	-2.489247E-1
+7.281080E+9	+8.991141E-1	-2.484795E-1
+7.281095E+9	+8.994745E-1	-2.490206E-1
+7.281110E+9	+8.992517E-1	-2.492741E-1
+7.281125E+9	+8.989499E-1	-2.492366E-1
+7.281140E+9	+8.987635E-1	-2.491903E-1
+7.281155E+9	+8.986946E-1	-2.494622E-1
+7.281170E+9	+8.989785E-1	-2.501688E-1
+7.281185E+9	+8.991119E-1	-2.507411E-1
+7.281200E+9	+8.986061E-1	-2.512821E-1
+7.281215E+9	+8.986022E-1	-2.511176E-1
+7.281230E+9	+8.985344E-1	-2.510665E-1
+7.281245E+9	+8.988218E-1	-2.508448E-1
+7.281260E+9	+8.987887E-1	-2.512665E-1
+7.281275E+9	+8.983524E-1	-2.516086E-1
+7.281290E+9	+8.981966E-1	-2.516424E-1
+7.281305E+9	+8.980528E-1	-2.517152E-1
+7.281320E+9	+8.984607E-1	-2.517697E-1
+7.281335E+9	+8.983042E-1	-2.519632E-1
+7.281350E+9	+8.981224E-1	-2.524860E-1
+7.281365E+9	+8.980597E-1	-2.525311E-1
+7.281380E+9	+8.979007E-1	-2.527372E-1
+7.281395E+9	+8.980667E-1	-2.529853E-1
+7.281410E+9	+8.985098E-1	-2.530795E-1
+7.281425E+9	+8.980474E-1	-2.528940E-1
+7.281440E+9	+8.982263E-1	-2.531100E-1
+7.281455E+9	+8.974761E-1	-2.533200E-1
+7.281470E+9	+8.979027E-1	-2.539592E-1
+7.281485E+9	+8.978032E-1	-2.542138E-1
+7.281500E+9	+8.976148E-1	-2.543704E-1
+7.281515E+9	+8.979406E-1	-2.543797E-1
+7.281530E+9	+8.971776E-1	-2.548973E-1
+7.281545E+9	+8.973258E-1	-2.549214E-1
+7.281560E+9	+8.973194E-1	-2.544526E-1
+7.281575E+9	+8.978356E-1	-2.541480E-1
+7.281590E+9	+8.977671E-1	-2.547160E-1
+7.281605E+9	+8.980853E-1	-2.547958E-1
+7.281620E+9	+8.976626E-1	-2.551114E-1
+7.281635E+9	+8.971889E-1	-2.553751E-1
+7.281650E+9	+8.974051E-1	-2.555417E-1
+7.281665E+9	+8.978038E-1	-2.564325E-1
+7.281680E+9	+8.976977E-1	-2.563165E-1
+7.281695E+9	+8.968546E-1	-2.564829E-1
+7.281710E+9	+8.972520E-1	-2.563832E-1
+7.281725E+9	+8.972885E-1	-2.562409E-1
+7.281740E+9	+8.967834E-1	-2.562549E-1
+7.281755E+9	+8.963210E-1	-2.568597E-1
+7.281770E+9	+8.971847E-1	-2.574708E-1
+7.281785E+9	+8.970129E-1	-2.574530E-1
+7.281800E+9	+8.967057E-1	-2.583941E-1
+7.281815E+9	+8.963767E-1	-2.580775E-1
+7.281830E+9	+8.964744E-1	-2.577685E-1
+7.281845E+9	+8.967175E-1	-2.580410E-1
+7.281860E+9	+8.967292E-1	-2.579534E-1
+7.281875E+9	+8.967077E-1	-2.582175E-1
+7.281890E+9	+8.967988E-1	-2.584589E-1
+7.281905E+9	+8.966732E-1	-2.593717E-1
+7.281920E+9	+8.962849E-1	-2.586556E-1
+7.281935E+9	+8.962178E-1	-2.587930E-1
+7.281950E+9	+8.956785E-1	-2.591225E-1
+7.281965E+9	+8.958489E-1	-2.594210E-1
+7.281980E+9	+8.952174E-1	-2.594597E-1
+7.281995E+9	+8.953756E-1	-2.594073E-1
+7.282010E+9	+8.957138E-1	-2.593893E-1
+7.282025E+9	+8.959246E-1	-2.602467E-1
+7.282040E+9	+8.957984E-1	-2.603532E-1
+7.282055E+9	+8.958913E-1	-2.602690E-1
+7.282070E+9	+8.960972E-1	-2.606839E-1
+7.282085E+9	+8.956293E-1	-2.608893E-1
+7.282100E+9	+8.947739E-1	-2.604806E-1
+7.282115E+9	+8.951468E-1	-2.609193E-1
+7.282130E+9	+8.952893E-1	-2.604135E-1
+7.282145E+9	+8.954386E-1	-2.606208E-1
+7.282160E+9	+8.952024E-1	-2.613486E-1
+7.282175E+9	+8.955713E-1	-2.618003E-1
+7.282190E+9	+8.950779E-1	-2.619799E-1
+7.282205E+9	+8.951511E-1	-2.619851E-1
+7.282220E+9	+8.954951E-1	-2.619779E-1
+7.282235E+9	+8.955240E-1	-2.628159E-1
+7.282250E+9	+8.946021E-1	-2.626133E-1
+7.282265E+9	+8.951082E-1	-2.623194E-1
+7.282280E+9	+8.953588E-1	-2.617693E-1
+7.282295E+9	+8.948866E-1	-2.625506E-1
+7.282310E+9	+8.951418E-1	-2.627954E-1
+7.282325E+9	+8.950358E-1	-2.629143E-1
+7.282340E+9	+8.951464E-1	-2.633772E-1
+7.282355E+9	+8.954208E-1	-2.633087E-1
+7.282370E+9	+8.945424E-1	-2.629868E-1
+7.282385E+9	+8.945886E-1	-2.633600E-1
+7.282400E+9	+8.942337E-1	-2.644309E-1
+7.282415E+9	+8.946365E-1	-2.639487E-1
+7.282430E+9	+8.949254E-1	-2.641267E-1
+7.282445E+9	+8.943681E-1	-2.643458E-1
+7.282460E+9	+8.943746E-1	-2.645449E-1
+7.282475E+9	+8.945548E-1	-2.652533E-1
+7.282490E+9	+8.944839E-1	-2.654480E-1
+7.282505E+9	+8.947212E-1	-2.649472E-1
+7.282520E+9	+8.940745E-1	-2.652940E-1
+7.282535E+9	+8.938791E-1	-2.648871E-1
+7.282550E+9	+8.937424E-1	-2.653356E-1
+7.282565E+9	+8.941039E-1	-2.659733E-1
+7.282580E+9	+8.941837E-1	-2.667473E-1
+7.282595E+9	+8.937787E-1	-2.670064E-1
+7.282610E+9	+8.932863E-1	-2.666473E-1
+7.282625E+9	+8.937329E-1	-2.667348E-1
+7.282640E+9	+8.938306E-1	-2.668900E-1
+7.282655E+9	+8.942438E-1	-2.673785E-1
+7.282670E+9	+8.935262E-1	-2.672514E-1
+7.282685E+9	+8.938059E-1	-2.671282E-1
+7.282700E+9	+8.936897E-1	-2.671443E-1
+7.282715E+9	+8.938746E-1	-2.671360E-1
+7.282730E+9	+8.940274E-1	-2.675096E-1
+7.282745E+9	+8.936468E-1	-2.678241E-1
+7.282760E+9	+8.934908E-1	-2.680269E-1
+7.282775E+9	+8.934300E-1	-2.687609E-1
+7.282790E+9	+8.936459E-1	-2.685729E-1
+7.282805E+9	+8.934456E-1	-2.683349E-1
+7.282820E+9	+8.927251E-1	-2.686097E-1
+7.282835E+9	+8.934338E-1	-2.692298E-1
+7.282850E+9	+8.940326E-1	-2.695786E-1
+7.282865E+9	+8.931779E-1	-2.694088E-1
+7.282880E+9	+8.926990E-1	-2.693908E-1
+7.282895E+9	+8.928984E-1	-2.694978E-1
+7.282910E+9	+8.929219E-1	-2.701350E-1
+7.282925E+9	+8.929511E-1	-2.698053E-1
+7.282940E+9	+8.925217E-1	-2.701838E-1
+7.282955E+9	+8.924435E-1	-2.703950E-1
+7.282970E+9	+8.923833E-1	-2.705694E-1
+7.282985E+9	+8.927895E-1	-2.707346E-1
+7.283000E+9	+8.925176E-1	-2.711199E-1
+7.283015E+9	+8.922394E-1	-2.715315E-1
+7.283030E+9	+8.918599E-1	-2.713595E-1
+7.283045E+9	+8.924907E-1	-2.716578E-1
+7.283060E+9	+8.923315E-1	-2.715173E-1
+7.283075E+9	+8.918003E-1	-2.716264E-1
+7.283090E+9	+8.921698E-1	-2.724470E-1
+7.283105E+9	+8.924262E-1	-2.723633E-1
+7.283120E+9	+8.919476E-1	-2.723286E-1
+7.283135E+9	+8.920478E-1	-2.723220E-1
+7.283150E+9	+8.919438E-1	-2.723646E-1
+7.283165E+9	+8.917307E-1	-2.722295E-1
+7.283180E+9	+8.917379E-1	-2.724665E-1
+7.283195E+9	+8.915756E-1	-2.729589E-1
+7.283210E+9	+8.916658E-1	-2.734171E-1
+7.283225E+9	+8.925264E-1	-2.734626E-1
+7.283240E+9	+8.920639E-1	-2.736805E-1
+7.283255E+9	+8.918106E-1	-2.744161E-1
+7.283270E+9	+8.916580E-1	-2.741587E-1
+7.283285E+9	+8.916112E-1	-2.739548E-1
+7.283300E+9	+8.915308E-1	-2.743240E-1
+7.283315E+9	+8.912759E-1	-2.743516E-1
+7.283330E+9	+8.916448E-1	-2.745966E-1
+7.283345E+9	+8.912670E-1	-2.750498E-1
+7.283360E+9	+8.911337E-1	-2.753202E-1
+7.283375E+9	+8.907016E-1	-2.755318E-1
+7.283390E+9	+8.904266E-1	-2.757898E-1
+7.283405E+9	+8.904836E-1	-2.751874E-1
+7.283420E+9	+8.903704E-1	-2.750692E-1
+7.283435E+9	+8.910556E-1	-2.758693E-1
+7.283450E+9	+8.908039E-1	-2.758795E-1
+7.283465E+9	+8.905789E-1	-2.762662E-1
+7.283480E+9	+8.906306E-1	-2.765737E-1
+7.283495E+9	+8.905188E-1	-2.761089E-1
+7.283510E+9	+8.910644E-1	-2.764387E-1
+7.283525E+9	+8.911161E-1	-2.774826E-1
+7.283540E+9	+8.902693E-1	-2.773739E-1
+7.283555E+9	+8.895814E-1	-2.774824E-1
+7.283570E+9	+8.898597E-1	-2.773072E-1
+7.283585E+9	+8.903619E-1	-2.773711E-1
+7.283600E+9	+8.902752E-1	-2.782145E-1
+7.283615E+9	+8.903211E-1	-2.781306E-1
+7.283630E+9	+8.903595E-1	-2.777870E-1
+7.283645E+9	+8.904165E-1	-2.783252E-1
+7.283660E+9	+8.900553E-1	-2.784230E-1
+7.283675E+9	+8.901282E-1	-2.782943E-1
+7.283690E+9	+8.898700E-1	-2.784215E-1
+7.283705E+9	+8.902891E-1	-2.788840E-1
+7.283720E+9	+8.905553E-1	-2.790207E-1
+7.283735E+9	+8.904162E-1	-2.790549E-1
+7.283750E+9	+8.898069E-1	-2.793546E-1
+7.283765E+9	+8.891275E-1	-2.800099E-1
+7.283780E+9	+8.884699E-1	-2.797970E-1
+7.283795E+9	+8.889743E-1	-2.790915E-1
+7.283810E+9	+8.898669E-1	-2.796213E-1
+7.283825E+9	+8.901733E-1	-2.809496E-1
+7.283840E+9	+8.897172E-1	-2.802871E-1
+7.283855E+9	+8.894519E-1	-2.803055E-1
+7.283870E+9	+8.892963E-1	-2.809910E-1
+7.283885E+9	+8.895018E-1	-2.810161E-1
+7.283900E+9	+8.895676E-1	-2.809866E-1
+7.283915E+9	+8.892737E-1	-2.807512E-1
+7.283930E+9	+8.891054E-1	-2.811355E-1
+7.283945E+9	+8.886016E-1	-2.812911E-1
+7.283960E+9	+8.885600E-1	-2.822830E-1
+7.283975E+9	+8.893272E-1	-2.816441E-1
+7.283990E+9	+8.896847E-1	-2.817185E-1
+7.284005E+9	+8.889803E-1	-2.821584E-1
+7.284020E+9	+8.891448E-1	-2.827239E-1
+7.284035E+9	+8.892801E-1	-2.826969E-1
+7.284050E+9	+8.893141E-1	-2.831283E-1
+7.284065E+9	+8.890644E-1	-2.829850E-1
+7.284080E+9	+8.884085E-1	-2.830787E-1
+7.284095E+9	+8.883223E-1	-2.828854E-1
+7.284110E+9	+8.882768E-1	-2.830694E-1
+7.284125E+9	+8.881172E-1	-2.834766E-1
+7.284140E+9	+8.882162E-1	-2.837882E-1
+7.284155E+9	+8.882848E-1	-2.839874E-1
+7.284170E+9	+8.881916E-1	-2.833459E-1
+7.284185E+9	+8.884554E-1	-2.838837E-1
+7.284200E+9	+8.881415E-1	-2.843121E-1
+7.284215E+9	+8.880225E-1	-2.845421E-1
+7.284230E+9	+8.878451E-1	-2.849159E-1
+7.284245E+9	+8.878044E-1	-2.846494E-1
+7.284260E+9	+8.878465E-1	-2.843416E-1
+7.284275E+9	+8.882472E-1	-2.849552E-1
+7.284290E+9	+8.886532E-1	-2.856725E-1
+7.284305E+9	+8.877870E-1	-2.860104E-1
+7.284320E+9	+8.879476E-1	-2.859909E-1
+7.284335E+9	+8.876382E-1	-2.865183E-1
+7.284350E+9	+8.875246E-1	-2.864130E-1
+7.284365E+9	+8.874257E-1	-2.869879E-1
+7.284380E+9	+8.878625E-1	-2.873350E-1
+7.284395E+9	+8.881152E-1	-2.870668E-1
+7.284410E+9	+8.872224E-1	-2.868373E-1
+7.284425E+9	+8.871347E-1	-2.872438E-1
+7.284440E+9	+8.866903E-1	-2.873953E-1
+7.284455E+9	+8.871549E-1	-2.880014E-1
+7.284470E+9	+8.871235E-1	-2.884905E-1
+7.284485E+9	+8.872814E-1	-2.877998E-1
+7.284500E+9	+8.879056E-1	-2.867960E-1
+7.284515E+9	+8.871103E-1	-2.872003E-1
+7.284530E+9	+8.869323E-1	-2.875932E-1
+7.284545E+9	+8.871458E-1	-2.880719E-1
+7.284560E+9	+8.868185E-1	-2.883941E-1
+7.284575E+9	+8.866359E-1	-2.881429E-1
+7.284590E+9	+8.869913E-1	-2.887848E-1
+7.284605E+9	+8.866662E-1	-2.892414E-1
+7.284620E+9	+8.865823E-1	-2.891043E-1
+7.284635E+9	+8.860866E-1	-2.894014E-1
+7.284650E+9	+8.859606E-1	-2.897566E-1
+7.284665E+9	+8.864718E-1	-2.896805E-1
+7.284680E+9	+8.856695E-1	-2.905506E-1
+7.284695E+9	+8.854267E-1	-2.900979E-1
+7.284710E+9	+8.855957E-1	-2.898973E-1
+7.284725E+9	+8.860706E-1	-2.902031E-1
+7.284740E+9	+8.857641E-1	-2.902631E-1
+7.284755E+9	+8.851056E-1	-2.904215E-1
+7.284770E+9	+8.852302E-1	-2.905046E-1
+7.284785E+9	+8.853815E-1	-2.913742E-1
+7.284800E+9	+8.856816E-1	-2.913264E-1
+7.284815E+9	+8.853574E-1	-2.919418E-1
+7.284830E+9	+8.853724E-1	-2.922888E-1
+7.284845E+9	+8.852248E-1	-2.922503E-1
+7.284860E+9	+8.850794E-1	-2.922212E-1
+7.284875E+9	+8.855433E-1	-2.915385E-1
+7.284890E+9	+8.854410E-1	-2.924936E-1
+7.284905E+9	+8.854255E-1	-2.923418E-1
+7.284920E+9	+8.849697E-1	-2.925985E-1
+7.284935E+9	+8.842416E-1	-2.931394E-1
+7.284950E+9	+8.845358E-1	-2.928673E-1
+7.284965E+9	+8.846442E-1	-2.928158E-1
+7.284980E+9	+8.846209E-1	-2.936900E-1
+7.284995E+9	+8.843449E-1	-2.943249E-1
+7.285010E+9	+8.843212E-1	-2.940310E-1
+7.285025E+9	+8.844115E-1	-2.940045E-1
+7.285040E+9	+8.844188E-1	-2.936964E-1
+7.285055E+9	+8.842301E-1	-2.939566E-1
+7.285070E+9	+8.836586E-1	-2.944472E-1
+7.285085E+9	+8.841332E-1	-2.943618E-1
+7.285100E+9	+8.852735E-1	-2.943526E-1
+7.285115E+9	+8.845946E-1	-2.945962E-1
+7.285130E+9	+8.843885E-1	-2.946738E-1
+7.285145E+9	+8.841972E-1	-2.951604E-1
+7.285160E+9	+8.837630E-1	-2.955176E-1
+7.285175E+9	+8.833720E-1	-2.959521E-1
+7.285190E+9	+8.838547E-1	-2.956119E-1
+7.285205E+9	+8.842263E-1	-2.963521E-1
+7.285220E+9	+8.839399E-1	-2.964628E-1
+7.285235E+9	+8.838169E-1	-2.971147E-1
+7.285250E+9	+8.836769E-1	-2.967511E-1
+7.285265E+9	+8.834942E-1	-2.962017E-1
+7.285280E+9	+8.829765E-1	-2.962353E-1
+7.285295E+9	+8.832498E-1	-2.966476E-1
+7.285310E+9	+8.837511E-1	-2.975712E-1
+7.285325E+9	+8.842315E-1	-2.973865E-1
+7.285340E+9	+8.839121E-1	-2.968761E-1
+7.285355E+9	+8.837606E-1	-2.975973E-1
+7.285370E+9	+8.837372E-1	-2.977233E-1
+7.285385E+9	+8.835704E-1	-2.982352E-1
+7.285400E+9	+8.836660E-1	-2.988679E-1
+7.285415E+9	+8.834430E-1	-2.984471E-1
+7.285430E+9	+8.835381E-1	-2.981182E-1
+7.285445E+9	+8.834533E-1	-2.983975E-1
+7.285460E+9	+8.836937E-1	-2.985161E-1
+7.285475E+9	+8.834947E-1	-2.981702E-1
+7.285490E+9	+8.830196E-1	-2.984342E-1
+7.285505E+9	+8.823687E-1	-2.994768E-1
+7.285520E+9	+8.828059E-1	-2.993710E-1
+7.285535E+9	+8.829139E-1	-2.997918E-1
+7.285550E+9	+8.828413E-1	-3.006926E-1
+7.285565E+9	+8.823285E-1	-3.002174E-1
+7.285580E+9	+8.819930E-1	-3.003376E-1
+7.285595E+9	+8.821237E-1	-3.002858E-1
+7.285610E+9	+8.824588E-1	-3.004000E-1
+7.285625E+9	+8.825822E-1	-3.010134E-1
+7.285640E+9	+8.829611E-1	-3.004539E-1
+7.285655E+9	+8.824946E-1	-3.005448E-1
+7.285670E+9	+8.817314E-1	-3.009202E-1
+7.285685E+9	+8.815520E-1	-3.009975E-1
+7.285700E+9	+8.820187E-1	-3.019834E-1
+7.285715E+9	+8.815762E-1	-3.012535E-1
+7.285730E+9	+8.820210E-1	-3.009988E-1
+7.285745E+9	+8.826311E-1	-3.017467E-1
+7.285760E+9	+8.819614E-1	-3.022660E-1
+7.285775E+9	+8.819610E-1	-3.023625E-1
+7.285790E+9	+8.817751E-1	-3.030511E-1
+7.285805E+9	+8.817617E-1	-3.033012E-1
+7.285820E+9	+8.818323E-1	-3.032782E-1
+7.285835E+9	+8.813528E-1	-3.028292E-1
+7.285850E+9	+8.809893E-1	-3.023840E-1
+7.285865E+9	+8.806525E-1	-3.026798E-1
+7.285880E+9	+8.816150E-1	-3.035079E-1
+7.285895E+9	+8.817564E-1	-3.041416E-1
+7.285910E+9	+8.810481E-1	-3.042950E-1
+7.285925E+9	+8.807084E-1	-3.044768E-1
+7.285940E+9	+8.810690E-1	-3.045876E-1
+7.285955E+9	+8.807385E-1	-3.049030E-1
+7.285970E+9	+8.806034E-1	-3.049301E-1
+7.285985E+9	+8.811929E-1	-3.050750E-1
+7.286000E+9	+8.816518E-1	-3.041372E-1
+7.286015E+9	+8.814025E-1	-3.042328E-1
+7.286030E+9	+8.810218E-1	-3.052974E-1
+7.286045E+9	+8.805432E-1	-3.056001E-1
+7.286060E+9	+8.803093E-1	-3.051831E-1
+7.286075E+9	+8.804848E-1	-3.050609E-1
+7.286090E+9	+8.804146E-1	-3.045968E-1
+7.286105E+9	+8.808906E-1	-3.059591E-1
+7.286120E+9	+8.811004E-1	-3.063085E-1
+7.286135E+9	+8.799040E-1	-3.056962E-1
+7.286150E+9	+8.805359E-1	-3.058807E-1
+7.286165E+9	+8.802314E-1	-3.063699E-1
+7.286180E+9	+8.803192E-1	-3.068797E-1
+7.286195E+9	+8.800436E-1	-3.071394E-1
+7.286210E+9	+8.801777E-1	-3.069764E-1
+7.286225E+9	+8.802895E-1	-3.067065E-1
+7.286240E+9	+8.797997E-1	-3.072517E-1
+7.286255E+9	+8.794762E-1	-3.084409E-1
+7.286270E+9	+8.795254E-1	-3.085295E-1
+7.286285E+9	+8.801437E-1	-3.079455E-1
+7.286300E+9	+8.801334E-1	-3.069908E-1
+7.286315E+9	+8.794811E-1	-3.076857E-1
+7.286330E+9	+8.790293E-1	-3.084811E-1
+7.286345E+9	+8.794650E-1	-3.087811E-1
+7.286360E+9	+8.799714E-1	-3.084531E-1
+7.286375E+9	+8.795142E-1	-3.093566E-1
+7.286390E+9	+8.798229E-1	-3.093802E-1
+7.286405E+9	+8.791479E-1	-3.093083E-1
+7.286420E+9	+8.793116E-1	-3.094742E-1
+7.286435E+9	+8.797585E-1	-3.096291E-1
+7.286450E+9	+8.784788E-1	-3.101329E-1
+7.286465E+9	+8.788463E-1	-3.098060E-1
+7.286480E+9	+8.789431E-1	-3.101481E-1
+7.286495E+9	+8.790881E-1	-3.101522E-1
+7.286510E+9	+8.784638E-1	-3.100850E-1
+7.286525E+9	+8.779706E-1	-3.106607E-1
+7.286540E+9	+8.783993E-1	-3.106359E-1
+7.286555E+9	+8.785191E-1	-3.110934E-1
+7.286570E+9	+8.776661E-1	-3.109112E-1
+7.286585E+9	+8.778184E-1	-3.109939E-1
+7.286600E+9	+8.779786E-1	-3.116657E-1
+7.286615E+9	+8.782441E-1	-3.120921E-1
+7.286630E+9	+8.788024E-1	-3.118682E-1
+7.286645E+9	+8.781420E-1	-3.119200E-1
+7.286660E+9	+8.776838E-1	-3.119312E-1
+7.286675E+9	+8.772644E-1	-3.120320E-1
+7.286690E+9	+8.775176E-1	-3.122039E-1
+7.286705E+9	+8.772707E-1	-3.127607E-1
+7.286720E+9	+8.772344E-1	-3.129387E-1
+7.286735E+9	+8.777518E-1	-3.126036E-1
+7.286750E+9	+8.777850E-1	-3.122931E-1
+7.286765E+9	+8.775457E-1	-3.131104E-1
+7.286780E+9	+8.774491E-1	-3.136213E-1
+7.286795E+9	+8.776105E-1	-3.140855E-1
+7.286810E+9	+8.773830E-1	-3.138099E-1
+7.286825E+9	+8.774703E-1	-3.134055E-1
+7.286840E+9	+8.772536E-1	-3.135958E-1
+7.286855E+9	+8.766422E-1	-3.147929E-1
+7.286870E+9	+8.768306E-1	-3.150694E-1
+7.286885E+9	+8.774732E-1	-3.145498E-1
+7.286900E+9	+8.767170E-1	-3.154374E-1
+7.286915E+9	+8.772399E-1	-3.150837E-1
+7.286930E+9	+8.768577E-1	-3.147764E-1
+7.286945E+9	+8.768387E-1	-3.155075E-1
+7.286960E+9	+8.768899E-1	-3.155851E-1
+7.286975E+9	+8.773903E-1	-3.152614E-1
+7.286990E+9	+8.772114E-1	-3.160603E-1
+7.287005E+9	+8.763345E-1	-3.163083E-1
+7.287020E+9	+8.766344E-1	-3.153531E-1
+7.287035E+9	+8.761116E-1	-3.159028E-1
+7.287050E+9	+8.748381E-1	-3.166264E-1
+7.287065E+9	+8.748208E-1	-3.165569E-1
+7.287080E+9	+8.756379E-1	-3.164640E-1
+7.287095E+9	+8.758106E-1	-3.168213E-1
+7.287110E+9	+8.758406E-1	-3.166376E-1
+7.287125E+9	+8.755014E-1	-3.165806E-1
+7.287140E+9	+8.759430E-1	-3.169593E-1
+7.287155E+9	+8.753719E-1	-3.177946E-1
+7.287170E+9	+8.756287E-1	-3.173368E-1
+7.287185E+9	+8.760798E-1	-3.179405E-1
+7.287200E+9	+8.760792E-1	-3.185018E-1
+7.287215E+9	+8.756718E-1	-3.186954E-1
+7.287230E+9	+8.754775E-1	-3.187296E-1
+7.287245E+9	+8.761339E-1	-3.191204E-1
+7.287260E+9	+8.756011E-1	-3.192245E-1
+7.287275E+9	+8.748171E-1	-3.191278E-1
+7.287290E+9	+8.745873E-1	-3.188776E-1
+7.287305E+9	+8.753297E-1	-3.192966E-1
+7.287320E+9	+8.754537E-1	-3.199024E-1
+7.287335E+9	+8.757031E-1	-3.199582E-1
+7.287350E+9	+8.753855E-1	-3.204104E-1
+7.287365E+9	+8.754693E-1	-3.201763E-1
+7.287380E+9	+8.749043E-1	-3.201429E-1
+7.287395E+9	+8.748592E-1	-3.212046E-1
+7.287410E+9	+8.747863E-1	-3.212735E-1
+7.287425E+9	+8.747888E-1	-3.214242E-1
+7.287440E+9	+8.742708E-1	-3.214579E-1
+7.287455E+9	+8.747649E-1	-3.211581E-1
+7.287470E+9	+8.744486E-1	-3.212913E-1
+7.287485E+9	+8.748916E-1	-3.214978E-1
+7.287500E+9	+8.746394E-1	-3.218973E-1
+7.287515E+9	+8.745136E-1	-3.223639E-1
+7.287530E+9	+8.744646E-1	-3.220338E-1
+7.287545E+9	+8.742009E-1	-3.226514E-1
+7.287560E+9	+8.740124E-1	-3.232387E-1
+7.287575E+9	+8.736303E-1	-3.220894E-1
+7.287590E+9	+8.738006E-1	-3.226003E-1
+7.287605E+9	+8.736850E-1	-3.227077E-1
+7.287620E+9	+8.740181E-1	-3.228723E-1
+7.287635E+9	+8.734524E-1	-3.232609E-1
+7.287650E+9	+8.733402E-1	-3.230173E-1
+7.287665E+9	+8.735649E-1	-3.233797E-1
+7.287680E+9	+8.742888E-1	-3.232893E-1
+7.287695E+9	+8.736786E-1	-3.235649E-1
+7.287710E+9	+8.729280E-1	-3.236432E-1
+7.287725E+9	+8.730937E-1	-3.234474E-1
+7.287740E+9	+8.727398E-1	-3.240710E-1
+7.287755E+9	+8.729342E-1	-3.248687E-1
+7.287770E+9	+8.729775E-1	-3.248617E-1
+7.287785E+9	+8.729108E-1	-3.247953E-1
+7.287800E+9	+8.721142E-1	-3.250733E-1
+7.287815E+9	+8.727200E-1	-3.253880E-1
+7.287830E+9	+8.743985E-1	-3.254687E-1
+7.287845E+9	+8.735824E-1	-3.251447E-1
+7.287860E+9	+8.731183E-1	-3.259139E-1
+7.287875E+9	+8.735842E-1	-3.250948E-1
+7.287890E+9	+8.731311E-1	-3.259598E-1
+7.287905E+9	+8.725018E-1	-3.260494E-1
+7.287920E+9	+8.730338E-1	-3.261643E-1
+7.287935E+9	+8.727261E-1	-3.264359E-1
+7.287950E+9	+8.724432E-1	-3.266121E-1
+7.287965E+9	+8.724393E-1	-3.272116E-1
+7.287980E+9	+8.727383E-1	-3.267895E-1
+7.287995E+9	+8.727644E-1	-3.269356E-1
+7.288010E+9	+8.722759E-1	-3.271441E-1
+7.288025E+9	+8.721068E-1	-3.282301E-1
+7.288040E+9	+8.720765E-1	-3.280697E-1
+7.288055E+9	+8.715472E-1	-3.278561E-1
+7.288070E+9	+8.716169E-1	-3.276149E-1
+7.288085E+9	+8.710902E-1	-3.281540E-1
+7.288100E+9	+8.699315E-1	-3.286777E-1
+7.288115E+9	+8.706627E-1	-3.297916E-1
+7.288130E+9	+8.722691E-1	-3.294269E-1
+7.288145E+9	+8.719898E-1	-3.281915E-1
+7.288160E+9	+8.719401E-1	-3.275645E-1
+7.288175E+9	+8.719989E-1	-3.284270E-1
+7.288190E+9	+8.723848E-1	-3.290417E-1
+7.288205E+9	+8.720286E-1	-3.292686E-1
+7.288220E+9	+8.712515E-1	-3.293605E-1
+7.288235E+9	+8.710788E-1	-3.298490E-1
+7.288250E+9	+8.709586E-1	-3.303356E-1
+7.288265E+9	+8.707772E-1	-3.309095E-1
+7.288280E+9	+8.712493E-1	-3.309937E-1
+7.288295E+9	+8.712241E-1	-3.312388E-1
+7.288310E+9	+8.709086E-1	-3.309319E-1
+7.288325E+9	+8.710407E-1	-3.316827E-1
+7.288340E+9	+8.707504E-1	-3.316930E-1
+7.288355E+9	+8.702465E-1	-3.315275E-1
+7.288370E+9	+8.703446E-1	-3.317834E-1
+7.288385E+9	+8.703408E-1	-3.319249E-1
+7.288400E+9	+8.711625E-1	-3.319285E-1
+7.288415E+9	+8.704718E-1	-3.316331E-1
+7.288430E+9	+8.703578E-1	-3.319556E-1
+7.288445E+9	+8.704643E-1	-3.317490E-1
+7.288460E+9	+8.703447E-1	-3.313663E-1
+7.288475E+9	+8.701968E-1	-3.315451E-1
+7.288490E+9	+8.701902E-1	-3.323744E-1
+7.288505E+9	+8.704891E-1	-3.327995E-1
+7.288520E+9	+8.702865E-1	-3.331649E-1
+7.288535E+9	+8.705678E-1	-3.337473E-1
+7.288550E+9	+8.701655E-1	-3.333059E-1
+7.288565E+9	+8.698594E-1	-3.340972E-1
+7.288580E+9	+8.701054E-1	-3.341519E-1
+7.288595E+9	+8.699074E-1	-3.340781E-1
+7.288610E+9	+8.690788E-1	-3.341655E-1
+7.288625E+9	+8.691889E-1	-3.341790E-1
+7.288640E+9	+8.685518E-1	-3.339453E-1
+7.288655E+9	+8.691505E-1	-3.344428E-1
+7.288670E+9	+8.694498E-1	-3.347117E-1
+7.288685E+9	+8.698765E-1	-3.348205E-1
+7.288700E+9	+8.685063E-1	-3.352673E-1
+7.288715E+9	+8.684015E-1	-3.357693E-1
+7.288730E+9	+8.688062E-1	-3.358642E-1
+7.288745E+9	+8.690276E-1	-3.361807E-1
+7.288760E+9	+8.693451E-1	-3.356225E-1
+7.288775E+9	+8.691624E-1	-3.354892E-1
+7.288790E+9	+8.691024E-1	-3.356401E-1
+7.288805E+9	+8.683673E-1	-3.361550E-1
+7.288820E+9	+8.677076E-1	-3.365265E-1
+7.288835E+9	+8.680344E-1	-3.366409E-1
+7.288850E+9	+8.680570E-1	-3.367748E-1
+7.288865E+9	+8.676383E-1	-3.374852E-1
+7.288880E+9	+8.685600E-1	-3.374476E-1
+7.288895E+9	+8.687441E-1	-3.382979E-1
+7.288910E+9	+8.686690E-1	-3.383446E-1
+7.288925E+9	+8.681343E-1	-3.379685E-1
+7.288940E+9	+8.675958E-1	-3.377184E-1
+7.288955E+9	+8.676071E-1	-3.376531E-1
+7.288970E+9	+8.676738E-1	-3.377688E-1
+7.288985E+9	+8.677570E-1	-3.383392E-1
+7.289000E+9	+8.672257E-1	-3.384942E-1
+7.289015E+9	+8.674860E-1	-3.390867E-1
+7.289030E+9	+8.674542E-1	-3.392740E-1
+7.289045E+9	+8.681696E-1	-3.397822E-1
+7.289060E+9	+8.676519E-1	-3.404099E-1
+7.289075E+9	+8.674390E-1	-3.401129E-1
+7.289090E+9	+8.670362E-1	-3.398940E-1
+7.289105E+9	+8.669004E-1	-3.392102E-1
+7.289120E+9	+8.671880E-1	-3.395504E-1
+7.289135E+9	+8.668253E-1	-3.395208E-1
+7.289150E+9	+8.661684E-1	-3.405547E-1
+7.289165E+9	+8.663604E-1	-3.406631E-1
+7.289180E+9	+8.667000E-1	-3.405572E-1
+7.289195E+9	+8.661345E-1	-3.404882E-1
+7.289210E+9	+8.663008E-1	-3.404807E-1
+7.289225E+9	+8.669405E-1	-3.409799E-1
+7.289240E+9	+8.670982E-1	-3.414610E-1
+7.289255E+9	+8.660949E-1	-3.412968E-1
+7.289270E+9	+8.662052E-1	-3.412266E-1
+7.289285E+9	+8.664497E-1	-3.415490E-1
+7.289300E+9	+8.666054E-1	-3.414396E-1
+7.289315E+9	+8.659564E-1	-3.426216E-1
+7.289330E+9	+8.657775E-1	-3.424926E-1
+7.289345E+9	+8.653143E-1	-3.427067E-1
+7.289360E+9	+8.651000E-1	-3.423928E-1
+7.289375E+9	+8.656443E-1	-3.422348E-1
+7.289390E+9	+8.659456E-1	-3.422545E-1
+7.289405E+9	+8.659577E-1	-3.426032E-1
+7.289420E+9	+8.652994E-1	-3.430523E-1
+7.289435E+9	+8.649223E-1	-3.433319E-1
+7.289450E+9	+8.649923E-1	-3.431579E-1
+7.289465E+9	+8.657557E-1	-3.431152E-1
+7.289480E+9	+8.659395E-1	-3.440607E-1
+7.289495E+9	+8.647467E-1	-3.444002E-1
+7.289510E+9	+8.648045E-1	-3.447078E-1
+7.289525E+9	+8.657028E-1	-3.443383E-1
+7.289540E+9	+8.656792E-1	-3.446726E-1
+7.289555E+9	+8.657509E-1	-3.450688E-1
+7.289570E+9	+8.645862E-1	-3.445118E-1
+7.289585E+9	+8.652135E-1	-3.442246E-1
+7.289600E+9	+8.641491E-1	-3.440326E-1
+7.289615E+9	+8.644467E-1	-3.441513E-1
+7.289630E+9	+8.637040E-1	-3.454138E-1
+7.289645E+9	+8.636278E-1	-3.454154E-1
+7.289660E+9	+8.637784E-1	-3.457173E-1
+7.289675E+9	+8.635604E-1	-3.459783E-1
+7.289690E+9	+8.635558E-1	-3.467239E-1
+7.289705E+9	+8.639598E-1	-3.473134E-1
+7.289720E+9	+8.644681E-1	-3.466488E-1
+7.289735E+9	+8.646071E-1	-3.463492E-1
+7.289750E+9	+8.653668E-1	-3.458301E-1
+7.289765E+9	+8.647063E-1	-3.474581E-1
+7.289780E+9	+8.642768E-1	-3.482222E-1
+7.289795E+9	+8.639819E-1	-3.480443E-1
+7.289810E+9	+8.640421E-1	-3.474393E-1
+7.289825E+9	+8.638239E-1	-3.475841E-1
+7.289840E+9	+8.634372E-1	-3.479425E-1
+7.289855E+9	+8.630616E-1	-3.481596E-1
+7.289870E+9	+8.632899E-1	-3.484744E-1
+7.289885E+9	+8.638650E-1	-3.483579E-1
+7.289900E+9	+8.639395E-1	-3.483194E-1
+7.289915E+9	+8.629412E-1	-3.478290E-1
+7.289930E+9	+8.625438E-1	-3.479371E-1
+7.289945E+9	+8.618777E-1	-3.478729E-1
+7.289960E+9	+8.620186E-1	-3.480004E-1
+7.289975E+9	+8.631432E-1	-3.498685E-1
+7.289990E+9	+8.629060E-1	-3.498634E-1
+7.290005E+9	+8.627350E-1	-3.494901E-1
+7.290020E+9	+8.627299E-1	-3.497290E-1
+7.290035E+9	+8.624762E-1	-3.504230E-1
+7.290050E+9	+8.629467E-1	-3.502444E-1
+7.290065E+9	+8.623796E-1	-3.504601E-1
+7.290080E+9	+8.623306E-1	-3.505254E-1
+7.290095E+9	+8.619955E-1	-3.510038E-1
+7.290110E+9	+8.620465E-1	-3.512698E-1
+7.290125E+9	+8.618323E-1	-3.513027E-1
+7.290140E+9	+8.621926E-1	-3.513934E-1
+7.290155E+9	+8.625854E-1	-3.507948E-1
+7.290170E+9	+8.624427E-1	-3.510016E-1
+7.290185E+9	+8.619800E-1	-3.512781E-1
+7.290200E+9	+8.623031E-1	-3.517444E-1
+7.290215E+9	+8.615651E-1	-3.527019E-1
+7.290230E+9	+8.622766E-1	-3.531325E-1
+7.290245E+9	+8.622336E-1	-3.531532E-1
+7.290260E+9	+8.623827E-1	-3.524720E-1
+7.290275E+9	+8.614229E-1	-3.524066E-1
+7.290290E+9	+8.612472E-1	-3.520692E-1
+7.290305E+9	+8.610338E-1	-3.531489E-1
+7.290320E+9	+8.617877E-1	-3.534113E-1
+7.290335E+9	+8.611962E-1	-3.534126E-1
+7.290350E+9	+8.607608E-1	-3.533070E-1
+7.290365E+9	+8.614522E-1	-3.535516E-1
+7.290380E+9	+8.611297E-1	-3.530655E-1
+7.290395E+9	+8.601474E-1	-3.538888E-1
+7.290410E+9	+8.602178E-1	-3.539867E-1
+7.290425E+9	+8.604157E-1	-3.547666E-1
+7.290440E+9	+8.603339E-1	-3.548880E-1
+7.290455E+9	+8.606318E-1	-3.545599E-1
+7.290470E+9	+8.610013E-1	-3.547252E-1
+7.290485E+9	+8.606145E-1	-3.549986E-1
+7.290500E+9	+8.604118E-1	-3.559628E-1
+7.290515E+9	+8.601280E-1	-3.555354E-1
+7.290530E+9	+8.602092E-1	-3.555650E-1
+7.290545E+9	+8.596852E-1	-3.558862E-1
+7.290560E+9	+8.595180E-1	-3.564411E-1
+7.290575E+9	+8.595534E-1	-3.559760E-1
+7.290590E+9	+8.597485E-1	-3.562463E-1
+7.290605E+9	+8.592819E-1	-3.565765E-1
+7.290620E+9	+8.607130E-1	-3.567044E-1
+7.290635E+9	+8.604976E-1	-3.572260E-1
+7.290650E+9	+8.597018E-1	-3.568616E-1
+7.290665E+9	+8.592250E-1	-3.569227E-1
+7.290680E+9	+8.597408E-1	-3.568870E-1
+7.290695E+9	+8.595081E-1	-3.570804E-1
+7.290710E+9	+8.588908E-1	-3.575690E-1
+7.290725E+9	+8.586149E-1	-3.578206E-1
+7.290740E+9	+8.586180E-1	-3.579240E-1
+7.290755E+9	+8.599076E-1	-3.580355E-1
+7.290770E+9	+8.597566E-1	-3.581716E-1
+7.290785E+9	+8.594358E-1	-3.580875E-1
+7.290800E+9	+8.584133E-1	-3.580115E-1
+7.290815E+9	+8.586162E-1	-3.585288E-1
+7.290830E+9	+8.590503E-1	-3.592790E-1
+7.290845E+9	+8.590768E-1	-3.599792E-1
+7.290860E+9	+8.583411E-1	-3.595389E-1
+7.290875E+9	+8.583855E-1	-3.581140E-1
+7.290890E+9	+8.583681E-1	-3.590873E-1
+7.290905E+9	+8.580642E-1	-3.607861E-1
+7.290920E+9	+8.583827E-1	-3.606785E-1
+7.290935E+9	+8.588347E-1	-3.607119E-1
+7.290950E+9	+8.579491E-1	-3.601149E-1
+7.290965E+9	+8.576186E-1	-3.598459E-1
+7.290980E+9	+8.576834E-1	-3.605714E-1
+7.290995E+9	+8.578540E-1	-3.606540E-1
+7.291010E+9	+8.578098E-1	-3.607942E-1
+7.291025E+9	+8.576713E-1	-3.608115E-1
+7.291040E+9	+8.576813E-1	-3.617156E-1
+7.291055E+9	+8.577436E-1	-3.617477E-1
+7.291070E+9	+8.581510E-1	-3.614541E-1
+7.291085E+9	+8.583395E-1	-3.619310E-1
+7.291100E+9	+8.577497E-1	-3.626471E-1
+7.291115E+9	+8.569076E-1	-3.627743E-1
+7.291130E+9	+8.563063E-1	-3.623552E-1
+7.291145E+9	+8.564343E-1	-3.633834E-1
+7.291160E+9	+8.563678E-1	-3.633096E-1
+7.291175E+9	+8.567157E-1	-3.634470E-1
+7.291190E+9	+8.572357E-1	-3.632377E-1
+7.291205E+9	+8.566505E-1	-3.629240E-1
+7.291220E+9	+8.569683E-1	-3.632327E-1
+7.291235E+9	+8.570573E-1	-3.640089E-1
+7.291250E+9	+8.577724E-1	-3.645348E-1
+7.291265E+9	+8.574409E-1	-3.647872E-1
+7.291280E+9	+8.569248E-1	-3.647934E-1
+7.291295E+9	+8.564822E-1	-3.643067E-1
+7.291310E+9	+8.560164E-1	-3.641891E-1
+7.291325E+9	+8.560216E-1	-3.648251E-1
+7.291340E+9	+8.558272E-1	-3.644508E-1
+7.291355E+9	+8.568541E-1	-3.646204E-1
+7.291370E+9	+8.564841E-1	-3.649686E-1
+7.291385E+9	+8.558223E-1	-3.650920E-1
+7.291400E+9	+8.549194E-1	-3.647648E-1
+7.291415E+9	+8.557747E-1	-3.653801E-1
+7.291430E+9	+8.555566E-1	-3.662273E-1
+7.291445E+9	+8.550748E-1	-3.663168E-1
+7.291460E+9	+8.551438E-1	-3.654241E-1
+7.291475E+9	+8.556115E-1	-3.658459E-1
+7.291490E+9	+8.561138E-1	-3.669466E-1
+7.291505E+9	+8.562952E-1	-3.674167E-1
+7.291520E+9	+8.555469E-1	-3.672178E-1
+7.291535E+9	+8.558170E-1	-3.673208E-1
+7.291550E+9	+8.560871E-1	-3.682553E-1
+7.291565E+9	+8.551344E-1	-3.681479E-1
+7.291580E+9	+8.551651E-1	-3.661662E-1
+7.291595E+9	+8.546910E-1	-3.668986E-1
+7.291610E+9	+8.541796E-1	-3.682764E-1
+7.291625E+9	+8.549245E-1	-3.688962E-1
+7.291640E+9	+8.543126E-1	-3.685448E-1
+7.291655E+9	+8.544945E-1	-3.689152E-1
+7.291670E+9	+8.551628E-1	-3.689380E-1
+7.291685E+9	+8.551462E-1	-3.683854E-1
+7.291700E+9	+8.543831E-1	-3.681568E-1
+7.291715E+9	+8.547518E-1	-3.680885E-1
+7.291730E+9	+8.539736E-1	-3.688116E-1
+7.291745E+9	+8.548406E-1	-3.691652E-1
+7.291760E+9	+8.544202E-1	-3.698272E-1
+7.291775E+9	+8.545163E-1	-3.702125E-1
+7.291790E+9	+8.546413E-1	-3.698333E-1
+7.291805E+9	+8.543036E-1	-3.693241E-1
+7.291820E+9	+8.537371E-1	-3.694805E-1
+7.291835E+9	+8.544089E-1	-3.704443E-1
+7.291850E+9	+8.544485E-1	-3.706428E-1
+7.291865E+9	+8.539458E-1	-3.707002E-1
+7.291880E+9	+8.539915E-1	-3.708083E-1
+7.291895E+9	+8.539241E-1	-3.712281E-1
+7.291910E+9	+8.526842E-1	-3.709866E-1
+7.291925E+9	+8.525835E-1	-3.709203E-1
+7.291940E+9	+8.531491E-1	-3.709682E-1
+7.291955E+9	+8.537593E-1	-3.709463E-1
+7.291970E+9	+8.536512E-1	-3.708012E-1
+7.291985E+9	+8.523688E-1	-3.714642E-1
+7.292000E+9	+8.528688E-1	-3.714237E-1
+7.292015E+9	+8.529887E-1	-3.719118E-1
+7.292030E+9	+8.529178E-1	-3.716427E-1
+7.292045E+9	+8.523716E-1	-3.721532E-1
+7.292060E+9	+8.530310E-1	-3.731380E-1
+7.292075E+9	+8.524990E-1	-3.731683E-1
+7.292090E+9	+8.525921E-1	-3.726505E-1
+7.292105E+9	+8.510617E-1	-3.736174E-1
+7.292120E+9	+8.513749E-1	-3.733466E-1
+7.292135E+9	+8.515644E-1	-3.734234E-1
+7.292150E+9	+8.514996E-1	-3.728714E-1
+7.292165E+9	+8.520843E-1	-3.739756E-1
+7.292180E+9	+8.521149E-1	-3.736459E-1
+7.292195E+9	+8.516261E-1	-3.740270E-1
+7.292210E+9	+8.515525E-1	-3.742069E-1
+7.292225E+9	+8.514762E-1	-3.751827E-1
+7.292240E+9	+8.524694E-1	-3.757791E-1
+7.292255E+9	+8.521919E-1	-3.752165E-1
+7.292270E+9	+8.517335E-1	-3.746040E-1
+7.292285E+9	+8.510993E-1	-3.748423E-1
+7.292300E+9	+8.516819E-1	-3.751440E-1
+7.292315E+9	+8.515247E-1	-3.756797E-1
+7.292330E+9	+8.508244E-1	-3.761025E-1
+7.292345E+9	+8.503550E-1	-3.771449E-1
+7.292360E+9	+8.496180E-1	-3.765569E-1
+7.292375E+9	+8.509374E-1	-3.770593E-1
+7.292390E+9	+8.512434E-1	-3.774657E-1
+7.292405E+9	+8.509860E-1	-3.768977E-1
+7.292420E+9	+8.503321E-1	-3.765707E-1
+7.292435E+9	+8.506776E-1	-3.762740E-1
+7.292450E+9	+8.511491E-1	-3.759324E-1
+7.292465E+9	+8.504003E-1	-3.768225E-1
+7.292480E+9	+8.492582E-1	-3.773060E-1
+7.292495E+9	+8.495640E-1	-3.777289E-1
+7.292510E+9	+8.499745E-1	-3.782129E-1
+7.292525E+9	+8.508908E-1	-3.778291E-1
+7.292540E+9	+8.508065E-1	-3.779337E-1
+7.292555E+9	+8.496114E-1	-3.780468E-1
+7.292570E+9	+8.493771E-1	-3.778503E-1
+7.292585E+9	+8.503864E-1	-3.789586E-1
+7.292600E+9	+8.502034E-1	-3.792579E-1
+7.292615E+9	+8.499531E-1	-3.790423E-1
+7.292630E+9	+8.499797E-1	-3.792957E-1
+7.292645E+9	+8.498423E-1	-3.792890E-1
+7.292660E+9	+8.486838E-1	-3.794696E-1
+7.292675E+9	+8.482511E-1	-3.792464E-1
+7.292690E+9	+8.484786E-1	-3.793152E-1
+7.292705E+9	+8.501843E-1	-3.797684E-1
+7.292720E+9	+8.498495E-1	-3.800029E-1
+7.292735E+9	+8.492220E-1	-3.810941E-1
+7.292750E+9	+8.493706E-1	-3.808982E-1
+7.292765E+9	+8.496560E-1	-3.808899E-1
+7.292780E+9	+8.492430E-1	-3.811510E-1
+7.292795E+9	+8.488063E-1	-3.825777E-1
+7.292810E+9	+8.480652E-1	-3.812321E-1
+7.292825E+9	+8.490684E-1	-3.819213E-1
+7.292840E+9	+8.480785E-1	-3.814062E-1
+7.292855E+9	+8.482932E-1	-3.813013E-1
+7.292870E+9	+8.482816E-1	-3.811190E-1
+7.292885E+9	+8.486543E-1	-3.815823E-1
+7.292900E+9	+8.483873E-1	-3.827705E-1
+7.292915E+9	+8.479491E-1	-3.827733E-1
+7.292930E+9	+8.480646E-1	-3.817977E-1
+7.292945E+9	+8.480101E-1	-3.826298E-1
+7.292960E+9	+8.483279E-1	-3.834352E-1
+7.292975E+9	+8.488220E-1	-3.832265E-1
+7.292990E+9	+8.477122E-1	-3.831267E-1
+7.293005E+9	+8.471023E-1	-3.831017E-1
+7.293020E+9	+8.472845E-1	-3.836217E-1
+7.293035E+9	+8.474504E-1	-3.839235E-1
+7.293050E+9	+8.471453E-1	-3.842358E-1
+7.293065E+9	+8.471297E-1	-3.838644E-1
+7.293080E+9	+8.467318E-1	-3.835654E-1
+7.293095E+9	+8.466831E-1	-3.837973E-1
+7.293110E+9	+8.467099E-1	-3.838531E-1
+7.293125E+9	+8.460502E-1	-3.840342E-1
+7.293140E+9	+8.465237E-1	-3.849439E-1
+7.293155E+9	+8.462519E-1	-3.853228E-1
+7.293170E+9	+8.466417E-1	-3.852372E-1
+7.293185E+9	+8.473074E-1	-3.851492E-1
+7.293200E+9	+8.459007E-1	-3.851399E-1
+7.293215E+9	+8.459289E-1	-3.847324E-1
+7.293230E+9	+8.459324E-1	-3.851404E-1
+7.293245E+9	+8.459042E-1	-3.861988E-1
+7.293260E+9	+8.458311E-1	-3.861844E-1
+7.293275E+9	+8.457616E-1	-3.863672E-1
+7.293290E+9	+8.462172E-1	-3.863133E-1
+7.293305E+9	+8.463836E-1	-3.868737E-1
+7.293320E+9	+8.461840E-1	-3.874369E-1
+7.293335E+9	+8.460590E-1	-3.873810E-1
+7.293350E+9	+8.469139E-1	-3.869046E-1
+7.293365E+9	+8.457391E-1	-3.871256E-1
+7.293380E+9	+8.455287E-1	-3.874774E-1
+7.293395E+9	+8.458071E-1	-3.875099E-1
+7.293410E+9	+8.456528E-1	-3.880276E-1
+7.293425E+9	+8.451755E-1	-3.882690E-1
+7.293440E+9	+8.447867E-1	-3.880355E-1
+7.293455E+9	+8.447333E-1	-3.882168E-1
+7.293470E+9	+8.445171E-1	-3.884807E-1
+7.293485E+9	+8.452053E-1	-3.894857E-1
+7.293500E+9	+8.441493E-1	-3.892944E-1
+7.293515E+9	+8.443585E-1	-3.887161E-1
+7.293530E+9	+8.448864E-1	-3.891788E-1
+7.293545E+9	+8.444943E-1	-3.889736E-1
+7.293560E+9	+8.437486E-1	-3.891565E-1
+7.293575E+9	+8.444925E-1	-3.893929E-1
+7.293590E+9	+8.443727E-1	-3.898462E-1
+7.293605E+9	+8.434109E-1	-3.902904E-1
+7.293620E+9	+8.436863E-1	-3.904393E-1
+7.293635E+9	+8.443481E-1	-3.898970E-1
+7.293650E+9	+8.434316E-1	-3.898784E-1
+7.293665E+9	+8.433819E-1	-3.895572E-1
+7.293680E+9	+8.434631E-1	-3.901174E-1
+7.293695E+9	+8.435643E-1	-3.916450E-1
+7.293710E+9	+8.439309E-1	-3.927830E-1
+7.293725E+9	+8.443283E-1	-3.930230E-1
+7.293740E+9	+8.430735E-1	-3.931691E-1
+7.293755E+9	+8.426195E-1	-3.925198E-1
+7.293770E+9	+8.435218E-1	-3.919571E-1
+7.293785E+9	+8.443457E-1	-3.918224E-1
+7.293800E+9	+8.447265E-1	-3.919025E-1
+7.293815E+9	+8.440543E-1	-3.913331E-1
+7.293830E+9	+8.434333E-1	-3.907204E-1
+7.293845E+9	+8.430199E-1	-3.918386E-1
+7.293860E+9	+8.436103E-1	-3.932002E-1
+7.293875E+9	+8.435381E-1	-3.930201E-1
+7.293890E+9	+8.432364E-1	-3.934866E-1
+7.293905E+9	+8.429949E-1	-3.934084E-1
+7.293920E+9	+8.425338E-1	-3.939848E-1
+7.293935E+9	+8.424334E-1	-3.943216E-1
+7.293950E+9	+8.422182E-1	-3.944891E-1
+7.293965E+9	+8.414561E-1	-3.943048E-1
+7.293980E+9	+8.418727E-1	-3.940329E-1
+7.293995E+9	+8.418183E-1	-3.942272E-1
+7.294010E+9	+8.414455E-1	-3.957795E-1
+7.294025E+9	+8.413397E-1	-3.948349E-1
+7.294040E+9	+8.419041E-1	-3.953987E-1
+7.294055E+9	+8.417380E-1	-3.952519E-1
+7.294070E+9	+8.417924E-1	-3.949985E-1
+7.294085E+9	+8.422108E-1	-3.959729E-1
+7.294100E+9	+8.429360E-1	-3.975084E-1
+7.294115E+9	+8.418434E-1	-3.961921E-1
+7.294130E+9	+8.413643E-1	-3.956629E-1
+7.294145E+9	+8.413400E-1	-3.954992E-1
+7.294160E+9	+8.413379E-1	-3.956087E-1
+7.294175E+9	+8.404868E-1	-3.967928E-1
+7.294190E+9	+8.410345E-1	-3.967230E-1
+7.294205E+9	+8.414336E-1	-3.965639E-1
+7.294220E+9	+8.412460E-1	-3.970536E-1
+7.294235E+9	+8.402083E-1	-3.973692E-1
+7.294250E+9	+8.408259E-1	-3.976104E-1
+7.294265E+9	+8.404004E-1	-3.976030E-1
+7.294280E+9	+8.399683E-1	-3.974310E-1
+7.294295E+9	+8.407253E-1	-3.965424E-1
+7.294310E+9	+8.403892E-1	-3.966772E-1
+7.294325E+9	+8.395493E-1	-3.981209E-1
+7.294340E+9	+8.394862E-1	-3.983002E-1
+7.294355E+9	+8.396498E-1	-3.988784E-1
+7.294370E+9	+8.396084E-1	-3.989072E-1
+7.294385E+9	+8.408436E-1	-3.998466E-1
+7.294400E+9	+8.407455E-1	-3.990689E-1
+7.294415E+9	+8.405229E-1	-3.984526E-1
+7.294430E+9	+8.396081E-1	-3.994723E-1
+7.294445E+9	+8.393556E-1	-3.995200E-1
+7.294460E+9	+8.403785E-1	-3.988525E-1
+7.294475E+9	+8.394527E-1	-3.986286E-1
+7.294490E+9	+8.395586E-1	-3.991947E-1
+7.294505E+9	+8.393120E-1	-3.998671E-1
+7.294520E+9	+8.390346E-1	-3.997627E-1
+7.294535E+9	+8.384063E-1	-4.009464E-1
+7.294550E+9	+8.383707E-1	-4.004237E-1
+7.294565E+9	+8.384252E-1	-4.011481E-1
+7.294580E+9	+8.388934E-1	-4.013343E-1
+7.294595E+9	+8.383810E-1	-4.017518E-1
+7.294610E+9	+8.394630E-1	-4.014148E-1
+7.294625E+9	+8.397507E-1	-4.015393E-1
+7.294640E+9	+8.390117E-1	-4.025474E-1
+7.294655E+9	+8.386254E-1	-4.024086E-1
+7.294670E+9	+8.384625E-1	-4.023878E-1
+7.294685E+9	+8.382808E-1	-4.024678E-1
+7.294700E+9	+8.375488E-1	-4.026178E-1
+7.294715E+9	+8.367857E-1	-4.022511E-1
+7.294730E+9	+8.380206E-1	-4.014783E-1
+7.294745E+9	+8.380257E-1	-4.020028E-1
+7.294760E+9	+8.377190E-1	-4.035090E-1
+7.294775E+9	+8.373470E-1	-4.033878E-1
+7.294790E+9	+8.385418E-1	-4.033748E-1
+7.294805E+9	+8.389370E-1	-4.033194E-1
+7.294820E+9	+8.383595E-1	-4.033261E-1
+7.294835E+9	+8.382804E-1	-4.032921E-1
+7.294850E+9	+8.381578E-1	-4.031441E-1
+7.294865E+9	+8.371300E-1	-4.038950E-1
+7.294880E+9	+8.365603E-1	-4.044520E-1
+7.294895E+9	+8.363321E-1	-4.039055E-1
+7.294910E+9	+8.363318E-1	-4.051906E-1
+7.294925E+9	+8.373331E-1	-4.052578E-1
+7.294940E+9	+8.367382E-1	-4.054520E-1
+7.294955E+9	+8.361002E-1	-4.058584E-1
+7.294970E+9	+8.354231E-1	-4.053469E-1
+7.294985E+9	+8.359678E-1	-4.055569E-1
+7.295000E+9	+8.375002E-1	-4.060188E-1
+7.295015E+9	+8.368672E-1	-4.058522E-1
+7.295030E+9	+8.363152E-1	-4.063822E-1
+7.295045E+9	+8.361588E-1	-4.065881E-1
+7.295060E+9	+8.364166E-1	-4.067787E-1
+7.295075E+9	+8.363475E-1	-4.066797E-1
+7.295090E+9	+8.361917E-1	-4.066643E-1
+7.295105E+9	+8.371178E-1	-4.054600E-1
+7.295120E+9	+8.365402E-1	-4.061262E-1
+7.295135E+9	+8.361784E-1	-4.065555E-1
+7.295150E+9	+8.356613E-1	-4.071061E-1
+7.295165E+9	+8.350094E-1	-4.074490E-1
+7.295180E+9	+8.353323E-1	-4.073464E-1
+7.295195E+9	+8.350773E-1	-4.081974E-1
+7.295210E+9	+8.353361E-1	-4.088211E-1
+7.295225E+9	+8.357032E-1	-4.092368E-1
+7.295240E+9	+8.352001E-1	-4.085208E-1
+7.295255E+9	+8.345345E-1	-4.080068E-1
+7.295270E+9	+8.347123E-1	-4.082323E-1
+7.295285E+9	+8.344673E-1	-4.086877E-1
+7.295300E+9	+8.344850E-1	-4.094829E-1
+7.295315E+9	+8.344819E-1	-4.099081E-1
+7.295330E+9	+8.342825E-1	-4.098002E-1
+7.295345E+9	+8.341918E-1	-4.096847E-1
+7.295360E+9	+8.343799E-1	-4.092229E-1
+7.295375E+9	+8.347338E-1	-4.096755E-1
+7.295390E+9	+8.342029E-1	-4.095995E-1
+7.295405E+9	+8.342215E-1	-4.100665E-1
+7.295420E+9	+8.343605E-1	-4.104641E-1
+7.295435E+9	+8.335432E-1	-4.107417E-1
+7.295450E+9	+8.326390E-1	-4.102274E-1
+7.295465E+9	+8.328809E-1	-4.108022E-1
+7.295480E+9	+8.334243E-1	-4.110803E-1
+7.295495E+9	+8.343792E-1	-4.116875E-1
+7.295510E+9	+8.344357E-1	-4.118115E-1
+7.295525E+9	+8.340391E-1	-4.109277E-1
+7.295540E+9	+8.330531E-1	-4.115561E-1
+7.295555E+9	+8.328614E-1	-4.111726E-1
+7.295570E+9	+8.327248E-1	-4.116941E-1
+7.295585E+9	+8.334056E-1	-4.116914E-1
+7.295600E+9	+8.334917E-1	-4.120277E-1
+7.295615E+9	+8.336552E-1	-4.121562E-1
+7.295630E+9	+8.333429E-1	-4.126266E-1
+7.295645E+9	+8.331990E-1	-4.127029E-1
+7.295660E+9	+8.335007E-1	-4.126320E-1
+7.295675E+9	+8.342855E-1	-4.125667E-1
+7.295690E+9	+8.326590E-1	-4.128574E-1
+7.295705E+9	+8.327262E-1	-4.130247E-1
+7.295720E+9	+8.327807E-1	-4.127589E-1
+7.295735E+9	+8.324579E-1	-4.133657E-1
+7.295750E+9	+8.330084E-1	-4.133327E-1
+7.295765E+9	+8.320170E-1	-4.134908E-1
+7.295780E+9	+8.315878E-1	-4.138245E-1
+7.295795E+9	+8.328510E-1	-4.142801E-1
+7.295810E+9	+8.326914E-1	-4.140926E-1
+7.295825E+9	+8.323251E-1	-4.144371E-1
+7.295840E+9	+8.321512E-1	-4.144282E-1
+7.295855E+9	+8.319336E-1	-4.144078E-1
+7.295870E+9	+8.321443E-1	-4.144610E-1
+7.295885E+9	+8.319072E-1	-4.153610E-1
+7.295900E+9	+8.325382E-1	-4.142163E-1
+7.295915E+9	+8.320934E-1	-4.149539E-1
+7.295930E+9	+8.315034E-1	-4.163630E-1
+7.295945E+9	+8.308745E-1	-4.160226E-1
+7.295960E+9	+8.307477E-1	-4.163298E-1
+7.295975E+9	+8.296401E-1	-4.170107E-1
+7.295990E+9	+8.301068E-1	-4.170704E-1
+7.296005E+9	+8.306584E-1	-4.171393E-1
+7.296020E+9	+8.305765E-1	-4.175230E-1
+7.296035E+9	+8.314595E-1	-4.172306E-1
+7.296050E+9	+8.314050E-1	-4.173839E-1
+7.296065E+9	+8.300169E-1	-4.187358E-1
+7.296080E+9	+8.305251E-1	-4.178291E-1
+7.296095E+9	+8.299576E-1	-4.176780E-1
+7.296110E+9	+8.297450E-1	-4.179378E-1
+7.296125E+9	+8.303154E-1	-4.181241E-1
+7.296140E+9	+8.307650E-1	-4.183424E-1
+7.296155E+9	+8.302231E-1	-4.187098E-1
+7.296170E+9	+8.291104E-1	-4.187613E-1
+7.296185E+9	+8.292239E-1	-4.184831E-1
+7.296200E+9	+8.297362E-1	-4.188106E-1
+7.296215E+9	+8.298501E-1	-4.189426E-1
+7.296230E+9	+8.298721E-1	-4.193466E-1
+7.296245E+9	+8.301500E-1	-4.201630E-1
+7.296260E+9	+8.299378E-1	-4.197724E-1
+7.296275E+9	+8.289996E-1	-4.202414E-1
+7.296290E+9	+8.289372E-1	-4.200819E-1
+7.296305E+9	+8.289256E-1	-4.194126E-1
+7.296320E+9	+8.283907E-1	-4.196809E-1
+7.296335E+9	+8.281823E-1	-4.196382E-1
+7.296350E+9	+8.272378E-1	-4.203731E-1
+7.296365E+9	+8.277073E-1	-4.211512E-1
+7.296380E+9	+8.282473E-1	-4.206806E-1
+7.296395E+9	+8.281131E-1	-4.205513E-1
+7.296410E+9	+8.276701E-1	-4.201781E-1
+7.296425E+9	+8.295623E-1	-4.215971E-1
+7.296440E+9	+8.302790E-1	-4.217152E-1
+7.296455E+9	+8.291237E-1	-4.204450E-1
+7.296470E+9	+8.274291E-1	-4.216729E-1
+7.296485E+9	+8.269414E-1	-4.217584E-1
+7.296500E+9	+8.265269E-1	-4.221658E-1
+7.296515E+9	+8.274291E-1	-4.224705E-1
+7.296530E+9	+8.279323E-1	-4.223767E-1
+7.296545E+9	+8.279946E-1	-4.227254E-1
+7.296560E+9	+8.283161E-1	-4.226985E-1
+7.296575E+9	+8.269234E-1	-4.235659E-1
+7.296590E+9	+8.269006E-1	-4.235770E-1
+7.296605E+9	+8.270737E-1	-4.234487E-1
+7.296620E+9	+8.266828E-1	-4.236214E-1
+7.296635E+9	+8.267531E-1	-4.240993E-1
+7.296650E+9	+8.262428E-1	-4.242463E-1
+7.296665E+9	+8.268644E-1	-4.243217E-1
+7.296680E+9	+8.270657E-1	-4.228186E-1
+7.296695E+9	+8.268975E-1	-4.232740E-1
+7.296710E+9	+8.268603E-1	-4.243370E-1
+7.296725E+9	+8.269123E-1	-4.250008E-1
+7.296740E+9	+8.269098E-1	-4.258337E-1
+7.296755E+9	+8.270575E-1	-4.260418E-1
+7.296770E+9	+8.264624E-1	-4.253720E-1
+7.296785E+9	+8.258812E-1	-4.241133E-1
+7.296800E+9	+8.266008E-1	-4.250215E-1
+7.296815E+9	+8.266179E-1	-4.253872E-1
+7.296830E+9	+8.256934E-1	-4.256809E-1
+7.296845E+9	+8.259106E-1	-4.256050E-1
+7.296860E+9	+8.254997E-1	-4.268273E-1
+7.296875E+9	+8.255814E-1	-4.268763E-1
+7.296890E+9	+8.258954E-1	-4.271570E-1
+7.296905E+9	+8.259293E-1	-4.264134E-1
+7.296920E+9	+8.245711E-1	-4.263084E-1
+7.296935E+9	+8.252771E-1	-4.266917E-1
+7.296950E+9	+8.262026E-1	-4.277723E-1
+7.296965E+9	+8.249109E-1	-4.277650E-1
+7.296980E+9	+8.241352E-1	-4.282900E-1
+7.296995E+9	+8.246474E-1	-4.285824E-1
+7.297010E+9	+8.251336E-1	-4.279903E-1
+7.297025E+9	+8.254714E-1	-4.277321E-1
+7.297040E+9	+8.249168E-1	-4.281392E-1
+7.297055E+9	+8.246220E-1	-4.292634E-1
+7.297070E+9	+8.244356E-1	-4.300853E-1
+7.297085E+9	+8.249040E-1	-4.297090E-1
+7.297100E+9	+8.242314E-1	-4.279373E-1
+7.297115E+9	+8.238475E-1	-4.285620E-1
+7.297130E+9	+8.234609E-1	-4.291658E-1
+7.297145E+9	+8.234022E-1	-4.297760E-1
+7.297160E+9	+8.226451E-1	-4.298520E-1
+7.297175E+9	+8.222274E-1	-4.306602E-1
+7.297190E+9	+8.216585E-1	-4.306884E-1
+7.297205E+9	+8.230385E-1	-4.297852E-1
+7.297220E+9	+8.235709E-1	-4.295396E-1
+7.297235E+9	+8.229932E-1	-4.310157E-1
+7.297250E+9	+8.238727E-1	-4.298419E-1
+7.297265E+9	+8.239165E-1	-4.298065E-1
+7.297280E+9	+8.227400E-1	-4.297959E-1
+7.297295E+9	+8.216018E-1	-4.307470E-1
+7.297310E+9	+8.225996E-1	-4.314242E-1
+7.297325E+9	+8.238416E-1	-4.319742E-1
+7.297340E+9	+8.232611E-1	-4.321392E-1
+7.297355E+9	+8.229145E-1	-4.329466E-1
+7.297370E+9	+8.228384E-1	-4.329055E-1
+7.297385E+9	+8.220581E-1	-4.325652E-1
+7.297400E+9	+8.218086E-1	-4.315363E-1
+7.297415E+9	+8.215045E-1	-4.318479E-1
+7.297430E+9	+8.218691E-1	-4.326218E-1
+7.297445E+9	+8.225771E-1	-4.327924E-1
+7.297460E+9	+8.229134E-1	-4.332247E-1
+7.297475E+9	+8.220872E-1	-4.336974E-1
+7.297490E+9	+8.228488E-1	-4.341312E-1
+7.297505E+9	+8.224062E-1	-4.345247E-1
+7.297520E+9	+8.208777E-1	-4.343208E-1
+7.297535E+9	+8.211049E-1	-4.341383E-1
+7.297550E+9	+8.209854E-1	-4.350038E-1
+7.297565E+9	+8.205751E-1	-4.345513E-1
+7.297580E+9	+8.208639E-1	-4.349423E-1
+7.297595E+9	+8.212891E-1	-4.348913E-1
+7.297610E+9	+8.211923E-1	-4.352616E-1
+7.297625E+9	+8.212000E-1	-4.353499E-1
+7.297640E+9	+8.209044E-1	-4.361579E-1
+7.297655E+9	+8.214888E-1	-4.358196E-1
+7.297670E+9	+8.213323E-1	-4.352806E-1
+7.297685E+9	+8.216124E-1	-4.354222E-1
+7.297700E+9	+8.211023E-1	-4.355717E-1
+7.297715E+9	+8.209509E-1	-4.362762E-1
+7.297730E+9	+8.203963E-1	-4.363349E-1
+7.297745E+9	+8.204776E-1	-4.366144E-1
+7.297760E+9	+8.205897E-1	-4.361564E-1
+7.297775E+9	+8.202032E-1	-4.354768E-1
+7.297790E+9	+8.204041E-1	-4.365851E-1
+7.297805E+9	+8.202724E-1	-4.371867E-1
+7.297820E+9	+8.200484E-1	-4.376829E-1
+7.297835E+9	+8.197147E-1	-4.377472E-1
+7.297850E+9	+8.186678E-1	-4.370930E-1
+7.297865E+9	+8.188499E-1	-4.375862E-1
+7.297880E+9	+8.190184E-1	-4.376960E-1
+7.297895E+9	+8.195547E-1	-4.378827E-1
+7.297910E+9	+8.194303E-1	-4.382217E-1
+7.297925E+9	+8.187660E-1	-4.378983E-1
+7.297940E+9	+8.183358E-1	-4.377730E-1
+7.297955E+9	+8.192384E-1	-4.381842E-1
+7.297970E+9	+8.195650E-1	-4.389253E-1
+7.297985E+9	+8.192981E-1	-4.393701E-1
+7.298000E+9	+8.187823E-1	-4.380226E-1
+7.298015E+9	+8.189845E-1	-4.385939E-1
+7.298030E+9	+8.189522E-1	-4.396873E-1
+7.298045E+9	+8.181887E-1	-4.398794E-1
+7.298060E+9	+8.173754E-1	-4.399929E-1
+7.298075E+9	+8.182937E-1	-4.384962E-1
+7.298090E+9	+8.188350E-1	-4.395424E-1
+7.298105E+9	+8.179064E-1	-4.399509E-1
+7.298120E+9	+8.183001E-1	-4.400166E-1
+7.298135E+9	+8.182822E-1	-4.398338E-1
+7.298150E+9	+8.169378E-1	-4.412482E-1
+7.298165E+9	+8.173490E-1	-4.403648E-1
+7.298180E+9	+8.177558E-1	-4.410246E-1
+7.298195E+9	+8.175219E-1	-4.411000E-1
+7.298210E+9	+8.172748E-1	-4.418577E-1
+7.298225E+9	+8.174145E-1	-4.418926E-1
+7.298240E+9	+8.173532E-1	-4.419953E-1
+7.298255E+9	+8.171187E-1	-4.416736E-1
+7.298270E+9	+8.174797E-1	-4.420894E-1
+7.298285E+9	+8.178194E-1	-4.427702E-1
+7.298300E+9	+8.171025E-1	-4.422147E-1
+7.298315E+9	+8.161808E-1	-4.424002E-1
+7.298330E+9	+8.160165E-1	-4.425666E-1
+7.298345E+9	+8.155857E-1	-4.423970E-1
+7.298360E+9	+8.162436E-1	-4.428606E-1
+7.298375E+9	+8.172232E-1	-4.420808E-1
+7.298390E+9	+8.159780E-1	-4.430014E-1
+7.298405E+9	+8.158673E-1	-4.437708E-1
+7.298420E+9	+8.166739E-1	-4.444477E-1
+7.298435E+9	+8.163226E-1	-4.438754E-1
+7.298450E+9	+8.161519E-1	-4.435126E-1
+7.298465E+9	+8.160291E-1	-4.441181E-1
+7.298480E+9	+8.162202E-1	-4.439242E-1
+7.298495E+9	+8.151129E-1	-4.447148E-1
+7.298510E+9	+8.145376E-1	-4.444243E-1
+7.298525E+9	+8.157137E-1	-4.455222E-1
+7.298540E+9	+8.163817E-1	-4.448473E-1
+7.298555E+9	+8.162236E-1	-4.444653E-1
+7.298570E+9	+8.153590E-1	-4.447009E-1
+7.298585E+9	+8.153583E-1	-4.447693E-1
+7.298600E+9	+8.154881E-1	-4.444176E-1
+7.298615E+9	+8.157565E-1	-4.442042E-1
+7.298630E+9	+8.147041E-1	-4.443208E-1
+7.298645E+9	+8.149665E-1	-4.449918E-1
+7.298660E+9	+8.138686E-1	-4.461501E-1
+7.298675E+9	+8.140038E-1	-4.455388E-1
+7.298690E+9	+8.145372E-1	-4.461003E-1
+7.298705E+9	+8.150285E-1	-4.474349E-1
+7.298720E+9	+8.142473E-1	-4.472247E-1
+7.298735E+9	+8.136801E-1	-4.478473E-1
+7.298750E+9	+8.133125E-1	-4.469714E-1
+7.298765E+9	+8.137571E-1	-4.474537E-1
+7.298780E+9	+8.140593E-1	-4.479288E-1
+7.298795E+9	+8.143297E-1	-4.478757E-1
+7.298810E+9	+8.137949E-1	-4.475044E-1
+7.298825E+9	+8.144199E-1	-4.476599E-1
+7.298840E+9	+8.142367E-1	-4.482871E-1
+7.298855E+9	+8.130874E-1	-4.483939E-1
+7.298870E+9	+8.131134E-1	-4.479395E-1
+7.298885E+9	+8.126547E-1	-4.483114E-1
+7.298900E+9	+8.133190E-1	-4.494410E-1
+7.298915E+9	+8.133312E-1	-4.498996E-1
+7.298930E+9	+8.128109E-1	-4.495828E-1
+7.298945E+9	+8.124644E-1	-4.499442E-1
+7.298960E+9	+8.127562E-1	-4.492061E-1
+7.298975E+9	+8.125521E-1	-4.490109E-1
+7.298990E+9	+8.124298E-1	-4.509917E-1
+7.299005E+9	+8.113927E-1	-4.511400E-1
+7.299020E+9	+8.112774E-1	-4.509509E-1
+7.299035E+9	+8.119379E-1	-4.512208E-1
+7.299050E+9	+8.125523E-1	-4.515554E-1
+7.299065E+9	+8.124702E-1	-4.515176E-1
+7.299080E+9	+8.117047E-1	-4.519321E-1
+7.299095E+9	+8.106563E-1	-4.518606E-1
+7.299110E+9	+8.102539E-1	-4.512376E-1
+7.299125E+9	+8.107559E-1	-4.520724E-1
+7.299140E+9	+8.110218E-1	-4.518176E-1
+7.299155E+9	+8.113526E-1	-4.519336E-1
+7.299170E+9	+8.109829E-1	-4.521413E-1
+7.299185E+9	+8.106430E-1	-4.511682E-1
+7.299200E+9	+8.099631E-1	-4.505623E-1
+7.299215E+9	+8.105389E-1	-4.510583E-1
+7.299230E+9	+8.104735E-1	-4.519414E-1
+7.299245E+9	+8.095686E-1	-4.520868E-1
+7.299260E+9	+8.094066E-1	-4.528176E-1
+7.299275E+9	+8.102057E-1	-4.540359E-1
+7.299290E+9	+8.094517E-1	-4.538334E-1
+7.299305E+9	+8.097068E-1	-4.536417E-1
+7.299320E+9	+8.100270E-1	-4.541239E-1
+7.299335E+9	+8.093577E-1	-4.539926E-1
+7.299350E+9	+8.088175E-1	-4.523967E-1
+7.299365E+9	+8.101021E-1	-4.528792E-1
+7.299380E+9	+8.101436E-1	-4.540390E-1
+7.299395E+9	+8.099119E-1	-4.540589E-1
+7.299410E+9	+8.102069E-1	-4.541272E-1
+7.299425E+9	+8.104933E-1	-4.546996E-1
+7.299440E+9	+8.095320E-1	-4.552227E-1
+7.299455E+9	+8.089708E-1	-4.554678E-1
+7.299470E+9	+8.091112E-1	-4.548657E-1
+7.299485E+9	+8.083577E-1	-4.551455E-1
+7.299500E+9	+8.074039E-1	-4.552385E-1
+7.299515E+9	+8.085604E-1	-4.560762E-1
+7.299530E+9	+8.089846E-1	-4.552600E-1
+7.299545E+9	+8.086496E-1	-4.553500E-1
+7.299560E+9	+8.081525E-1	-4.554215E-1
+7.299575E+9	+8.082298E-1	-4.554658E-1
+7.299590E+9	+8.087246E-1	-4.561276E-1
+7.299605E+9	+8.092823E-1	-4.554821E-1
+7.299620E+9	+8.090374E-1	-4.564173E-1
+7.299635E+9	+8.087456E-1	-4.552515E-1
+7.299650E+9	+8.085914E-1	-4.549060E-1
+7.299665E+9	+8.081260E-1	-4.561355E-1
+7.299680E+9	+8.077969E-1	-4.569217E-1
+7.299695E+9	+8.080095E-1	-4.575874E-1
+7.299710E+9	+8.068788E-1	-4.577216E-1
+7.299725E+9	+8.060566E-1	-4.581020E-1
+7.299740E+9	+8.065113E-1	-4.575853E-1
+7.299755E+9	+8.072248E-1	-4.584882E-1
+7.299770E+9	+8.068104E-1	-4.583218E-1
+7.299785E+9	+8.067497E-1	-4.582002E-1
+7.299800E+9	+8.064774E-1	-4.575452E-1
+7.299815E+9	+8.071909E-1	-4.576746E-1
+7.299830E+9	+8.073504E-1	-4.582593E-1
+7.299845E+9	+8.070804E-1	-4.585536E-1
+7.299860E+9	+8.078595E-1	-4.590442E-1
+7.299875E+9	+8.080409E-1	-4.596239E-1
+7.299890E+9	+8.069089E-1	-4.592686E-1
+7.299905E+9	+8.064486E-1	-4.585959E-1
+7.299920E+9	+8.068599E-1	-4.585849E-1
+7.299935E+9	+8.064373E-1	-4.601602E-1
+7.299950E+9	+8.062199E-1	-4.602397E-1
+7.299965E+9	+8.058943E-1	-4.597783E-1
+7.299980E+9	+8.055877E-1	-4.604842E-1
+7.299995E+9	+8.056312E-1	-4.606306E-1
+7.300010E+9	+8.055489E-1	-4.613949E-1
+7.300025E+9	+8.066098E-1	-4.622230E-1
+7.300040E+9	+8.060941E-1	-4.622667E-1
+7.300055E+9	+8.040207E-1	-4.609468E-1
+7.300070E+9	+8.048250E-1	-4.618741E-1
+7.300085E+9	+8.057803E-1	-4.620409E-1
+7.300100E+9	+8.052388E-1	-4.627224E-1
+7.300115E+9	+8.046626E-1	-4.621210E-1
+7.300130E+9	+8.046291E-1	-4.622141E-1
+7.300145E+9	+8.050407E-1	-4.618497E-1
+7.300160E+9	+8.049238E-1	-4.614026E-1
+7.300175E+9	+8.046166E-1	-4.610561E-1
+7.300190E+9	+8.040069E-1	-4.615469E-1
+7.300205E+9	+8.043812E-1	-4.638209E-1
+7.300220E+9	+8.047346E-1	-4.628327E-1
+7.300235E+9	+8.037706E-1	-4.632515E-1
+7.300250E+9	+8.034001E-1	-4.650087E-1
+7.300265E+9	+8.030733E-1	-4.650803E-1
+7.300280E+9	+8.034410E-1	-4.648800E-1
+7.300295E+9	+8.032053E-1	-4.644984E-1
+7.300310E+9	+8.034940E-1	-4.641212E-1
+7.300325E+9	+8.035807E-1	-4.639076E-1
+7.300340E+9	+8.026213E-1	-4.640025E-1
+7.300355E+9	+8.024982E-1	-4.643938E-1
+7.300370E+9	+8.032265E-1	-4.649788E-1
+7.300385E+9	+8.038318E-1	-4.655254E-1
+7.300400E+9	+8.036931E-1	-4.642711E-1
+7.300415E+9	+8.032292E-1	-4.649281E-1
+7.300430E+9	+8.031672E-1	-4.655281E-1
+7.300445E+9	+8.037395E-1	-4.654779E-1
+7.300460E+9	+8.034951E-1	-4.660233E-1
+7.300475E+9	+8.026621E-1	-4.662405E-1
+7.300490E+9	+8.024011E-1	-4.659800E-1
+7.300505E+9	+8.025009E-1	-4.656743E-1
+7.300520E+9	+8.027231E-1	-4.663193E-1
+7.300535E+9	+8.029431E-1	-4.674423E-1
+7.300550E+9	+8.018390E-1	-4.675213E-1
+7.300565E+9	+8.004191E-1	-4.672618E-1
+7.300580E+9	+8.006361E-1	-4.668998E-1
+7.300595E+9	+8.018249E-1	-4.667224E-1
+7.300610E+9	+8.018394E-1	-4.672872E-1
+7.300625E+9	+8.017731E-1	-4.679168E-1
+7.300640E+9	+8.017557E-1	-4.678025E-1
+7.300655E+9	+8.023050E-1	-4.674448E-1
+7.300670E+9	+8.009609E-1	-4.677558E-1
+7.300685E+9	+8.004703E-1	-4.682973E-1
+7.300700E+9	+8.005734E-1	-4.689109E-1
+7.300715E+9	+8.005747E-1	-4.695717E-1
+7.300730E+9	+8.008140E-1	-4.684238E-1
+7.300745E+9	+8.002294E-1	-4.689654E-1
+7.300760E+9	+8.009690E-1	-4.692319E-1
+7.300775E+9	+8.016177E-1	-4.685880E-1
+7.300790E+9	+8.004796E-1	-4.693340E-1
+7.300805E+9	+8.000192E-1	-4.701215E-1
+7.300820E+9	+7.992304E-1	-4.701810E-1
+7.300835E+9	+7.989585E-1	-4.702659E-1
+7.300850E+9	+7.994903E-1	-4.695829E-1
+7.300865E+9	+7.991671E-1	-4.704710E-1
+7.300880E+9	+7.993261E-1	-4.701412E-1
+7.300895E+9	+7.998538E-1	-4.696834E-1
+7.300910E+9	+8.001292E-1	-4.711983E-1
+7.300925E+9	+7.998507E-1	-4.713698E-1
+7.300940E+9	+8.002358E-1	-4.716671E-1
+7.300955E+9	+7.993283E-1	-4.715690E-1
+7.300970E+9	+7.979560E-1	-4.715074E-1
+7.300985E+9	+7.975871E-1	-4.709199E-1
+7.301000E+9	+7.980656E-1	-4.714129E-1
+7.301015E+9	+7.989992E-1	-4.708176E-1
+7.301030E+9	+7.991638E-1	-4.708257E-1
+7.301045E+9	+7.986088E-1	-4.713770E-1
+7.301060E+9	+7.987932E-1	-4.721332E-1
+7.301075E+9	+7.995713E-1	-4.724271E-1
+7.301090E+9	+7.993619E-1	-4.730457E-1
+7.301105E+9	+7.987711E-1	-4.738807E-1
+7.301120E+9	+7.980199E-1	-4.738277E-1
+7.301135E+9	+7.980921E-1	-4.737516E-1
+7.301150E+9	+7.982006E-1	-4.736684E-1
+7.301165E+9	+7.979547E-1	-4.740901E-1
+7.301180E+9	+7.972261E-1	-4.733064E-1
+7.301195E+9	+7.980604E-1	-4.729580E-1
+7.301210E+9	+7.982392E-1	-4.726259E-1
+7.301225E+9	+7.977872E-1	-4.735311E-1
+7.301240E+9	+7.967403E-1	-4.740919E-1
+7.301255E+9	+7.972589E-1	-4.738712E-1
+7.301270E+9	+7.967064E-1	-4.739436E-1
+7.301285E+9	+7.972417E-1	-4.741288E-1
+7.301300E+9	+7.975773E-1	-4.744221E-1
+7.301315E+9	+7.967914E-1	-4.748744E-1
+7.301330E+9	+7.968991E-1	-4.753284E-1
+7.301345E+9	+7.967099E-1	-4.751617E-1
+7.301360E+9	+7.973487E-1	-4.755122E-1
+7.301375E+9	+7.980270E-1	-4.763859E-1
+7.301390E+9	+7.965853E-1	-4.762834E-1
+7.301405E+9	+7.962391E-1	-4.756623E-1
+7.301420E+9	+7.960023E-1	-4.757709E-1
+7.301435E+9	+7.964467E-1	-4.750567E-1
+7.301450E+9	+7.972469E-1	-4.751924E-1
+7.301465E+9	+7.962349E-1	-4.765835E-1
+7.301480E+9	+7.959719E-1	-4.774327E-1
+7.301495E+9	+7.958243E-1	-4.767990E-1
+7.301510E+9	+7.962992E-1	-4.768520E-1
+7.301525E+9	+7.946027E-1	-4.768324E-1
+7.301540E+9	+7.946689E-1	-4.774222E-1
+7.301555E+9	+7.945173E-1	-4.784141E-1
+7.301570E+9	+7.948114E-1	-4.785491E-1
+7.301585E+9	+7.945888E-1	-4.786681E-1
+7.301600E+9	+7.939070E-1	-4.781805E-1
+7.301615E+9	+7.938613E-1	-4.782517E-1
+7.301630E+9	+7.941280E-1	-4.782487E-1
+7.301645E+9	+7.942088E-1	-4.786342E-1
+7.301660E+9	+7.943825E-1	-4.797985E-1
+7.301675E+9	+7.954711E-1	-4.801388E-1
+7.301690E+9	+7.937770E-1	-4.792918E-1
+7.301705E+9	+7.928321E-1	-4.790299E-1
+7.301720E+9	+7.926200E-1	-4.801976E-1
+7.301735E+9	+7.926766E-1	-4.803159E-1
+7.301750E+9	+7.932005E-1	-4.806908E-1
+7.301765E+9	+7.938781E-1	-4.807519E-1
+7.301780E+9	+7.943769E-1	-4.810978E-1
+7.301795E+9	+7.935035E-1	-4.811883E-1
+7.301810E+9	+7.930476E-1	-4.816476E-1
+7.301825E+9	+7.926514E-1	-4.806477E-1
+7.301840E+9	+7.924298E-1	-4.811621E-1
+7.301855E+9	+7.921002E-1	-4.810465E-1
+7.301870E+9	+7.930589E-1	-4.809818E-1
+7.301885E+9	+7.925131E-1	-4.808961E-1
+7.301900E+9	+7.922810E-1	-4.812490E-1
+7.301915E+9	+7.923874E-1	-4.823060E-1
+7.301930E+9	+7.925012E-1	-4.827921E-1
+7.301945E+9	+7.934517E-1	-4.815146E-1
+7.301960E+9	+7.934093E-1	-4.823857E-1
+7.301975E+9	+7.910341E-1	-4.820774E-1
+7.301990E+9	+7.910623E-1	-4.828303E-1
+7.302005E+9	+7.907185E-1	-4.831279E-1
+7.302020E+9	+7.910217E-1	-4.829456E-1
+7.302035E+9	+7.911927E-1	-4.832629E-1
+7.302050E+9	+7.910155E-1	-4.839192E-1
+7.302065E+9	+7.899620E-1	-4.834271E-1
+7.302080E+9	+7.904571E-1	-4.830093E-1
+7.302095E+9	+7.905718E-1	-4.836913E-1
+7.302110E+9	+7.901766E-1	-4.843812E-1
+7.302125E+9	+7.907050E-1	-4.847444E-1
+7.302140E+9	+7.906916E-1	-4.846912E-1
+7.302155E+9	+7.911931E-1	-4.846819E-1
+7.302170E+9	+7.909695E-1	-4.840096E-1
+7.302185E+9	+7.900190E-1	-4.838555E-1
+7.302200E+9	+7.910788E-1	-4.849677E-1
+7.302215E+9	+7.900475E-1	-4.849780E-1
+7.302230E+9	+7.896738E-1	-4.860434E-1
+7.302245E+9	+7.899563E-1	-4.861001E-1
+7.302260E+9	+7.909167E-1	-4.860080E-1
+7.302275E+9	+7.907960E-1	-4.857103E-1
+7.302290E+9	+7.904291E-1	-4.865449E-1
+7.302305E+9	+7.903548E-1	-4.857668E-1
+7.302320E+9	+7.905121E-1	-4.860895E-1
+7.302335E+9	+7.900935E-1	-4.858235E-1
+7.302350E+9	+7.894972E-1	-4.860668E-1
+7.302365E+9	+7.891555E-1	-4.862505E-1
+7.302380E+9	+7.888684E-1	-4.869108E-1
+7.302395E+9	+7.889487E-1	-4.880951E-1
+7.302410E+9	+7.897992E-1	-4.876286E-1
+7.302425E+9	+7.897251E-1	-4.873221E-1
+7.302440E+9	+7.891543E-1	-4.880854E-1
+7.302455E+9	+7.890636E-1	-4.885130E-1
+7.302470E+9	+7.895416E-1	-4.886447E-1
+7.302485E+9	+7.885549E-1	-4.885688E-1
+7.302500E+9	+7.879748E-1	-4.873056E-1
+7.302515E+9	+7.877463E-1	-4.880801E-1
+7.302530E+9	+7.874026E-1	-4.886115E-1
+7.302545E+9	+7.874036E-1	-4.890508E-1
+7.302560E+9	+7.885197E-1	-4.885538E-1
+7.302575E+9	+7.879413E-1	-4.888617E-1
+7.302590E+9	+7.876707E-1	-4.893679E-1
+7.302605E+9	+7.879213E-1	-4.892907E-1
+7.302620E+9	+7.883832E-1	-4.891815E-1
+7.302635E+9	+7.876876E-1	-4.895684E-1
+7.302650E+9	+7.875988E-1	-4.895293E-1
+7.302665E+9	+7.874015E-1	-4.906571E-1
+7.302680E+9	+7.876838E-1	-4.911042E-1
+7.302695E+9	+7.863688E-1	-4.909546E-1
+7.302710E+9	+7.869377E-1	-4.901613E-1
+7.302725E+9	+7.876449E-1	-4.897812E-1
+7.302740E+9	+7.857233E-1	-4.904285E-1
+7.302755E+9	+7.845542E-1	-4.903442E-1
+7.302770E+9	+7.849565E-1	-4.909188E-1
+7.302785E+9	+7.861881E-1	-4.909062E-1
+7.302800E+9	+7.863516E-1	-4.910167E-1
+7.302815E+9	+7.863634E-1	-4.911537E-1
+7.302830E+9	+7.853390E-1	-4.911988E-1
+7.302845E+9	+7.856081E-1	-4.910358E-1
+7.302860E+9	+7.854153E-1	-4.910021E-1
+7.302875E+9	+7.857043E-1	-4.919786E-1
+7.302890E+9	+7.858203E-1	-4.921339E-1
+7.302905E+9	+7.854903E-1	-4.931872E-1
+7.302920E+9	+7.860710E-1	-4.936016E-1
+7.302935E+9	+7.859826E-1	-4.934675E-1
+7.302950E+9	+7.856610E-1	-4.932315E-1
+7.302965E+9	+7.842922E-1	-4.932822E-1
+7.302980E+9	+7.846844E-1	-4.929576E-1
+7.302995E+9	+7.859546E-1	-4.932135E-1
+7.303010E+9	+7.857189E-1	-4.937497E-1
+7.303025E+9	+7.844469E-1	-4.940411E-1
+7.303040E+9	+7.839839E-1	-4.949682E-1
+7.303055E+9	+7.834424E-1	-4.950491E-1
+7.303070E+9	+7.834068E-1	-4.952482E-1
+7.303085E+9	+7.833931E-1	-4.957881E-1
+7.303100E+9	+7.839793E-1	-4.958666E-1
+7.303115E+9	+7.838191E-1	-4.956616E-1
+7.303130E+9	+7.848774E-1	-4.946807E-1
+7.303145E+9	+7.843904E-1	-4.951801E-1
+7.303160E+9	+7.834825E-1	-4.955190E-1
+7.303175E+9	+7.823968E-1	-4.950668E-1
+7.303190E+9	+7.836894E-1	-4.943774E-1
+7.303205E+9	+7.841081E-1	-4.952397E-1
+7.303220E+9	+7.836120E-1	-4.963005E-1
+7.303235E+9	+7.824293E-1	-4.964508E-1
+7.303250E+9	+7.822562E-1	-4.943784E-1
+7.303265E+9	+7.820011E-1	-4.961409E-1
+7.303280E+9	+7.830324E-1	-4.970368E-1
+7.303295E+9	+7.833996E-1	-4.973063E-1
+7.303310E+9	+7.836530E-1	-4.974876E-1
+7.303325E+9	+7.829177E-1	-4.969409E-1
+7.303340E+9	+7.827475E-1	-4.980308E-1
+7.303355E+9	+7.822831E-1	-4.977954E-1
+7.303370E+9	+7.820526E-1	-4.970661E-1
+7.303385E+9	+7.814835E-1	-4.970233E-1
+7.303400E+9	+7.816614E-1	-4.985621E-1
+7.303415E+9	+7.829741E-1	-4.981730E-1
+7.303430E+9	+7.822418E-1	-4.981215E-1
+7.303445E+9	+7.822925E-1	-4.989242E-1
+7.303460E+9	+7.822402E-1	-4.985996E-1
+7.303475E+9	+7.818553E-1	-4.982361E-1
+7.303490E+9	+7.806168E-1	-4.982748E-1
+7.303505E+9	+7.800750E-1	-4.988069E-1
+7.303520E+9	+7.791298E-1	-4.997173E-1
+7.303535E+9	+7.801336E-1	-4.996647E-1
+7.303550E+9	+7.811174E-1	-4.988199E-1
+7.303565E+9	+7.808807E-1	-4.991773E-1
+7.303580E+9	+7.793630E-1	-5.004390E-1
+7.303595E+9	+7.788876E-1	-5.011724E-1
+7.303610E+9	+7.798693E-1	-5.001956E-1
+7.303625E+9	+7.793320E-1	-4.999136E-1
+7.303640E+9	+7.798695E-1	-4.998461E-1
+7.303655E+9	+7.793626E-1	-5.007119E-1
+7.303670E+9	+7.790638E-1	-5.006930E-1
+7.303685E+9	+7.789312E-1	-5.004915E-1
+7.303700E+9	+7.793441E-1	-5.004104E-1
+7.303715E+9	+7.782155E-1	-5.013520E-1
+7.303730E+9	+7.778534E-1	-5.019252E-1
+7.303745E+9	+7.791674E-1	-5.017653E-1
+7.303760E+9	+7.799510E-1	-5.022123E-1
+7.303775E+9	+7.791941E-1	-5.023497E-1
+7.303790E+9	+7.784167E-1	-5.024849E-1
+7.303805E+9	+7.779238E-1	-5.025542E-1
+7.303820E+9	+7.786443E-1	-5.032380E-1
+7.303835E+9	+7.788498E-1	-5.027262E-1
+7.303850E+9	+7.778048E-1	-5.017368E-1
+7.303865E+9	+7.785462E-1	-5.020554E-1
+7.303880E+9	+7.789200E-1	-5.029862E-1
+7.303895E+9	+7.788652E-1	-5.034385E-1
+7.303910E+9	+7.787369E-1	-5.038037E-1
+7.303925E+9	+7.781065E-1	-5.034220E-1
+7.303940E+9	+7.781252E-1	-5.028267E-1
+7.303955E+9	+7.777946E-1	-5.030369E-1
+7.303970E+9	+7.768246E-1	-5.034309E-1
+7.303985E+9	+7.769608E-1	-5.055866E-1
+7.304000E+9	+7.769883E-1	-5.047976E-1
+7.304015E+9	+7.771143E-1	-5.053481E-1
+7.304030E+9	+7.772521E-1	-5.057095E-1
+7.304045E+9	+7.770969E-1	-5.049936E-1
+7.304060E+9	+7.755313E-1	-5.048040E-1
+7.304075E+9	+7.770366E-1	-5.053669E-1
+7.304090E+9	+7.764065E-1	-5.056635E-1
+7.304105E+9	+7.763818E-1	-5.062307E-1
+7.304120E+9	+7.765478E-1	-5.078534E-1
+7.304135E+9	+7.753309E-1	-5.067811E-1
+7.304150E+9	+7.759159E-1	-5.052104E-1
+7.304165E+9	+7.765194E-1	-5.066581E-1
+7.304180E+9	+7.757285E-1	-5.072336E-1
+7.304195E+9	+7.747332E-1	-5.075969E-1
+7.304210E+9	+7.749107E-1	-5.065842E-1
+7.304225E+9	+7.745359E-1	-5.064072E-1
+7.304240E+9	+7.750445E-1	-5.074390E-1
+7.304255E+9	+7.762133E-1	-5.075240E-1
+7.304270E+9	+7.756160E-1	-5.061559E-1
+7.304285E+9	+7.758811E-1	-5.059130E-1
+7.304300E+9	+7.755362E-1	-5.075235E-1
+7.304315E+9	+7.753951E-1	-5.089069E-1
+7.304330E+9	+7.747871E-1	-5.089108E-1
+7.304345E+9	+7.738933E-1	-5.084757E-1
+7.304360E+9	+7.742963E-1	-5.084451E-1
+7.304375E+9	+7.740233E-1	-5.082974E-1
+7.304390E+9	+7.735647E-1	-5.086590E-1
+7.304405E+9	+7.731790E-1	-5.086200E-1
+7.304420E+9	+7.728857E-1	-5.092803E-1
+7.304435E+9	+7.741276E-1	-5.101797E-1
+7.304450E+9	+7.739757E-1	-5.103547E-1
+7.304465E+9	+7.740650E-1	-5.094949E-1
+7.304480E+9	+7.735143E-1	-5.082901E-1
+7.304495E+9	+7.736013E-1	-5.083922E-1
+7.304510E+9	+7.732473E-1	-5.094210E-1
+7.304525E+9	+7.731549E-1	-5.102045E-1
+7.304540E+9	+7.725274E-1	-5.105755E-1
+7.304555E+9	+7.722149E-1	-5.108056E-1
+7.304570E+9	+7.725732E-1	-5.106584E-1
+7.304585E+9	+7.717440E-1	-5.095679E-1
+7.304600E+9	+7.721166E-1	-5.117648E-1
+7.304615E+9	+7.728825E-1	-5.111035E-1
+7.304630E+9	+7.729191E-1	-5.114213E-1
+7.304645E+9	+7.729539E-1	-5.113915E-1
+7.304660E+9	+7.726837E-1	-5.115107E-1
+7.304675E+9	+7.727605E-1	-5.119861E-1
+7.304690E+9	+7.730288E-1	-5.118670E-1
+7.304705E+9	+7.720372E-1	-5.099297E-1
+7.304720E+9	+7.717877E-1	-5.102630E-1
+7.304735E+9	+7.721371E-1	-5.121848E-1
+7.304750E+9	+7.726848E-1	-5.119713E-1
+7.304765E+9	+7.725433E-1	-5.122999E-1
+7.304780E+9	+7.721474E-1	-5.127265E-1
+7.304795E+9	+7.713780E-1	-5.135327E-1
+7.304810E+9	+7.706573E-1	-5.135751E-1
+7.304825E+9	+7.711778E-1	-5.137935E-1
+7.304840E+9	+7.711130E-1	-5.129945E-1
+7.304855E+9	+7.704031E-1	-5.126530E-1
+7.304870E+9	+7.695921E-1	-5.141759E-1
+7.304885E+9	+7.697971E-1	-5.146011E-1
+7.304900E+9	+7.716666E-1	-5.140109E-1
+7.304915E+9	+7.711814E-1	-5.146032E-1
+7.304930E+9	+7.704784E-1	-5.155810E-1
+7.304945E+9	+7.704009E-1	-5.158279E-1
+7.304960E+9	+7.702792E-1	-5.139460E-1
+7.304975E+9	+7.694435E-1	-5.148512E-1
+7.304990E+9	+7.694645E-1	-5.150131E-1
+7.305005E+9	+7.697073E-1	-5.147971E-1
+7.305020E+9	+7.700808E-1	-5.147980E-1
+7.305035E+9	+7.692682E-1	-5.149723E-1
+7.305050E+9	+7.686859E-1	-5.151930E-1
+7.305065E+9	+7.682864E-1	-5.154925E-1
+7.305080E+9	+7.688824E-1	-5.157099E-1
+7.305095E+9	+7.682466E-1	-5.160173E-1
+7.305110E+9	+7.679323E-1	-5.165934E-1
+7.305125E+9	+7.693909E-1	-5.171640E-1
+7.305140E+9	+7.687074E-1	-5.176571E-1
+7.305155E+9	+7.684540E-1	-5.174630E-1
+7.305170E+9	+7.670502E-1	-5.178706E-1
+7.305185E+9	+7.673305E-1	-5.176644E-1
+7.305200E+9	+7.690008E-1	-5.168358E-1
+7.305215E+9	+7.691238E-1	-5.179238E-1
+7.305230E+9	+7.667514E-1	-5.180193E-1
+7.305245E+9	+7.662477E-1	-5.170323E-1
+7.305260E+9	+7.669422E-1	-5.174666E-1
+7.305275E+9	+7.673434E-1	-5.184035E-1
+7.305290E+9	+7.677427E-1	-5.184528E-1
+7.305305E+9	+7.675202E-1	-5.183993E-1
+7.305320E+9	+7.675356E-1	-5.188978E-1
+7.305335E+9	+7.668553E-1	-5.186027E-1
+7.305350E+9	+7.670523E-1	-5.180685E-1
+7.305365E+9	+7.669345E-1	-5.189424E-1
+7.305380E+9	+7.654893E-1	-5.203647E-1
+7.305395E+9	+7.642706E-1	-5.193997E-1
+7.305410E+9	+7.649183E-1	-5.188743E-1
+7.305425E+9	+7.659659E-1	-5.206611E-1
+7.305440E+9	+7.658394E-1	-5.198166E-1
+7.305455E+9	+7.660452E-1	-5.192845E-1
+7.305470E+9	+7.661731E-1	-5.198044E-1
+7.305485E+9	+7.654468E-1	-5.196065E-1
+7.305500E+9	+7.664140E-1	-5.212812E-1
+7.305515E+9	+7.661028E-1	-5.223692E-1
+7.305530E+9	+7.650300E-1	-5.221859E-1
+7.305545E+9	+7.653083E-1	-5.218342E-1
+7.305560E+9	+7.657494E-1	-5.221828E-1
+7.305575E+9	+7.648092E-1	-5.224804E-1
+7.305590E+9	+7.650329E-1	-5.229476E-1
+7.305605E+9	+7.648759E-1	-5.230422E-1
+7.305620E+9	+7.636908E-1	-5.229291E-1
+7.305635E+9	+7.632654E-1	-5.218950E-1
+7.305650E+9	+7.660180E-1	-5.225444E-1
+7.305665E+9	+7.649195E-1	-5.230628E-1
+7.305680E+9	+7.643601E-1	-5.235557E-1
+7.305695E+9	+7.635945E-1	-5.240807E-1
+7.305710E+9	+7.643829E-1	-5.242049E-1
+7.305725E+9	+7.639758E-1	-5.233563E-1
+7.305740E+9	+7.633436E-1	-5.237713E-1
+7.305755E+9	+7.636919E-1	-5.227407E-1
+7.305770E+9	+7.624008E-1	-5.225260E-1
+7.305785E+9	+7.617252E-1	-5.225690E-1
+7.305800E+9	+7.634985E-1	-5.243821E-1
+7.305815E+9	+7.639136E-1	-5.245011E-1
+7.305830E+9	+7.636399E-1	-5.249642E-1
+7.305845E+9	+7.633591E-1	-5.260987E-1
+7.305860E+9	+7.632893E-1	-5.250126E-1
+7.305875E+9	+7.640892E-1	-5.234437E-1
+7.305890E+9	+7.626459E-1	-5.242572E-1
+7.305905E+9	+7.619363E-1	-5.249425E-1
+7.305920E+9	+7.625144E-1	-5.255733E-1
+7.305935E+9	+7.622754E-1	-5.266610E-1
+7.305950E+9	+7.629194E-1	-5.274076E-1
+7.305965E+9	+7.629946E-1	-5.272014E-1
+7.305980E+9	+7.617118E-1	-5.257230E-1
+7.305995E+9	+7.619668E-1	-5.259604E-1
+7.306010E+9	+7.615345E-1	-5.259327E-1
+7.306025E+9	+7.618274E-1	-5.258085E-1
+7.306040E+9	+7.613732E-1	-5.266644E-1
+7.306055E+9	+7.618238E-1	-5.277473E-1
+7.306070E+9	+7.615124E-1	-5.271957E-1
+7.306085E+9	+7.607418E-1	-5.265075E-1
+7.306100E+9	+7.592660E-1	-5.265965E-1
+7.306115E+9	+7.593572E-1	-5.267170E-1
+7.306130E+9	+7.595265E-1	-5.269521E-1
+7.306145E+9	+7.608809E-1	-5.271799E-1
+7.306160E+9	+7.611982E-1	-5.279591E-1
+7.306175E+9	+7.614399E-1	-5.280357E-1
+7.306190E+9	+7.605301E-1	-5.281235E-1
+7.306205E+9	+7.603261E-1	-5.285136E-1
+7.306220E+9	+7.595836E-1	-5.284041E-1
+7.306235E+9	+7.598051E-1	-5.286889E-1
+7.306250E+9	+7.599599E-1	-5.287162E-1
+7.306265E+9	+7.605575E-1	-5.290165E-1
+7.306280E+9	+7.601063E-1	-5.296798E-1
+7.306295E+9	+7.596175E-1	-5.295707E-1
+7.306310E+9	+7.588896E-1	-5.298135E-1
+7.306325E+9	+7.580471E-1	-5.295854E-1
+7.306340E+9	+7.580801E-1	-5.308094E-1
+7.306355E+9	+7.575940E-1	-5.301186E-1
+7.306370E+9	+7.570347E-1	-5.300408E-1
+7.306385E+9	+7.579814E-1	-5.299983E-1
+7.306400E+9	+7.587156E-1	-5.314915E-1
+7.306415E+9	+7.588378E-1	-5.310716E-1
+7.306430E+9	+7.586389E-1	-5.305014E-1
+7.306445E+9	+7.593032E-1	-5.300304E-1
+7.306460E+9	+7.593983E-1	-5.304369E-1
+7.306475E+9	+7.588984E-1	-5.307403E-1
+7.306490E+9	+7.588795E-1	-5.311159E-1
+7.306505E+9	+7.571389E-1	-5.317349E-1
+7.306520E+9	+7.575514E-1	-5.323595E-1
+7.306535E+9	+7.579923E-1	-5.330344E-1
+7.306550E+9	+7.587793E-1	-5.328165E-1
+7.306565E+9	+7.575229E-1	-5.324955E-1
+7.306580E+9	+7.562789E-1	-5.309438E-1
+7.306595E+9	+7.561901E-1	-5.314580E-1
+7.306610E+9	+7.568408E-1	-5.333595E-1
+7.306625E+9	+7.555233E-1	-5.327108E-1
+7.306640E+9	+7.556652E-1	-5.333022E-1
+7.306655E+9	+7.565871E-1	-5.336284E-1
+7.306670E+9	+7.563802E-1	-5.335135E-1
+7.306685E+9	+7.548089E-1	-5.330193E-1
+7.306700E+9	+7.549811E-1	-5.337833E-1
+7.306715E+9	+7.554270E-1	-5.336222E-1
+7.306730E+9	+7.565837E-1	-5.333027E-1
+7.306745E+9	+7.559285E-1	-5.340136E-1
+7.306760E+9	+7.550799E-1	-5.341564E-1
+7.306775E+9	+7.548578E-1	-5.349911E-1
+7.306790E+9	+7.541474E-1	-5.349488E-1
+7.306805E+9	+7.548214E-1	-5.342060E-1
+7.306820E+9	+7.548166E-1	-5.347363E-1
+7.306835E+9	+7.543208E-1	-5.352120E-1
+7.306850E+9	+7.543208E-1	-5.354889E-1
+7.306865E+9	+7.547230E-1	-5.354963E-1
+7.306880E+9	+7.549359E-1	-5.354715E-1
+7.306895E+9	+7.553262E-1	-5.349616E-1
+7.306910E+9	+7.546545E-1	-5.352255E-1
+7.306925E+9	+7.530204E-1	-5.368757E-1
+7.306940E+9	+7.540258E-1	-5.360790E-1
+7.306955E+9	+7.550376E-1	-5.357870E-1
+7.306970E+9	+7.547012E-1	-5.363746E-1
+7.306985E+9	+7.537434E-1	-5.374448E-1
+7.307000E+9	+7.537692E-1	-5.376100E-1
+7.307015E+9	+7.530529E-1	-5.378231E-1
+7.307030E+9	+7.535560E-1	-5.370400E-1
+7.307045E+9	+7.527648E-1	-5.377865E-1
+7.307060E+9	+7.531929E-1	-5.382754E-1
+7.307075E+9	+7.535375E-1	-5.386795E-1
+7.307090E+9	+7.529099E-1	-5.396643E-1
+7.307105E+9	+7.525109E-1	-5.390591E-1
+7.307120E+9	+7.518923E-1	-5.381934E-1
+7.307135E+9	+7.523652E-1	-5.382873E-1
+7.307150E+9	+7.524931E-1	-5.383960E-1
+7.307165E+9	+7.512271E-1	-5.385667E-1
+7.307180E+9	+7.516777E-1	-5.384896E-1
+7.307195E+9	+7.520945E-1	-5.391061E-1
+7.307210E+9	+7.532098E-1	-5.393247E-1
+7.307225E+9	+7.528560E-1	-5.397064E-1
+7.307240E+9	+7.521295E-1	-5.391239E-1
+7.307255E+9	+7.516483E-1	-5.389799E-1
+7.307270E+9	+7.519293E-1	-5.389063E-1
+7.307285E+9	+7.499485E-1	-5.391677E-1
+7.307300E+9	+7.517271E-1	-5.395958E-1
+7.307315E+9	+7.506193E-1	-5.398154E-1
+7.307330E+9	+7.502963E-1	-5.404091E-1
+7.307345E+9	+7.503368E-1	-5.407213E-1
+7.307360E+9	+7.493786E-1	-5.414128E-1
+7.307375E+9	+7.501963E-1	-5.417293E-1
+7.307390E+9	+7.506213E-1	-5.421581E-1
+7.307405E+9	+7.508936E-1	-5.417944E-1
+7.307420E+9	+7.500787E-1	-5.426697E-1
+7.307435E+9	+7.495574E-1	-5.430120E-1
+7.307450E+9	+7.489916E-1	-5.429086E-1
+7.307465E+9	+7.487236E-1	-5.434646E-1
+7.307480E+9	+7.486808E-1	-5.432151E-1
+7.307495E+9	+7.493422E-1	-5.423424E-1
+7.307510E+9	+7.494341E-1	-5.420316E-1
+7.307525E+9	+7.485462E-1	-5.417183E-1
+7.307540E+9	+7.481938E-1	-5.413650E-1
+7.307555E+9	+7.479963E-1	-5.429967E-1
+7.307570E+9	+7.482578E-1	-5.432161E-1
+7.307585E+9	+7.482654E-1	-5.425752E-1
+7.307600E+9	+7.472665E-1	-5.441985E-1
+7.307615E+9	+7.468338E-1	-5.438231E-1
+7.307630E+9	+7.480233E-1	-5.426592E-1
+7.307645E+9	+7.484267E-1	-5.429451E-1
+7.307660E+9	+7.471979E-1	-5.443077E-1
+7.307675E+9	+7.467091E-1	-5.444318E-1
+7.307690E+9	+7.464925E-1	-5.448113E-1
+7.307705E+9	+7.478333E-1	-5.452142E-1
+7.307720E+9	+7.487092E-1	-5.453581E-1
+7.307735E+9	+7.480945E-1	-5.449133E-1
+7.307750E+9	+7.477340E-1	-5.451847E-1
+7.307765E+9	+7.472763E-1	-5.455563E-1
+7.307780E+9	+7.482911E-1	-5.463597E-1
+7.307795E+9	+7.470608E-1	-5.453090E-1
+7.307810E+9	+7.473242E-1	-5.456389E-1
+7.307825E+9	+7.477295E-1	-5.462610E-1
+7.307840E+9	+7.469014E-1	-5.462190E-1
+7.307855E+9	+7.458904E-1	-5.465162E-1
+7.307870E+9	+7.462078E-1	-5.466967E-1
+7.307885E+9	+7.467300E-1	-5.470021E-1
+7.307900E+9	+7.463421E-1	-5.465203E-1
+7.307915E+9	+7.464861E-1	-5.468048E-1
+7.307930E+9	+7.455817E-1	-5.473309E-1
+7.307945E+9	+7.451643E-1	-5.479050E-1
+7.307960E+9	+7.453116E-1	-5.467609E-1
+7.307975E+9	+7.452580E-1	-5.473088E-1
+7.307990E+9	+7.455153E-1	-5.477665E-1
+7.308005E+9	+7.468162E-1	-5.474840E-1
+7.308020E+9	+7.466229E-1	-5.475374E-1
+7.308035E+9	+7.447769E-1	-5.470589E-1
+7.308050E+9	+7.455948E-1	-5.470835E-1
+7.308065E+9	+7.458543E-1	-5.478428E-1
+7.308080E+9	+7.447377E-1	-5.479063E-1
+7.308095E+9	+7.441177E-1	-5.477689E-1
+7.308110E+9	+7.444167E-1	-5.485127E-1
+7.308125E+9	+7.438287E-1	-5.494690E-1
+7.308140E+9	+7.432016E-1	-5.489295E-1
+7.308155E+9	+7.434845E-1	-5.482735E-1
+7.308170E+9	+7.430074E-1	-5.484884E-1
+7.308185E+9	+7.449243E-1	-5.504633E-1
+7.308200E+9	+7.431969E-1	-5.509178E-1
+7.308215E+9	+7.426542E-1	-5.506869E-1
+7.308230E+9	+7.420021E-1	-5.508468E-1
+7.308245E+9	+7.420717E-1	-5.502062E-1
+7.308260E+9	+7.421512E-1	-5.507629E-1
+7.308275E+9	+7.449036E-1	-5.504758E-1
+7.308290E+9	+7.424753E-1	-5.508950E-1
+7.308305E+9	+7.416245E-1	-5.516223E-1
+7.308320E+9	+7.422456E-1	-5.514249E-1
+7.308335E+9	+7.424460E-1	-5.514888E-1
+7.308350E+9	+7.420919E-1	-5.499605E-1
+7.308365E+9	+7.414725E-1	-5.507349E-1
+7.308380E+9	+7.410363E-1	-5.516535E-1
+7.308395E+9	+7.414247E-1	-5.515692E-1
+7.308410E+9	+7.420447E-1	-5.514729E-1
+7.308425E+9	+7.426737E-1	-5.519282E-1
+7.308440E+9	+7.419695E-1	-5.529947E-1
+7.308455E+9	+7.415413E-1	-5.533266E-1
+7.308470E+9	+7.413830E-1	-5.527457E-1
+7.308485E+9	+7.412236E-1	-5.524715E-1
+7.308500E+9	+7.420194E-1	-5.520953E-1
+7.308515E+9	+7.410982E-1	-5.520345E-1
+7.308530E+9	+7.403749E-1	-5.532559E-1
+7.308545E+9	+7.404955E-1	-5.539861E-1
+7.308560E+9	+7.402787E-1	-5.545446E-1
+7.308575E+9	+7.397296E-1	-5.552590E-1
+7.308590E+9	+7.403982E-1	-5.553921E-1
+7.308605E+9	+7.407213E-1	-5.545063E-1
+7.308620E+9	+7.403468E-1	-5.543109E-1
+7.308635E+9	+7.397272E-1	-5.545183E-1
+7.308650E+9	+7.394024E-1	-5.554732E-1
+7.308665E+9	+7.397698E-1	-5.551190E-1
+7.308680E+9	+7.396584E-1	-5.549399E-1
+7.308695E+9	+7.393052E-1	-5.551718E-1
+7.308710E+9	+7.396179E-1	-5.555301E-1
+7.308725E+9	+7.402953E-1	-5.557600E-1
+7.308740E+9	+7.391628E-1	-5.559089E-1
+7.308755E+9	+7.380207E-1	-5.563159E-1
+7.308770E+9	+7.378950E-1	-5.561824E-1
+7.308785E+9	+7.381163E-1	-5.574426E-1
+7.308800E+9	+7.391913E-1	-5.575562E-1
+7.308815E+9	+7.384318E-1	-5.580759E-1
+7.308830E+9	+7.384362E-1	-5.555190E-1
+7.308845E+9	+7.375540E-1	-5.569348E-1
+7.308860E+9	+7.372397E-1	-5.569319E-1
+7.308875E+9	+7.379291E-1	-5.567602E-1
+7.308890E+9	+7.374812E-1	-5.572513E-1
+7.308905E+9	+7.375606E-1	-5.576811E-1
+7.308920E+9	+7.380248E-1	-5.582836E-1
+7.308935E+9	+7.379047E-1	-5.569489E-1
+7.308950E+9	+7.373197E-1	-5.575929E-1
+7.308965E+9	+7.372886E-1	-5.583468E-1
+7.308980E+9	+7.369441E-1	-5.591954E-1
+7.308995E+9	+7.370881E-1	-5.589071E-1
+7.309010E+9	+7.372427E-1	-5.586726E-1
+7.309025E+9	+7.367701E-1	-5.568410E-1
+7.309040E+9	+7.363118E-1	-5.577101E-1
+7.309055E+9	+7.358834E-1	-5.588311E-1
+7.309070E+9	+7.365869E-1	-5.591492E-1
+7.309085E+9	+7.369343E-1	-5.585035E-1
+7.309100E+9	+7.353577E-1	-5.576267E-1
+7.309115E+9	+7.345974E-1	-5.586366E-1
+7.309130E+9	+7.342749E-1	-5.596859E-1
+7.309145E+9	+7.353748E-1	-5.609002E-1
+7.309160E+9	+7.345372E-1	-5.609277E-1
+7.309175E+9	+7.342512E-1	-5.606353E-1
+7.309190E+9	+7.340358E-1	-5.606109E-1
+7.309205E+9	+7.351776E-1	-5.604477E-1
+7.309220E+9	+7.353985E-1	-5.607804E-1
+7.309235E+9	+7.349248E-1	-5.610560E-1
+7.309250E+9	+7.340811E-1	-5.605616E-1
+7.309265E+9	+7.338777E-1	-5.610882E-1
+7.309280E+9	+7.344828E-1	-5.621271E-1
+7.309295E+9	+7.347792E-1	-5.624412E-1
+7.309310E+9	+7.337897E-1	-5.622672E-1
+7.309325E+9	+7.324326E-1	-5.614672E-1
+7.309340E+9	+7.329782E-1	-5.627245E-1
+7.309355E+9	+7.338837E-1	-5.624808E-1
+7.309370E+9	+7.336759E-1	-5.620726E-1
+7.309385E+9	+7.338518E-1	-5.620909E-1
+7.309400E+9	+7.327629E-1	-5.613104E-1
+7.309415E+9	+7.324352E-1	-5.624593E-1
+7.309430E+9	+7.329529E-1	-5.633636E-1
+7.309445E+9	+7.328918E-1	-5.634338E-1
+7.309460E+9	+7.331528E-1	-5.629915E-1
+7.309475E+9	+7.318883E-1	-5.619364E-1
+7.309490E+9	+7.318492E-1	-5.623280E-1
+7.309505E+9	+7.329802E-1	-5.638122E-1
+7.309520E+9	+7.314935E-1	-5.629937E-1
+7.309535E+9	+7.307336E-1	-5.636566E-1
+7.309550E+9	+7.314368E-1	-5.639273E-1
+7.309565E+9	+7.314224E-1	-5.640956E-1
+7.309580E+9	+7.313210E-1	-5.646981E-1
+7.309595E+9	+7.314453E-1	-5.643625E-1
+7.309610E+9	+7.314601E-1	-5.647392E-1
+7.309625E+9	+7.317428E-1	-5.655968E-1
+7.309640E+9	+7.319425E-1	-5.643395E-1
+7.309655E+9	+7.320825E-1	-5.641447E-1
+7.309670E+9	+7.322754E-1	-5.648476E-1
+7.309685E+9	+7.315220E-1	-5.670263E-1
+7.309700E+9	+7.323151E-1	-5.670624E-1
+7.309715E+9	+7.302812E-1	-5.673276E-1
+7.309730E+9	+7.297429E-1	-5.667928E-1
+7.309745E+9	+7.308616E-1	-5.677392E-1
+7.309760E+9	+7.313909E-1	-5.677914E-1
+7.309775E+9	+7.312315E-1	-5.664133E-1
+7.309790E+9	+7.303951E-1	-5.665471E-1
+7.309805E+9	+7.295525E-1	-5.669092E-1
+7.309820E+9	+7.298490E-1	-5.670727E-1
+7.309835E+9	+7.296963E-1	-5.674141E-1
+7.309850E+9	+7.297953E-1	-5.687597E-1
+7.309865E+9	+7.292059E-1	-5.691019E-1
+7.309880E+9	+7.290875E-1	-5.687295E-1
+7.309895E+9	+7.281973E-1	-5.692505E-1
+7.309910E+9	+7.271615E-1	-5.686833E-1
+7.309925E+9	+7.288768E-1	-5.687517E-1
+7.309940E+9	+7.291267E-1	-5.693220E-1
+7.309955E+9	+7.286065E-1	-5.691359E-1
+7.309970E+9	+7.273824E-1	-5.700340E-1
+7.309985E+9	+7.263552E-1	-5.699231E-1
+7.310000E+9	+7.282347E-1	-5.689844E-1
+7.310015E+9	+7.284633E-1	-5.689422E-1
+7.310030E+9	+7.282552E-1	-5.692158E-1
+7.310045E+9	+7.280459E-1	-5.694317E-1
+7.310060E+9	+7.271114E-1	-5.699641E-1
+7.310075E+9	+7.267416E-1	-5.694883E-1
+7.310090E+9	+7.262583E-1	-5.695413E-1
+7.310105E+9	+7.256320E-1	-5.694859E-1
+7.310120E+9	+7.254520E-1	-5.702309E-1
+7.310135E+9	+7.262160E-1	-5.710525E-1
+7.310150E+9	+7.266281E-1	-5.705535E-1
+7.310165E+9	+7.262860E-1	-5.711780E-1
+7.310180E+9	+7.260409E-1	-5.714712E-1
+7.310195E+9	+7.253505E-1	-5.713591E-1
+7.310210E+9	+7.247738E-1	-5.712436E-1
+7.310225E+9	+7.252732E-1	-5.713611E-1
+7.310240E+9	+7.260987E-1	-5.721465E-1
+7.310255E+9	+7.256401E-1	-5.719614E-1
+7.310270E+9	+7.249716E-1	-5.721437E-1
+7.310285E+9	+7.242662E-1	-5.721957E-1
+7.310300E+9	+7.252628E-1	-5.715468E-1
+7.310315E+9	+7.259908E-1	-5.727947E-1
+7.310330E+9	+7.258273E-1	-5.736557E-1
+7.310345E+9	+7.256700E-1	-5.733404E-1
+7.310360E+9	+7.252235E-1	-5.729262E-1
+7.310375E+9	+7.241038E-1	-5.723580E-1
+7.310390E+9	+7.242675E-1	-5.722400E-1
+7.310405E+9	+7.242414E-1	-5.729917E-1
+7.310420E+9	+7.242306E-1	-5.735392E-1
+7.310435E+9	+7.249610E-1	-5.741569E-1
+7.310450E+9	+7.253702E-1	-5.735266E-1
+7.310465E+9	+7.237153E-1	-5.735616E-1
+7.310480E+9	+7.230210E-1	-5.730178E-1
+7.310495E+9	+7.228649E-1	-5.735828E-1
+7.310510E+9	+7.229441E-1	-5.740304E-1
+7.310525E+9	+7.226047E-1	-5.746192E-1
+7.310540E+9	+7.227278E-1	-5.748301E-1
+7.310555E+9	+7.225361E-1	-5.746483E-1
+7.310570E+9	+7.224276E-1	-5.748477E-1
+7.310585E+9	+7.228239E-1	-5.755285E-1
+7.310600E+9	+7.220414E-1	-5.767140E-1
+7.310615E+9	+7.215633E-1	-5.764929E-1
+7.310630E+9	+7.217501E-1	-5.760666E-1
+7.310645E+9	+7.220858E-1	-5.758332E-1
+7.310660E+9	+7.217118E-1	-5.765883E-1
+7.310675E+9	+7.207626E-1	-5.769713E-1
+7.310690E+9	+7.201107E-1	-5.773771E-1
+7.310705E+9	+7.195517E-1	-5.750917E-1
+7.310720E+9	+7.199585E-1	-5.745969E-1
+7.310735E+9	+7.214160E-1	-5.773411E-1
+7.310750E+9	+7.205027E-1	-5.786921E-1
+7.310765E+9	+7.215766E-1	-5.788336E-1
+7.310780E+9	+7.218977E-1	-5.782801E-1
+7.310795E+9	+7.213908E-1	-5.781547E-1
+7.310810E+9	+7.196980E-1	-5.781417E-1
+7.310825E+9	+7.199159E-1	-5.790645E-1
+7.310840E+9	+7.189283E-1	-5.779082E-1
+7.310855E+9	+7.196011E-1	-5.772750E-1
+7.310870E+9	+7.192867E-1	-5.777699E-1
+7.310885E+9	+7.195086E-1	-5.786738E-1
+7.310900E+9	+7.208862E-1	-5.796922E-1
+7.310915E+9	+7.194738E-1	-5.804235E-1
+7.310930E+9	+7.183112E-1	-5.785412E-1
+7.310945E+9	+7.189073E-1	-5.788325E-1
+7.310960E+9	+7.188890E-1	-5.791501E-1
+7.310975E+9	+7.191628E-1	-5.799188E-1
+7.310990E+9	+7.193587E-1	-5.794721E-1
+7.311005E+9	+7.194569E-1	-5.795161E-1
+7.311020E+9	+7.184425E-1	-5.798544E-1
+7.311035E+9	+7.182699E-1	-5.804953E-1
+7.311050E+9	+7.181057E-1	-5.802334E-1
+7.311065E+9	+7.181087E-1	-5.800299E-1
+7.311080E+9	+7.178091E-1	-5.796973E-1
+7.311095E+9	+7.180092E-1	-5.794080E-1
+7.311110E+9	+7.171107E-1	-5.814195E-1
+7.311125E+9	+7.176531E-1	-5.820945E-1
+7.311140E+9	+7.177601E-1	-5.817405E-1
+7.311155E+9	+7.171249E-1	-5.812877E-1
+7.311170E+9	+7.164192E-1	-5.810431E-1
+7.311185E+9	+7.157921E-1	-5.809690E-1
+7.311200E+9	+7.160358E-1	-5.810618E-1
+7.311215E+9	+7.155619E-1	-5.817057E-1
+7.311230E+9	+7.154572E-1	-5.823352E-1
+7.311245E+9	+7.153781E-1	-5.828405E-1
+7.311260E+9	+7.154819E-1	-5.826446E-1
+7.311275E+9	+7.155079E-1	-5.823298E-1
+7.311290E+9	+7.155134E-1	-5.821204E-1
+7.311305E+9	+7.161287E-1	-5.818266E-1
+7.311320E+9	+7.157625E-1	-5.826294E-1
+7.311335E+9	+7.157466E-1	-5.837971E-1
+7.311350E+9	+7.156103E-1	-5.832272E-1
+7.311365E+9	+7.152022E-1	-5.829947E-1
+7.311380E+9	+7.149989E-1	-5.829224E-1
+7.311395E+9	+7.146915E-1	-5.831610E-1
+7.311410E+9	+7.158304E-1	-5.831735E-1
+7.311425E+9	+7.152570E-1	-5.839084E-1
+7.311440E+9	+7.158670E-1	-5.845977E-1
+7.311455E+9	+7.153856E-1	-5.847340E-1
+7.311470E+9	+7.151466E-1	-5.853346E-1
+7.311485E+9	+7.134852E-1	-5.850407E-1
+7.311500E+9	+7.138658E-1	-5.855098E-1
+7.311515E+9	+7.130784E-1	-5.859320E-1
+7.311530E+9	+7.134743E-1	-5.852734E-1
+7.311545E+9	+7.125671E-1	-5.858643E-1
+7.311560E+9	+7.124928E-1	-5.866976E-1
+7.311575E+9	+7.129645E-1	-5.867175E-1
+7.311590E+9	+7.131680E-1	-5.866833E-1
+7.311605E+9	+7.131728E-1	-5.871452E-1
+7.311620E+9	+7.119340E-1	-5.874531E-1
+7.311635E+9	+7.124302E-1	-5.869326E-1
+7.311650E+9	+7.140795E-1	-5.863065E-1
+7.311665E+9	+7.131159E-1	-5.865654E-1
+7.311680E+9	+7.124498E-1	-5.870154E-1
+7.311695E+9	+7.125026E-1	-5.868296E-1
+7.311710E+9	+7.125823E-1	-5.873504E-1
+7.311725E+9	+7.127005E-1	-5.875022E-1
+7.311740E+9	+7.123050E-1	-5.878950E-1
+7.311755E+9	+7.111547E-1	-5.878041E-1
+7.311770E+9	+7.099717E-1	-5.874361E-1
+7.311785E+9	+7.104657E-1	-5.872789E-1
+7.311800E+9	+7.113098E-1	-5.878680E-1
+7.311815E+9	+7.102782E-1	-5.879969E-1
+7.311830E+9	+7.098930E-1	-5.880170E-1
+7.311845E+9	+7.095800E-1	-5.879621E-1
+7.311860E+9	+7.104085E-1	-5.890904E-1
+7.311875E+9	+7.109735E-1	-5.892202E-1
+7.311890E+9	+7.097996E-1	-5.906032E-1
+7.311905E+9	+7.090348E-1	-5.905615E-1
+7.311920E+9	+7.095813E-1	-5.910786E-1
+7.311935E+9	+7.106880E-1	-5.904360E-1
+7.311950E+9	+7.094986E-1	-5.905974E-1
+7.311965E+9	+7.087363E-1	-5.905652E-1
+7.311980E+9	+7.090141E-1	-5.896927E-1
+7.311995E+9	+7.100180E-1	-5.896081E-1
+7.312010E+9	+7.101023E-1	-5.897936E-1
+7.312025E+9	+7.096840E-1	-5.895605E-1
+7.312040E+9	+7.088978E-1	-5.912790E-1
+7.312055E+9	+7.084842E-1	-5.918127E-1
+7.312070E+9	+7.089357E-1	-5.919556E-1
+7.312085E+9	+7.090474E-1	-5.916692E-1
+7.312100E+9	+7.079368E-1	-5.911924E-1
+7.312115E+9	+7.076491E-1	-5.916278E-1
+7.312130E+9	+7.079407E-1	-5.919084E-1
+7.312145E+9	+7.081880E-1	-5.924547E-1
+7.312160E+9	+7.080929E-1	-5.909359E-1
+7.312175E+9	+7.076931E-1	-5.914130E-1
+7.312190E+9	+7.074783E-1	-5.919661E-1
+7.312205E+9	+7.070615E-1	-5.933903E-1
+7.312220E+9	+7.065380E-1	-5.927959E-1
+7.312235E+9	+7.066678E-1	-5.925914E-1
+7.312250E+9	+7.066752E-1	-5.928265E-1
+7.312265E+9	+7.070825E-1	-5.922574E-1
+7.312280E+9	+7.077603E-1	-5.923765E-1
+7.312295E+9	+7.063338E-1	-5.932655E-1
+7.312310E+9	+7.051449E-1	-5.941516E-1
+7.312325E+9	+7.065626E-1	-5.935689E-1
+7.312340E+9	+7.058629E-1	-5.938155E-1
+7.312355E+9	+7.053410E-1	-5.941289E-1
+7.312370E+9	+7.047839E-1	-5.947042E-1
+7.312385E+9	+7.046604E-1	-5.942380E-1
+7.312400E+9	+7.053491E-1	-5.939284E-1
+7.312415E+9	+7.051227E-1	-5.937367E-1
+7.312430E+9	+7.049873E-1	-5.964485E-1
+7.312445E+9	+7.054301E-1	-5.959491E-1
+7.312460E+9	+7.051904E-1	-5.947434E-1
+7.312475E+9	+7.040517E-1	-5.948474E-1
+7.312490E+9	+7.033224E-1	-5.944943E-1
+7.312505E+9	+7.037396E-1	-5.953452E-1
+7.312520E+9	+7.045638E-1	-5.958380E-1
+7.312535E+9	+7.048481E-1	-5.955214E-1
+7.312550E+9	+7.047891E-1	-5.958987E-1
+7.312565E+9	+7.037543E-1	-5.964011E-1
+7.312580E+9	+7.034882E-1	-5.972899E-1
+7.312595E+9	+7.038137E-1	-5.981079E-1
+7.312610E+9	+7.034234E-1	-5.971164E-1
+7.312625E+9	+7.021323E-1	-5.963217E-1
+7.312640E+9	+7.025047E-1	-5.969293E-1
+7.312655E+9	+7.028257E-1	-5.963761E-1
+7.312670E+9	+7.021011E-1	-5.962983E-1
+7.312685E+9	+7.022925E-1	-5.959989E-1
+7.312700E+9	+7.026181E-1	-5.964536E-1
+7.312715E+9	+7.021700E-1	-5.971425E-1
+7.312730E+9	+7.016528E-1	-5.983943E-1
+7.312745E+9	+7.021889E-1	-5.987431E-1
+7.312760E+9	+7.023669E-1	-5.984777E-1
+7.312775E+9	+7.013969E-1	-5.980512E-1
+7.312790E+9	+7.010168E-1	-5.984885E-1
+7.312805E+9	+7.013740E-1	-5.993655E-1
+7.312820E+9	+7.004784E-1	-5.999268E-1
+7.312835E+9	+7.005289E-1	-5.995306E-1
+7.312850E+9	+7.011281E-1	-5.998916E-1
+7.312865E+9	+7.003286E-1	-5.995567E-1
+7.312880E+9	+7.002639E-1	-5.993833E-1
+7.312895E+9	+6.994034E-1	-5.994587E-1
+7.312910E+9	+6.994728E-1	-5.999351E-1
+7.312925E+9	+6.993028E-1	-5.998546E-1
+7.312940E+9	+6.986709E-1	-5.995445E-1
+7.312955E+9	+6.989745E-1	-5.994831E-1
+7.312970E+9	+6.997069E-1	-6.014726E-1
+7.312985E+9	+7.002718E-1	-6.020290E-1
+7.313000E+9	+7.007537E-1	-6.006305E-1
+7.313015E+9	+6.987770E-1	-6.004353E-1
+7.313030E+9	+6.980438E-1	-6.004197E-1
+7.313045E+9	+6.984084E-1	-6.009939E-1
+7.313060E+9	+6.989124E-1	-6.006004E-1
+7.313075E+9	+6.981157E-1	-6.012089E-1
+7.313090E+9	+6.979827E-1	-6.015402E-1
+7.313105E+9	+6.978470E-1	-6.021379E-1
+7.313120E+9	+6.978075E-1	-6.026792E-1
+7.313135E+9	+6.980345E-1	-6.026036E-1
+7.313150E+9	+6.983897E-1	-6.024646E-1
+7.313165E+9	+6.977749E-1	-6.019899E-1
+7.313180E+9	+6.971063E-1	-6.019214E-1
+7.313195E+9	+6.975245E-1	-6.027725E-1
+7.313210E+9	+6.989186E-1	-6.033342E-1
+7.313225E+9	+6.970644E-1	-6.020482E-1
+7.313240E+9	+6.961706E-1	-6.025706E-1
+7.313255E+9	+6.958634E-1	-6.032006E-1
+7.313270E+9	+6.963097E-1	-6.031134E-1
+7.313285E+9	+6.968182E-1	-6.036870E-1
+7.313300E+9	+6.965136E-1	-6.042493E-1
+7.313315E+9	+6.964301E-1	-6.044579E-1
+7.313330E+9	+6.952582E-1	-6.032056E-1
+7.313345E+9	+6.945282E-1	-6.034661E-1
+7.313360E+9	+6.947781E-1	-6.040281E-1
+7.313375E+9	+6.961297E-1	-6.052160E-1
+7.313390E+9	+6.952732E-1	-6.053850E-1
+7.313405E+9	+6.941866E-1	-6.046861E-1
+7.313420E+9	+6.940962E-1	-6.040936E-1
+7.313435E+9	+6.958513E-1	-6.049967E-1
+7.313450E+9	+6.965979E-1	-6.058157E-1
+7.313465E+9	+6.960475E-1	-6.060726E-1
+7.313480E+9	+6.952948E-1	-6.046795E-1
+7.313495E+9	+6.947008E-1	-6.053654E-1
+7.313510E+9	+6.939417E-1	-6.058874E-1
+7.313525E+9	+6.934964E-1	-6.065498E-1
+7.313540E+9	+6.934488E-1	-6.064077E-1
+7.313555E+9	+6.938565E-1	-6.057573E-1
+7.313570E+9	+6.930342E-1	-6.064251E-1
+7.313585E+9	+6.926791E-1	-6.072016E-1
+7.313600E+9	+6.937663E-1	-6.073625E-1
+7.313615E+9	+6.937682E-1	-6.069916E-1
+7.313630E+9	+6.936629E-1	-6.070725E-1
+7.313645E+9	+6.929083E-1	-6.074963E-1
+7.313660E+9	+6.928385E-1	-6.077014E-1
+7.313675E+9	+6.928009E-1	-6.082268E-1
+7.313690E+9	+6.936217E-1	-6.092024E-1
+7.313705E+9	+6.937679E-1	-6.095425E-1
+7.313720E+9	+6.932572E-1	-6.092197E-1
+7.313735E+9	+6.913215E-1	-6.072736E-1
+7.313750E+9	+6.915464E-1	-6.091282E-1
+7.313765E+9	+6.914250E-1	-6.092263E-1
+7.313780E+9	+6.919543E-1	-6.094248E-1
+7.313795E+9	+6.921270E-1	-6.099700E-1
+7.313810E+9	+6.912424E-1	-6.086958E-1
+7.313825E+9	+6.914114E-1	-6.095735E-1
+7.313840E+9	+6.915117E-1	-6.100887E-1
+7.313855E+9	+6.917223E-1	-6.103238E-1
+7.313870E+9	+6.917475E-1	-6.099529E-1
+7.313885E+9	+6.914953E-1	-6.105161E-1
+7.313900E+9	+6.901260E-1	-6.099756E-1
+7.313915E+9	+6.901315E-1	-6.106354E-1
+7.313930E+9	+6.901771E-1	-6.113702E-1
+7.313945E+9	+6.906107E-1	-6.116386E-1
+7.313960E+9	+6.909958E-1	-6.107613E-1
+7.313975E+9	+6.906188E-1	-6.092632E-1
+7.313990E+9	+6.903254E-1	-6.100364E-1
+7.314005E+9	+6.899992E-1	-6.111776E-1
+7.314020E+9	+6.890325E-1	-6.121944E-1
+7.314035E+9	+6.889946E-1	-6.127818E-1
+7.314050E+9	+6.901826E-1	-6.119859E-1
+7.314065E+9	+6.894056E-1	-6.124058E-1
+7.314080E+9	+6.891692E-1	-6.114082E-1
+7.314095E+9	+6.876019E-1	-6.125266E-1
+7.314110E+9	+6.880391E-1	-6.125248E-1
+7.314125E+9	+6.887101E-1	-6.115792E-1
+7.314140E+9	+6.883140E-1	-6.118835E-1
+7.314155E+9	+6.880722E-1	-6.120752E-1
+7.314170E+9	+6.875295E-1	-6.130525E-1
+7.314185E+9	+6.865422E-1	-6.132218E-1
+7.314200E+9	+6.862172E-1	-6.138768E-1
+7.314215E+9	+6.863167E-1	-6.140796E-1
+7.314230E+9	+6.864234E-1	-6.145148E-1
+7.314245E+9	+6.865554E-1	-6.143628E-1
+7.314260E+9	+6.859683E-1	-6.148170E-1
+7.314275E+9	+6.848629E-1	-6.143443E-1
+7.314290E+9	+6.849467E-1	-6.149922E-1
+7.314305E+9	+6.852738E-1	-6.153514E-1
+7.314320E+9	+6.859611E-1	-6.148412E-1
+7.314335E+9	+6.860633E-1	-6.149048E-1
+7.314350E+9	+6.858341E-1	-6.152401E-1
+7.314365E+9	+6.853954E-1	-6.154527E-1
+7.314380E+9	+6.864067E-1	-6.145157E-1
+7.314395E+9	+6.867699E-1	-6.158988E-1
+7.314410E+9	+6.859454E-1	-6.169528E-1
+7.314425E+9	+6.828338E-1	-6.154630E-1
+7.314440E+9	+6.829681E-1	-6.162013E-1
+7.314455E+9	+6.848620E-1	-6.182243E-1
+7.314470E+9	+6.855718E-1	-6.175293E-1
+7.314485E+9	+6.847052E-1	-6.173086E-1
+7.314500E+9	+6.838995E-1	-6.177688E-1
+7.314515E+9	+6.832377E-1	-6.174124E-1
+7.314530E+9	+6.845276E-1	-6.165400E-1
+7.314545E+9	+6.848268E-1	-6.159801E-1
+7.314560E+9	+6.839945E-1	-6.162516E-1
+7.314575E+9	+6.823857E-1	-6.187102E-1
+7.314590E+9	+6.823040E-1	-6.187709E-1
+7.314605E+9	+6.833707E-1	-6.171143E-1
+7.314620E+9	+6.831585E-1	-6.180823E-1
+7.314635E+9	+6.829972E-1	-6.191152E-1
+7.314650E+9	+6.820876E-1	-6.195744E-1
+7.314665E+9	+6.824807E-1	-6.196738E-1
+7.314680E+9	+6.827076E-1	-6.192557E-1
+7.314695E+9	+6.823630E-1	-6.195937E-1
+7.314710E+9	+6.824854E-1	-6.186588E-1
+7.314725E+9	+6.815536E-1	-6.187350E-1
+7.314740E+9	+6.815416E-1	-6.192936E-1
+7.314755E+9	+6.814644E-1	-6.194202E-1
+7.314770E+9	+6.814541E-1	-6.193483E-1
+7.314785E+9	+6.813635E-1	-6.189284E-1
+7.314800E+9	+6.814580E-1	-6.184240E-1
+7.314815E+9	+6.812799E-1	-6.196764E-1
+7.314830E+9	+6.805299E-1	-6.204250E-1
+7.314845E+9	+6.799735E-1	-6.197972E-1
+7.314860E+9	+6.803013E-1	-6.212694E-1
+7.314875E+9	+6.810358E-1	-6.214090E-1
+7.314890E+9	+6.805289E-1	-6.218820E-1
+7.314905E+9	+6.802860E-1	-6.215100E-1
+7.314920E+9	+6.804813E-1	-6.215698E-1
+7.314935E+9	+6.805207E-1	-6.217947E-1
+7.314950E+9	+6.790832E-1	-6.214116E-1
+7.314965E+9	+6.788547E-1	-6.215734E-1
+7.314980E+9	+6.794745E-1	-6.211240E-1
+7.314995E+9	+6.790055E-1	-6.213707E-1
+7.315010E+9	+6.775840E-1	-6.217247E-1
+7.315025E+9	+6.780224E-1	-6.222372E-1
+7.315040E+9	+6.788936E-1	-6.232475E-1
+7.315055E+9	+6.796249E-1	-6.216733E-1
+7.315070E+9	+6.769870E-1	-6.225786E-1
+7.315085E+9	+6.760282E-1	-6.225837E-1
+7.315100E+9	+6.781625E-1	-6.218781E-1
+7.315115E+9	+6.783113E-1	-6.232220E-1
+7.315130E+9	+6.785252E-1	-6.237664E-1
+7.315145E+9	+6.782721E-1	-6.232651E-1
+7.315160E+9	+6.772422E-1	-6.231364E-1
+7.315175E+9	+6.755013E-1	-6.234072E-1
+7.315190E+9	+6.758121E-1	-6.233596E-1
+7.315205E+9	+6.762076E-1	-6.233889E-1
+7.315220E+9	+6.758428E-1	-6.240447E-1
+7.315235E+9	+6.756396E-1	-6.244279E-1
+7.315250E+9	+6.763350E-1	-6.243903E-1
+7.315265E+9	+6.767039E-1	-6.248807E-1
+7.315280E+9	+6.766674E-1	-6.249337E-1
+7.315295E+9	+6.760942E-1	-6.251478E-1
+7.315310E+9	+6.756788E-1	-6.258412E-1
+7.315325E+9	+6.759185E-1	-6.253037E-1
+7.315340E+9	+6.751849E-1	-6.257557E-1
+7.315355E+9	+6.748961E-1	-6.264545E-1
+7.315370E+9	+6.748287E-1	-6.264478E-1
+7.315385E+9	+6.743150E-1	-6.265160E-1
+7.315400E+9	+6.754361E-1	-6.249177E-1
+7.315415E+9	+6.748812E-1	-6.253259E-1
+7.315430E+9	+6.743242E-1	-6.256120E-1
+7.315445E+9	+6.735199E-1	-6.258093E-1
+7.315460E+9	+6.737518E-1	-6.256117E-1
+7.315475E+9	+6.749134E-1	-6.262156E-1
+7.315490E+9	+6.752409E-1	-6.273627E-1
+7.315505E+9	+6.753531E-1	-6.280477E-1
+7.315520E+9	+6.757745E-1	-6.271469E-1
+7.315535E+9	+6.736495E-1	-6.269948E-1
+7.315550E+9	+6.725757E-1	-6.279567E-1
+7.315565E+9	+6.722884E-1	-6.279051E-1
+7.315580E+9	+6.718748E-1	-6.282002E-1
+7.315595E+9	+6.723354E-1	-6.283259E-1
+7.315610E+9	+6.713080E-1	-6.281144E-1
+7.315625E+9	+6.713484E-1	-6.279080E-1
+7.315640E+9	+6.708054E-1	-6.284927E-1
+7.315655E+9	+6.719736E-1	-6.287800E-1
+7.315670E+9	+6.715845E-1	-6.295644E-1
+7.315685E+9	+6.713784E-1	-6.299340E-1
+7.315700E+9	+6.715170E-1	-6.299949E-1
+7.315715E+9	+6.715785E-1	-6.295205E-1
+7.315730E+9	+6.706082E-1	-6.292500E-1
+7.315745E+9	+6.697866E-1	-6.296007E-1
+7.315760E+9	+6.697840E-1	-6.294394E-1
+7.315775E+9	+6.707668E-1	-6.296491E-1
+7.315790E+9	+6.704471E-1	-6.303834E-1
+7.315805E+9	+6.701510E-1	-6.308517E-1
+7.315820E+9	+6.701669E-1	-6.309695E-1
+7.315835E+9	+6.693183E-1	-6.309514E-1
+7.315850E+9	+6.689615E-1	-6.310434E-1
+7.315865E+9	+6.687167E-1	-6.315229E-1
+7.315880E+9	+6.690443E-1	-6.310817E-1
+7.315895E+9	+6.685061E-1	-6.314679E-1
+7.315910E+9	+6.693989E-1	-6.315536E-1
+7.315925E+9	+6.688628E-1	-6.313198E-1
+7.315940E+9	+6.689579E-1	-6.319458E-1
+7.315955E+9	+6.692601E-1	-6.320433E-1
+7.315970E+9	+6.687671E-1	-6.314105E-1
+7.315985E+9	+6.675625E-1	-6.307023E-1
+7.316000E+9	+6.682897E-1	-6.313332E-1
+7.316015E+9	+6.678105E-1	-6.316201E-1
+7.316030E+9	+6.674230E-1	-6.321235E-1
+7.316045E+9	+6.672178E-1	-6.326384E-1
+7.316060E+9	+6.665240E-1	-6.325018E-1
+7.316075E+9	+6.657260E-1	-6.327034E-1
+7.316090E+9	+6.670254E-1	-6.336335E-1
+7.316105E+9	+6.674708E-1	-6.342113E-1
+7.316120E+9	+6.670479E-1	-6.342515E-1
+7.316135E+9	+6.665930E-1	-6.328262E-1
+7.316150E+9	+6.670530E-1	-6.339746E-1
+7.316165E+9	+6.668148E-1	-6.339481E-1
+7.316180E+9	+6.669723E-1	-6.334263E-1
+7.316195E+9	+6.665908E-1	-6.336818E-1
+7.316210E+9	+6.661880E-1	-6.339627E-1
+7.316225E+9	+6.655283E-1	-6.344018E-1
+7.316240E+9	+6.649451E-1	-6.340770E-1
+7.316255E+9	+6.642174E-1	-6.342529E-1
+7.316270E+9	+6.641904E-1	-6.346678E-1
+7.316285E+9	+6.649498E-1	-6.362995E-1
+7.316300E+9	+6.649947E-1	-6.354307E-1
+7.316315E+9	+6.649141E-1	-6.352876E-1
+7.316330E+9	+6.652470E-1	-6.352808E-1
+7.316345E+9	+6.646014E-1	-6.355575E-1
+7.316360E+9	+6.650015E-1	-6.356113E-1
+7.316375E+9	+6.651984E-1	-6.366996E-1
+7.316390E+9	+6.644482E-1	-6.364244E-1
+7.316405E+9	+6.633655E-1	-6.362826E-1
+7.316420E+9	+6.631059E-1	-6.362960E-1
+7.316435E+9	+6.629484E-1	-6.372341E-1
+7.316450E+9	+6.640225E-1	-6.373147E-1
+7.316465E+9	+6.634457E-1	-6.375421E-1
+7.316480E+9	+6.634842E-1	-6.380547E-1
+7.316495E+9	+6.639557E-1	-6.385755E-1
+7.316510E+9	+6.630474E-1	-6.387509E-1
+7.316525E+9	+6.621621E-1	-6.381048E-1
+7.316540E+9	+6.623787E-1	-6.380094E-1
+7.316555E+9	+6.625906E-1	-6.374994E-1
+7.316570E+9	+6.628145E-1	-6.386692E-1
+7.316585E+9	+6.624127E-1	-6.394801E-1
+7.316600E+9	+6.603589E-1	-6.384375E-1
+7.316615E+9	+6.597577E-1	-6.379748E-1
+7.316630E+9	+6.610977E-1	-6.379548E-1
+7.316645E+9	+6.615617E-1	-6.387801E-1
+7.316660E+9	+6.610979E-1	-6.397395E-1
+7.316675E+9	+6.609588E-1	-6.404786E-1
+7.316690E+9	+6.619529E-1	-6.402491E-1
+7.316705E+9	+6.615272E-1	-6.388368E-1
+7.316720E+9	+6.598202E-1	-6.395528E-1
+7.316735E+9	+6.586994E-1	-6.397542E-1
+7.316750E+9	+6.590291E-1	-6.394657E-1
+7.316765E+9	+6.595875E-1	-6.398783E-1
+7.316780E+9	+6.597236E-1	-6.405797E-1
+7.316795E+9	+6.594921E-1	-6.410102E-1
+7.316810E+9	+6.586774E-1	-6.408585E-1
+7.316825E+9	+6.580548E-1	-6.407111E-1
+7.316840E+9	+6.588070E-1	-6.416273E-1
+7.316855E+9	+6.588668E-1	-6.418166E-1
+7.316870E+9	+6.583967E-1	-6.419011E-1
+7.316885E+9	+6.572619E-1	-6.412787E-1
+7.316900E+9	+6.579559E-1	-6.419369E-1
+7.316915E+9	+6.575612E-1	-6.421819E-1
+7.316930E+9	+6.574569E-1	-6.422303E-1
+7.316945E+9	+6.575608E-1	-6.425260E-1
+7.316960E+9	+6.573481E-1	-6.422819E-1
+7.316975E+9	+6.574872E-1	-6.416529E-1
+7.316990E+9	+6.568549E-1	-6.419951E-1
+7.317005E+9	+6.568327E-1	-6.421708E-1
+7.317020E+9	+6.566175E-1	-6.420745E-1
+7.317035E+9	+6.570290E-1	-6.421587E-1
+7.317050E+9	+6.569471E-1	-6.431444E-1
+7.317065E+9	+6.571947E-1	-6.431887E-1
+7.317080E+9	+6.562096E-1	-6.441336E-1
+7.317095E+9	+6.563494E-1	-6.434193E-1
+7.317110E+9	+6.557292E-1	-6.431731E-1
+7.317125E+9	+6.552970E-1	-6.435416E-1
+7.317140E+9	+6.558469E-1	-6.433998E-1
+7.317155E+9	+6.554245E-1	-6.429439E-1
+7.317170E+9	+6.550186E-1	-6.430217E-1
+7.317185E+9	+6.544489E-1	-6.434696E-1
+7.317200E+9	+6.537552E-1	-6.440589E-1
+7.317215E+9	+6.532644E-1	-6.448486E-1
+7.317230E+9	+6.533061E-1	-6.455023E-1
+7.317245E+9	+6.535926E-1	-6.460212E-1
+7.317260E+9	+6.550115E-1	-6.462406E-1
+7.317275E+9	+6.542297E-1	-6.474030E-1
+7.317290E+9	+6.544739E-1	-6.467797E-1
+7.317305E+9	+6.543854E-1	-6.462354E-1
+7.317320E+9	+6.542599E-1	-6.466772E-1
+7.317335E+9	+6.536156E-1	-6.457094E-1
+7.317350E+9	+6.531495E-1	-6.462701E-1
+7.317365E+9	+6.526684E-1	-6.465409E-1
+7.317380E+9	+6.526926E-1	-6.468033E-1
+7.317395E+9	+6.531387E-1	-6.469321E-1
+7.317410E+9	+6.538812E-1	-6.469741E-1
+7.317425E+9	+6.531113E-1	-6.476270E-1
+7.317440E+9	+6.522656E-1	-6.476017E-1
+7.317455E+9	+6.517133E-1	-6.473311E-1
+7.317470E+9	+6.511677E-1	-6.467854E-1
+7.317485E+9	+6.510313E-1	-6.466601E-1
+7.317500E+9	+6.513996E-1	-6.470194E-1
+7.317515E+9	+6.515341E-1	-6.475054E-1
+7.317530E+9	+6.522770E-1	-6.475104E-1
+7.317545E+9	+6.525298E-1	-6.476555E-1
+7.317560E+9	+6.514804E-1	-6.467934E-1
+7.317575E+9	+6.500932E-1	-6.477144E-1
+7.317590E+9	+6.505568E-1	-6.480839E-1
+7.317605E+9	+6.506219E-1	-6.487967E-1
+7.317620E+9	+6.503594E-1	-6.491220E-1
+7.317635E+9	+6.490807E-1	-6.496134E-1
+7.317650E+9	+6.501866E-1	-6.504032E-1
+7.317665E+9	+6.498748E-1	-6.495680E-1
+7.317680E+9	+6.490558E-1	-6.486239E-1
+7.317695E+9	+6.493943E-1	-6.492075E-1
+7.317710E+9	+6.496273E-1	-6.495973E-1
+7.317725E+9	+6.493003E-1	-6.498620E-1
+7.317740E+9	+6.482773E-1	-6.500165E-1
+7.317755E+9	+6.475290E-1	-6.507565E-1
+7.317770E+9	+6.463696E-1	-6.517454E-1
+7.317785E+9	+6.459912E-1	-6.517765E-1
+7.317800E+9	+6.467415E-1	-6.499899E-1
+7.317815E+9	+6.467669E-1	-6.506370E-1
+7.317830E+9	+6.471067E-1	-6.509346E-1
+7.317845E+9	+6.478238E-1	-6.509824E-1
+7.317860E+9	+6.478093E-1	-6.511958E-1
+7.317875E+9	+6.478357E-1	-6.522085E-1
+7.317890E+9	+6.469920E-1	-6.524467E-1
+7.317905E+9	+6.460710E-1	-6.521385E-1
+7.317920E+9	+6.455905E-1	-6.520076E-1
+7.317935E+9	+6.454141E-1	-6.520208E-1
+7.317950E+9	+6.463505E-1	-6.516072E-1
+7.317965E+9	+6.463196E-1	-6.516815E-1
+7.317980E+9	+6.458772E-1	-6.520630E-1
+7.317995E+9	+6.450016E-1	-6.528195E-1
+7.318010E+9	+6.443810E-1	-6.529153E-1
+7.318025E+9	+6.456620E-1	-6.525864E-1
+7.318040E+9	+6.450094E-1	-6.532193E-1
+7.318055E+9	+6.449312E-1	-6.541332E-1
+7.318070E+9	+6.452741E-1	-6.547376E-1
+7.318085E+9	+6.464070E-1	-6.541093E-1
+7.318100E+9	+6.458191E-1	-6.533160E-1
+7.318115E+9	+6.452386E-1	-6.534775E-1
+7.318130E+9	+6.440929E-1	-6.535217E-1
+7.318145E+9	+6.441940E-1	-6.540129E-1
+7.318160E+9	+6.431358E-1	-6.540669E-1
+7.318175E+9	+6.423867E-1	-6.536349E-1
+7.318190E+9	+6.426592E-1	-6.538962E-1
+7.318205E+9	+6.432388E-1	-6.546317E-1
+7.318220E+9	+6.425706E-1	-6.549682E-1
+7.318235E+9	+6.425017E-1	-6.548880E-1
+7.318250E+9	+6.424509E-1	-6.557719E-1
+7.318265E+9	+6.422105E-1	-6.545681E-1
+7.318280E+9	+6.426935E-1	-6.543694E-1
+7.318295E+9	+6.425860E-1	-6.548786E-1
+7.318310E+9	+6.421201E-1	-6.548024E-1
+7.318325E+9	+6.422283E-1	-6.554167E-1
+7.318340E+9	+6.417321E-1	-6.558053E-1
+7.318355E+9	+6.416878E-1	-6.563401E-1
+7.318370E+9	+6.413416E-1	-6.559024E-1
+7.318385E+9	+6.406908E-1	-6.563017E-1
+7.318400E+9	+6.396673E-1	-6.571620E-1
+7.318415E+9	+6.408180E-1	-6.576006E-1
+7.318430E+9	+6.412757E-1	-6.559845E-1
+7.318445E+9	+6.411953E-1	-6.571329E-1
+7.318460E+9	+6.409645E-1	-6.577676E-1
+7.318475E+9	+6.411634E-1	-6.580005E-1
+7.318490E+9	+6.398549E-1	-6.574238E-1
+7.318505E+9	+6.391298E-1	-6.569310E-1
+7.318520E+9	+6.389803E-1	-6.570560E-1
+7.318535E+9	+6.384260E-1	-6.575519E-1
+7.318550E+9	+6.390245E-1	-6.580776E-1
+7.318565E+9	+6.386755E-1	-6.579248E-1
+7.318580E+9	+6.388364E-1	-6.581057E-1
+7.318595E+9	+6.383471E-1	-6.584544E-1
+7.318610E+9	+6.382035E-1	-6.594492E-1
+7.318625E+9	+6.379135E-1	-6.592960E-1
+7.318640E+9	+6.381482E-1	-6.591277E-1
+7.318655E+9	+6.384704E-1	-6.594154E-1
+7.318670E+9	+6.387446E-1	-6.602905E-1
+7.318685E+9	+6.384292E-1	-6.609002E-1
+7.318700E+9	+6.374763E-1	-6.596749E-1
+7.318715E+9	+6.364417E-1	-6.603323E-1
+7.318730E+9	+6.359396E-1	-6.608934E-1
+7.318745E+9	+6.355143E-1	-6.615187E-1
+7.318760E+9	+6.353532E-1	-6.622153E-1
+7.318775E+9	+6.354137E-1	-6.610132E-1
+7.318790E+9	+6.349515E-1	-6.615344E-1
+7.318805E+9	+6.357676E-1	-6.626482E-1
+7.318820E+9	+6.349776E-1	-6.620360E-1
+7.318835E+9	+6.342584E-1	-6.620555E-1
+7.318850E+9	+6.341135E-1	-6.620169E-1
+7.318865E+9	+6.348580E-1	-6.625886E-1
+7.318880E+9	+6.352597E-1	-6.622839E-1
+7.318895E+9	+6.349890E-1	-6.620235E-1
+7.318910E+9	+6.342035E-1	-6.614081E-1
+7.318925E+9	+6.339258E-1	-6.617738E-1
+7.318940E+9	+6.332235E-1	-6.615279E-1
+7.318955E+9	+6.343072E-1	-6.623034E-1
+7.318970E+9	+6.343692E-1	-6.623525E-1
+7.318985E+9	+6.337457E-1	-6.630168E-1
+7.319000E+9	+6.321047E-1	-6.641174E-1
+7.319015E+9	+6.324377E-1	-6.642277E-1
+7.319030E+9	+6.329420E-1	-6.641818E-1
+7.319045E+9	+6.327049E-1	-6.646425E-1
+7.319060E+9	+6.323993E-1	-6.653088E-1
+7.319075E+9	+6.328293E-1	-6.643078E-1
+7.319090E+9	+6.324160E-1	-6.639964E-1
+7.319105E+9	+6.324137E-1	-6.638307E-1
+7.319120E+9	+6.322871E-1	-6.637113E-1
+7.319135E+9	+6.322913E-1	-6.642201E-1
+7.319150E+9	+6.329799E-1	-6.642087E-1
+7.319165E+9	+6.320175E-1	-6.644312E-1
+7.319180E+9	+6.317348E-1	-6.647844E-1
+7.319195E+9	+6.315855E-1	-6.655908E-1
+7.319210E+9	+6.311013E-1	-6.656880E-1
+7.319225E+9	+6.315017E-1	-6.649278E-1
+7.319240E+9	+6.309894E-1	-6.651872E-1
+7.319255E+9	+6.311944E-1	-6.663386E-1
+7.319270E+9	+6.313551E-1	-6.683064E-1
+7.319285E+9	+6.313073E-1	-6.676536E-1
+7.319300E+9	+6.296414E-1	-6.654522E-1
+7.319315E+9	+6.309456E-1	-6.663572E-1
+7.319330E+9	+6.309826E-1	-6.662846E-1
+7.319345E+9	+6.303088E-1	-6.662322E-1
+7.319360E+9	+6.292172E-1	-6.668609E-1
+7.319375E+9	+6.279277E-1	-6.675285E-1
+7.319390E+9	+6.285607E-1	-6.669243E-1
+7.319405E+9	+6.289194E-1	-6.666662E-1
+7.319420E+9	+6.283760E-1	-6.672881E-1
+7.319435E+9	+6.280943E-1	-6.681446E-1
+7.319450E+9	+6.286489E-1	-6.687402E-1
+7.319465E+9	+6.286847E-1	-6.690300E-1
+7.319480E+9	+6.275106E-1	-6.680899E-1
+7.319495E+9	+6.270420E-1	-6.679673E-1
+7.319510E+9	+6.267804E-1	-6.677623E-1
+7.319525E+9	+6.257357E-1	-6.677814E-1
+7.319540E+9	+6.259393E-1	-6.679967E-1
+7.319555E+9	+6.259891E-1	-6.684424E-1
+7.319570E+9	+6.252960E-1	-6.689415E-1
+7.319585E+9	+6.264021E-1	-6.691214E-1
+7.319600E+9	+6.259793E-1	-6.700144E-1
+7.319615E+9	+6.250641E-1	-6.698381E-1
+7.319630E+9	+6.251355E-1	-6.707026E-1
+7.319645E+9	+6.257045E-1	-6.713760E-1
+7.319660E+9	+6.257456E-1	-6.700912E-1
+7.319675E+9	+6.246577E-1	-6.684592E-1
+7.319690E+9	+6.245099E-1	-6.695312E-1
+7.319705E+9	+6.254562E-1	-6.700782E-1
+7.319720E+9	+6.245570E-1	-6.708749E-1
+7.319735E+9	+6.258934E-1	-6.714693E-1
+7.319750E+9	+6.248155E-1	-6.705089E-1
+7.319765E+9	+6.247682E-1	-6.712124E-1
+7.319780E+9	+6.240633E-1	-6.717550E-1
+7.319795E+9	+6.227093E-1	-6.714910E-1
+7.319810E+9	+6.229481E-1	-6.716280E-1
+7.319825E+9	+6.238140E-1	-6.714069E-1
+7.319840E+9	+6.235906E-1	-6.713854E-1
+7.319855E+9	+6.212643E-1	-6.714178E-1
+7.319870E+9	+6.208053E-1	-6.726245E-1
+7.319885E+9	+6.217411E-1	-6.730039E-1
+7.319900E+9	+6.221435E-1	-6.729851E-1
+7.319915E+9	+6.215853E-1	-6.715940E-1
+7.319930E+9	+6.215042E-1	-6.710821E-1
+7.319945E+9	+6.207786E-1	-6.717608E-1
+7.319960E+9	+6.209510E-1	-6.730026E-1
+7.319975E+9	+6.213404E-1	-6.731751E-1
+7.319990E+9	+6.207303E-1	-6.731005E-1
+7.320005E+9	+6.207074E-1	-6.734770E-1
+7.320020E+9	+6.209618E-1	-6.735424E-1
+7.320035E+9	+6.208275E-1	-6.732595E-1
+7.320050E+9	+6.196735E-1	-6.741851E-1
+7.320065E+9	+6.195010E-1	-6.743806E-1
+7.320080E+9	+6.196504E-1	-6.740333E-1
+7.320095E+9	+6.189517E-1	-6.740662E-1
+7.320110E+9	+6.205505E-1	-6.735159E-1
+7.320125E+9	+6.205906E-1	-6.739347E-1
+7.320140E+9	+6.194289E-1	-6.747255E-1
+7.320155E+9	+6.189342E-1	-6.755333E-1
+7.320170E+9	+6.189640E-1	-6.753605E-1
+7.320185E+9	+6.187686E-1	-6.749019E-1
+7.320200E+9	+6.185088E-1	-6.747824E-1
+7.320215E+9	+6.181695E-1	-6.747089E-1
+7.320230E+9	+6.177145E-1	-6.748048E-1
+7.320245E+9	+6.177509E-1	-6.757620E-1
+7.320260E+9	+6.183695E-1	-6.762509E-1
+7.320275E+9	+6.189624E-1	-6.763936E-1
+7.320290E+9	+6.175970E-1	-6.755633E-1
+7.320305E+9	+6.170013E-1	-6.749524E-1
+7.320320E+9	+6.174839E-1	-6.752967E-1
+7.320335E+9	+6.180675E-1	-6.768583E-1
+7.320350E+9	+6.180064E-1	-6.777175E-1
+7.320365E+9	+6.177504E-1	-6.781818E-1
+7.320380E+9	+6.169199E-1	-6.785139E-1
+7.320395E+9	+6.160408E-1	-6.779436E-1
+7.320410E+9	+6.156197E-1	-6.778753E-1
+7.320425E+9	+6.151801E-1	-6.766837E-1
+7.320440E+9	+6.162056E-1	-6.773450E-1
+7.320455E+9	+6.165164E-1	-6.775025E-1
+7.320470E+9	+6.159543E-1	-6.780175E-1
+7.320485E+9	+6.150849E-1	-6.775852E-1
+7.320500E+9	+6.149953E-1	-6.777584E-1
+7.320515E+9	+6.147400E-1	-6.781888E-1
+7.320530E+9	+6.153278E-1	-6.791402E-1
+7.320545E+9	+6.151051E-1	-6.796592E-1
+7.320560E+9	+6.133122E-1	-6.794049E-1
+7.320575E+9	+6.139876E-1	-6.793598E-1
+7.320590E+9	+6.143285E-1	-6.803349E-1
+7.320605E+9	+6.141886E-1	-6.808614E-1
+7.320620E+9	+6.142081E-1	-6.804715E-1
+7.320635E+9	+6.126691E-1	-6.786547E-1
+7.320650E+9	+6.134129E-1	-6.789107E-1
+7.320665E+9	+6.126817E-1	-6.798923E-1
+7.320680E+9	+6.118778E-1	-6.804941E-1
+7.320695E+9	+6.120027E-1	-6.795237E-1
+7.320710E+9	+6.113542E-1	-6.796146E-1
+7.320725E+9	+6.117337E-1	-6.812675E-1
+7.320740E+9	+6.119735E-1	-6.810743E-1
+7.320755E+9	+6.118440E-1	-6.802037E-1
+7.320770E+9	+6.118281E-1	-6.815083E-1
+7.320785E+9	+6.111658E-1	-6.825175E-1
+7.320800E+9	+6.094400E-1	-6.801594E-1
+7.320815E+9	+6.090047E-1	-6.806082E-1
+7.320830E+9	+6.102233E-1	-6.806486E-1
+7.320845E+9	+6.102488E-1	-6.812215E-1
+7.320860E+9	+6.102586E-1	-6.813190E-1
+7.320875E+9	+6.111101E-1	-6.819995E-1
+7.320890E+9	+6.108483E-1	-6.830461E-1
+7.320905E+9	+6.107126E-1	-6.834704E-1
+7.320920E+9	+6.107233E-1	-6.833186E-1
+7.320935E+9	+6.102017E-1	-6.827852E-1
+7.320950E+9	+6.091634E-1	-6.829987E-1
+7.320965E+9	+6.093116E-1	-6.833608E-1
+7.320980E+9	+6.092370E-1	-6.839571E-1
+7.320995E+9	+6.090455E-1	-6.838525E-1
+7.321010E+9	+6.092703E-1	-6.834560E-1
+7.321025E+9	+6.088586E-1	-6.831356E-1
+7.321040E+9	+6.083402E-1	-6.837755E-1
+7.321055E+9	+6.071387E-1	-6.846219E-1
+7.321070E+9	+6.069786E-1	-6.845365E-1
+7.321085E+9	+6.069038E-1	-6.843351E-1
+7.321100E+9	+6.078915E-1	-6.835371E-1
+7.321115E+9	+6.068145E-1	-6.836550E-1
+7.321130E+9	+6.060802E-1	-6.844848E-1
+7.321145E+9	+6.060001E-1	-6.850902E-1
+7.321160E+9	+6.053765E-1	-6.850496E-1
+7.321175E+9	+6.068220E-1	-6.839817E-1
+7.321190E+9	+6.070123E-1	-6.844421E-1
+7.321205E+9	+6.065660E-1	-6.860343E-1
+7.321220E+9	+6.060511E-1	-6.861826E-1
+7.321235E+9	+6.047695E-1	-6.860770E-1
+7.321250E+9	+6.050993E-1	-6.863721E-1
+7.321265E+9	+6.052965E-1	-6.878164E-1
+7.321280E+9	+6.055202E-1	-6.878045E-1
+7.321295E+9	+6.042651E-1	-6.863832E-1
+7.321310E+9	+6.038628E-1	-6.858877E-1
+7.321325E+9	+6.042315E-1	-6.861152E-1
+7.321340E+9	+6.037352E-1	-6.868401E-1
+7.321355E+9	+6.032398E-1	-6.873514E-1
+7.321370E+9	+6.028112E-1	-6.875469E-1
+7.321385E+9	+6.020635E-1	-6.876154E-1
+7.321400E+9	+6.024894E-1	-6.869862E-1
+7.321415E+9	+6.027827E-1	-6.870929E-1
+7.321430E+9	+6.025806E-1	-6.880490E-1
+7.321445E+9	+6.020354E-1	-6.890980E-1
+7.321460E+9	+6.023881E-1	-6.899352E-1
+7.321475E+9	+6.034142E-1	-6.887677E-1
+7.321490E+9	+6.027615E-1	-6.878732E-1
+7.321505E+9	+6.018793E-1	-6.880530E-1
+7.321520E+9	+6.011208E-1	-6.886376E-1
+7.321535E+9	+6.008481E-1	-6.887266E-1
+7.321550E+9	+6.014678E-1	-6.884147E-1
+7.321565E+9	+6.005979E-1	-6.893664E-1
+7.321580E+9	+6.001866E-1	-6.898452E-1
+7.321595E+9	+6.003907E-1	-6.900152E-1
+7.321610E+9	+6.000854E-1	-6.901877E-1
+7.321625E+9	+5.997960E-1	-6.904266E-1
+7.321640E+9	+5.988529E-1	-6.906864E-1
+7.321655E+9	+5.984855E-1	-6.906004E-1
+7.321670E+9	+5.977790E-1	-6.907844E-1
+7.321685E+9	+5.998484E-1	-6.912376E-1
+7.321700E+9	+5.991503E-1	-6.919753E-1
+7.321715E+9	+5.986707E-1	-6.917516E-1
+7.321730E+9	+5.979833E-1	-6.916572E-1
+7.321745E+9	+5.972176E-1	-6.916389E-1
+7.321760E+9	+5.978245E-1	-6.910265E-1
+7.321775E+9	+5.992571E-1	-6.908901E-1
+7.321790E+9	+5.986230E-1	-6.912306E-1
+7.321805E+9	+5.981022E-1	-6.918256E-1
+7.321820E+9	+5.971859E-1	-6.925025E-1
+7.321835E+9	+5.968936E-1	-6.919319E-1
+7.321850E+9	+5.966624E-1	-6.912542E-1
+7.321865E+9	+5.965146E-1	-6.915735E-1
+7.321880E+9	+5.968158E-1	-6.919731E-1
+7.321895E+9	+5.975095E-1	-6.923028E-1
+7.321910E+9	+5.969836E-1	-6.924304E-1
+7.321925E+9	+5.956017E-1	-6.927900E-1
+7.321940E+9	+5.940278E-1	-6.931221E-1
+7.321955E+9	+5.938870E-1	-6.927334E-1
+7.321970E+9	+5.958720E-1	-6.930927E-1
+7.321985E+9	+5.957901E-1	-6.933705E-1
+7.322000E+9	+5.941625E-1	-6.939384E-1
+7.322015E+9	+5.944229E-1	-6.947414E-1
+7.322030E+9	+5.950732E-1	-6.949045E-1
+7.322045E+9	+5.953627E-1	-6.946478E-1
+7.322060E+9	+5.947609E-1	-6.949377E-1
+7.322075E+9	+5.942322E-1	-6.953465E-1
+7.322090E+9	+5.939712E-1	-6.954284E-1
+7.322105E+9	+5.945098E-1	-6.950588E-1
+7.322120E+9	+5.935259E-1	-6.953417E-1
+7.322135E+9	+5.929712E-1	-6.949797E-1
+7.322150E+9	+5.929226E-1	-6.943952E-1
+7.322165E+9	+5.921103E-1	-6.943502E-1
+7.322180E+9	+5.920789E-1	-6.941177E-1
+7.322195E+9	+5.932885E-1	-6.942233E-1
+7.322210E+9	+5.930197E-1	-6.951128E-1
+7.322225E+9	+5.924351E-1	-6.969882E-1
+7.322240E+9	+5.921514E-1	-6.961727E-1
+7.322255E+9	+5.923601E-1	-6.959281E-1
+7.322270E+9	+5.920907E-1	-6.964719E-1
+7.322285E+9	+5.910197E-1	-6.963602E-1
+7.322300E+9	+5.894473E-1	-6.967210E-1
+7.322315E+9	+5.893587E-1	-6.962588E-1
+7.322330E+9	+5.895061E-1	-6.966698E-1
+7.322345E+9	+5.892291E-1	-6.975935E-1
+7.322360E+9	+5.901096E-1	-6.982472E-1
+7.322375E+9	+5.898446E-1	-6.973090E-1
+7.322390E+9	+5.902738E-1	-6.975745E-1
+7.322405E+9	+5.894197E-1	-6.981666E-1
+7.322420E+9	+5.886997E-1	-6.976949E-1
+7.322435E+9	+5.888274E-1	-6.974260E-1
+7.322450E+9	+5.888130E-1	-6.976242E-1
+7.322465E+9	+5.888672E-1	-6.984543E-1
+7.322480E+9	+5.885324E-1	-6.990011E-1
+7.322495E+9	+5.875212E-1	-6.985127E-1
+7.322510E+9	+5.877376E-1	-6.989891E-1
+7.322525E+9	+5.898735E-1	-6.996028E-1
+7.322540E+9	+5.885798E-1	-6.997879E-1
+7.322555E+9	+5.878682E-1	-6.991066E-1
+7.322570E+9	+5.885625E-1	-6.992653E-1
+7.322585E+9	+5.881940E-1	-6.993652E-1
+7.322600E+9	+5.877561E-1	-6.995674E-1
+7.322615E+9	+5.879360E-1	-7.002732E-1
+7.322630E+9	+5.869274E-1	-6.995779E-1
+7.322645E+9	+5.861610E-1	-6.997921E-1
+7.322660E+9	+5.855204E-1	-6.997576E-1
+7.322675E+9	+5.857872E-1	-6.985576E-1
+7.322690E+9	+5.854482E-1	-6.995596E-1
+7.322705E+9	+5.850475E-1	-7.003003E-1
+7.322720E+9	+5.848508E-1	-7.008586E-1
+7.322735E+9	+5.853968E-1	-7.009983E-1
+7.322750E+9	+5.854490E-1	-7.018296E-1
+7.322765E+9	+5.850918E-1	-7.019643E-1
+7.322780E+9	+5.848129E-1	-7.022581E-1
+7.322795E+9	+5.848128E-1	-7.025874E-1
+7.322810E+9	+5.842454E-1	-7.023033E-1
+7.322825E+9	+5.833682E-1	-7.020234E-1
+7.322840E+9	+5.829700E-1	-7.014135E-1
+7.322855E+9	+5.825915E-1	-7.011611E-1
+7.322870E+9	+5.825794E-1	-7.020626E-1
+7.322885E+9	+5.829176E-1	-7.027313E-1
+7.322900E+9	+5.831313E-1	-7.034124E-1
+7.322915E+9	+5.835109E-1	-7.036313E-1
+7.322930E+9	+5.833545E-1	-7.039112E-1
+7.322945E+9	+5.820268E-1	-7.034987E-1
+7.322960E+9	+5.810398E-1	-7.032936E-1
+7.322975E+9	+5.812359E-1	-7.038727E-1
+7.322990E+9	+5.809978E-1	-7.041402E-1
+7.323005E+9	+5.806382E-1	-7.044149E-1
+7.323020E+9	+5.802184E-1	-7.046720E-1
+7.323035E+9	+5.812542E-1	-7.050776E-1
+7.323050E+9	+5.810963E-1	-7.045850E-1
+7.323065E+9	+5.806572E-1	-7.048790E-1
+7.323080E+9	+5.799360E-1	-7.051805E-1
+7.323095E+9	+5.791734E-1	-7.055786E-1
+7.323110E+9	+5.783024E-1	-7.056206E-1
+7.323125E+9	+5.789841E-1	-7.067904E-1
+7.323140E+9	+5.787081E-1	-7.062933E-1
+7.323155E+9	+5.777576E-1	-7.033059E-1
+7.323170E+9	+5.772591E-1	-7.033888E-1
+7.323185E+9	+5.769748E-1	-7.052372E-1
+7.323200E+9	+5.773932E-1	-7.049484E-1
+7.323215E+9	+5.774311E-1	-7.048531E-1
+7.323230E+9	+5.775682E-1	-7.051871E-1
+7.323245E+9	+5.774822E-1	-7.056970E-1
+7.323260E+9	+5.771475E-1	-7.063681E-1
+7.323275E+9	+5.767425E-1	-7.069954E-1
+7.323290E+9	+5.774258E-1	-7.068070E-1
+7.323305E+9	+5.781147E-1	-7.059452E-1
+7.323320E+9	+5.776503E-1	-7.068586E-1
+7.323335E+9	+5.772401E-1	-7.072756E-1
+7.323350E+9	+5.762518E-1	-7.068379E-1
+7.323365E+9	+5.760737E-1	-7.076509E-1
+7.323380E+9	+5.753322E-1	-7.075910E-1
+7.323395E+9	+5.738993E-1	-7.086370E-1
+7.323410E+9	+5.740871E-1	-7.078577E-1
+7.323425E+9	+5.757604E-1	-7.078126E-1
+7.323440E+9	+5.768027E-1	-7.076827E-1
+7.323455E+9	+5.766456E-1	-7.089259E-1
+7.323470E+9	+5.752335E-1	-7.104981E-1
+7.323485E+9	+5.735126E-1	-7.105419E-1
+7.323500E+9	+5.728359E-1	-7.086297E-1
+7.323515E+9	+5.729222E-1	-7.090417E-1
+7.323530E+9	+5.736345E-1	-7.089176E-1
+7.323545E+9	+5.736408E-1	-7.098771E-1
+7.323560E+9	+5.742253E-1	-7.101195E-1
+7.323575E+9	+5.748246E-1	-7.091779E-1
+7.323590E+9	+5.730286E-1	-7.088457E-1
+7.323605E+9	+5.722227E-1	-7.088220E-1
+7.323620E+9	+5.718325E-1	-7.089949E-1
+7.323635E+9	+5.723778E-1	-7.094232E-1
+7.323650E+9	+5.711877E-1	-7.097110E-1
+7.323665E+9	+5.706154E-1	-7.098616E-1
+7.323680E+9	+5.701179E-1	-7.100250E-1
+7.323695E+9	+5.699913E-1	-7.103738E-1
+7.323710E+9	+5.708504E-1	-7.112634E-1
+7.323725E+9	+5.695540E-1	-7.113605E-1
+7.323740E+9	+5.691030E-1	-7.108227E-1
+7.323755E+9	+5.694233E-1	-7.108959E-1
+7.323770E+9	+5.697059E-1	-7.115529E-1
+7.323785E+9	+5.691964E-1	-7.117650E-1
+7.323800E+9	+5.687491E-1	-7.111498E-1
+7.323815E+9	+5.695557E-1	-7.120691E-1
+7.323830E+9	+5.698041E-1	-7.122959E-1
+7.323845E+9	+5.690149E-1	-7.124746E-1
+7.323860E+9	+5.681954E-1	-7.121548E-1
+7.323875E+9	+5.673977E-1	-7.121924E-1
+7.323890E+9	+5.677092E-1	-7.126924E-1
+7.323905E+9	+5.681645E-1	-7.125217E-1
+7.323920E+9	+5.680002E-1	-7.121311E-1
+7.323935E+9	+5.673342E-1	-7.118833E-1
+7.323950E+9	+5.664381E-1	-7.119813E-1
+7.323965E+9	+5.666839E-1	-7.121685E-1
+7.323980E+9	+5.669174E-1	-7.122873E-1
+7.323995E+9	+5.672359E-1	-7.133592E-1
+7.324010E+9	+5.674497E-1	-7.142337E-1
+7.324025E+9	+5.654405E-1	-7.134092E-1
+7.324040E+9	+5.653389E-1	-7.137708E-1
+7.324055E+9	+5.664743E-1	-7.138832E-1
+7.324070E+9	+5.654456E-1	-7.138974E-1
+7.324085E+9	+5.654967E-1	-7.146433E-1
+7.324100E+9	+5.658697E-1	-7.146692E-1
+7.324115E+9	+5.649150E-1	-7.152568E-1
+7.324130E+9	+5.640977E-1	-7.148942E-1
+7.324145E+9	+5.636735E-1	-7.145276E-1
+7.324160E+9	+5.648540E-1	-7.150848E-1
+7.324175E+9	+5.644795E-1	-7.148129E-1
+7.324190E+9	+5.635304E-1	-7.150601E-1
+7.324205E+9	+5.625926E-1	-7.151721E-1
+7.324220E+9	+5.624724E-1	-7.155894E-1
+7.324235E+9	+5.622414E-1	-7.162828E-1
+7.324250E+9	+5.615561E-1	-7.169280E-1
+7.324265E+9	+5.609963E-1	-7.164824E-1
+7.324280E+9	+5.616077E-1	-7.165629E-1
+7.324295E+9	+5.603584E-1	-7.171038E-1
+7.324310E+9	+5.605753E-1	-7.172495E-1
+7.324325E+9	+5.612396E-1	-7.168618E-1
+7.324340E+9	+5.609318E-1	-7.173519E-1
+7.324355E+9	+5.605633E-1	-7.175342E-1
+7.324370E+9	+5.602748E-1	-7.171302E-1
+7.324385E+9	+5.589664E-1	-7.168619E-1
+7.324400E+9	+5.593998E-1	-7.178292E-1
+7.324415E+9	+5.591507E-1	-7.175952E-1
+7.324430E+9	+5.593209E-1	-7.178124E-1
+7.324445E+9	+5.598875E-1	-7.181248E-1
+7.324460E+9	+5.595193E-1	-7.181124E-1
+7.324475E+9	+5.584947E-1	-7.176220E-1
+7.324490E+9	+5.576912E-1	-7.173078E-1
+7.324505E+9	+5.573633E-1	-7.174533E-1
+7.324520E+9	+5.572472E-1	-7.185678E-1
+7.324535E+9	+5.583183E-1	-7.196154E-1
+7.324550E+9	+5.588212E-1	-7.181454E-1
+7.324565E+9	+5.585447E-1	-7.182639E-1
+7.324580E+9	+5.571896E-1	-7.186705E-1
+7.324595E+9	+5.570359E-1	-7.187519E-1
+7.324610E+9	+5.572821E-1	-7.200856E-1
+7.324625E+9	+5.571219E-1	-7.199131E-1
+7.324640E+9	+5.570137E-1	-7.200738E-1
+7.324655E+9	+5.571267E-1	-7.204299E-1
+7.324670E+9	+5.563823E-1	-7.203697E-1
+7.324685E+9	+5.561327E-1	-7.205956E-1
+7.324700E+9	+5.555955E-1	-7.196971E-1
+7.324715E+9	+5.554090E-1	-7.197900E-1
+7.324730E+9	+5.555142E-1	-7.204990E-1
+7.324745E+9	+5.555729E-1	-7.206387E-1
+7.324760E+9	+5.548072E-1	-7.209049E-1
+7.324775E+9	+5.536463E-1	-7.213480E-1
+7.324790E+9	+5.539794E-1	-7.203377E-1
+7.324805E+9	+5.543177E-1	-7.205440E-1
+7.324820E+9	+5.536568E-1	-7.216628E-1
+7.324835E+9	+5.531151E-1	-7.221282E-1
+7.324850E+9	+5.542787E-1	-7.216324E-1
+7.324865E+9	+5.539743E-1	-7.216352E-1
+7.324880E+9	+5.521836E-1	-7.218344E-1
+7.324895E+9	+5.520220E-1	-7.225353E-1
+7.324910E+9	+5.518901E-1	-7.227086E-1
+7.324925E+9	+5.533720E-1	-7.223606E-1
+7.324940E+9	+5.529411E-1	-7.224253E-1
+7.324955E+9	+5.515275E-1	-7.234459E-1
+7.324970E+9	+5.509612E-1	-7.230725E-1
+7.324985E+9	+5.514840E-1	-7.235288E-1
+7.325000E+9	+5.515587E-1	-7.246000E-1
+7.325015E+9	+5.507237E-1	-7.245101E-1
+7.325030E+9	+5.507114E-1	-7.241368E-1
+7.325045E+9	+5.510067E-1	-7.240009E-1
+7.325060E+9	+5.503359E-1	-7.239044E-1
+7.325075E+9	+5.497568E-1	-7.242372E-1
+7.325090E+9	+5.492795E-1	-7.243517E-1
+7.325105E+9	+5.502384E-1	-7.251959E-1
+7.325120E+9	+5.490422E-1	-7.246765E-1
+7.325135E+9	+5.484469E-1	-7.249531E-1
+7.325150E+9	+5.488631E-1	-7.256795E-1
+7.325165E+9	+5.486543E-1	-7.257173E-1
+7.325180E+9	+5.478316E-1	-7.255263E-1
+7.325195E+9	+5.476383E-1	-7.254577E-1
+7.325210E+9	+5.477925E-1	-7.257580E-1
+7.325225E+9	+5.478477E-1	-7.255419E-1
+7.325240E+9	+5.474820E-1	-7.253469E-1
+7.325255E+9	+5.472702E-1	-7.257490E-1
+7.325270E+9	+5.464609E-1	-7.260599E-1
+7.325285E+9	+5.461417E-1	-7.264025E-1
+7.325300E+9	+5.462615E-1	-7.261060E-1
+7.325315E+9	+5.459257E-1	-7.267265E-1
+7.325330E+9	+5.458795E-1	-7.268843E-1
+7.325345E+9	+5.461950E-1	-7.265846E-1
+7.325360E+9	+5.465948E-1	-7.270469E-1
+7.325375E+9	+5.455396E-1	-7.276274E-1
+7.325390E+9	+5.450162E-1	-7.273453E-1
+7.325405E+9	+5.445437E-1	-7.271705E-1
+7.325420E+9	+5.441779E-1	-7.271409E-1
+7.325435E+9	+5.439138E-1	-7.274292E-1
+7.325450E+9	+5.429523E-1	-7.285123E-1
+7.325465E+9	+5.432395E-1	-7.279858E-1
+7.325480E+9	+5.434708E-1	-7.280036E-1
+7.325495E+9	+5.430506E-1	-7.283484E-1
+7.325510E+9	+5.432150E-1	-7.290462E-1
+7.325525E+9	+5.431034E-1	-7.285660E-1
+7.325540E+9	+5.423589E-1	-7.289031E-1
+7.325555E+9	+5.419906E-1	-7.289514E-1
+7.325570E+9	+5.419176E-1	-7.285861E-1
+7.325585E+9	+5.417654E-1	-7.286200E-1
+7.325600E+9	+5.414018E-1	-7.287009E-1
+7.325615E+9	+5.408532E-1	-7.291694E-1
+7.325630E+9	+5.407834E-1	-7.293517E-1
+7.325645E+9	+5.416841E-1	-7.295351E-1
+7.325660E+9	+5.412858E-1	-7.296053E-1
+7.325675E+9	+5.385894E-1	-7.305916E-1
+7.325690E+9	+5.387174E-1	-7.307530E-1
+7.325705E+9	+5.391345E-1	-7.299434E-1
+7.325720E+9	+5.384972E-1	-7.302872E-1
+7.325735E+9	+5.384937E-1	-7.301642E-1
+7.325750E+9	+5.388165E-1	-7.302538E-1
+7.325765E+9	+5.384994E-1	-7.308771E-1
+7.325780E+9	+5.390251E-1	-7.311909E-1
+7.325795E+9	+5.379555E-1	-7.312876E-1
+7.325810E+9	+5.375233E-1	-7.316356E-1
+7.325825E+9	+5.372800E-1	-7.327715E-1
+7.325840E+9	+5.366548E-1	-7.324355E-1
+7.325855E+9	+5.365542E-1	-7.321286E-1
+7.325870E+9	+5.369599E-1	-7.314640E-1
+7.325885E+9	+5.368388E-1	-7.318175E-1
+7.325900E+9	+5.366009E-1	-7.324008E-1
+7.325915E+9	+5.369824E-1	-7.326421E-1
+7.325930E+9	+5.363103E-1	-7.329438E-1
+7.325945E+9	+5.342907E-1	-7.336821E-1
+7.325960E+9	+5.341261E-1	-7.340886E-1
+7.325975E+9	+5.356392E-1	-7.327235E-1
+7.325990E+9	+5.355336E-1	-7.335936E-1
+7.326005E+9	+5.348886E-1	-7.342263E-1
+7.326020E+9	+5.344178E-1	-7.337061E-1
+7.326035E+9	+5.346168E-1	-7.338625E-1
+7.326050E+9	+5.350114E-1	-7.339635E-1
+7.326065E+9	+5.340540E-1	-7.345242E-1
+7.326080E+9	+5.333263E-1	-7.347061E-1
+7.326095E+9	+5.327077E-1	-7.348873E-1
+7.326110E+9	+5.323424E-1	-7.348228E-1
+7.326125E+9	+5.324673E-1	-7.347345E-1
+7.326140E+9	+5.318588E-1	-7.350944E-1
+7.326155E+9	+5.323886E-1	-7.352776E-1
+7.326170E+9	+5.312767E-1	-7.353431E-1
+7.326185E+9	+5.314553E-1	-7.352414E-1
+7.326200E+9	+5.321292E-1	-7.346860E-1
+7.326215E+9	+5.315975E-1	-7.343470E-1
+7.326230E+9	+5.312579E-1	-7.342105E-1
+7.326245E+9	+5.309585E-1	-7.342955E-1
+7.326260E+9	+5.305724E-1	-7.361878E-1
+7.326275E+9	+5.312150E-1	-7.360568E-1
+7.326290E+9	+5.304200E-1	-7.365669E-1
+7.326305E+9	+5.303351E-1	-7.357988E-1
+7.326320E+9	+5.305025E-1	-7.357196E-1
+7.326335E+9	+5.296659E-1	-7.353917E-1
+7.326350E+9	+5.280926E-1	-7.353688E-1
+7.326365E+9	+5.281540E-1	-7.358004E-1
+7.326380E+9	+5.295159E-1	-7.369476E-1
+7.326395E+9	+5.281878E-1	-7.374501E-1
+7.326410E+9	+5.276210E-1	-7.382409E-1
+7.326425E+9	+5.286166E-1	-7.383631E-1
+7.326440E+9	+5.275886E-1	-7.380997E-1
+7.326455E+9	+5.270212E-1	-7.376961E-1
+7.326470E+9	+5.273000E-1	-7.377943E-1
+7.326485E+9	+5.269630E-1	-7.382009E-1
+7.326500E+9	+5.274200E-1	-7.385792E-1
+7.326515E+9	+5.265606E-1	-7.383614E-1
+7.326530E+9	+5.260747E-1	-7.384144E-1
+7.326545E+9	+5.260628E-1	-7.392056E-1
+7.326560E+9	+5.261284E-1	-7.396280E-1
+7.326575E+9	+5.256805E-1	-7.396698E-1
+7.326590E+9	+5.253210E-1	-7.390408E-1
+7.326605E+9	+5.246434E-1	-7.381979E-1
+7.326620E+9	+5.241722E-1	-7.388542E-1
+7.326635E+9	+5.236632E-1	-7.391226E-1
+7.326650E+9	+5.251829E-1	-7.393267E-1
+7.326665E+9	+5.243575E-1	-7.391695E-1
+7.326680E+9	+5.240181E-1	-7.390470E-1
+7.326695E+9	+5.239851E-1	-7.398356E-1
+7.326710E+9	+5.237278E-1	-7.403284E-1
+7.326725E+9	+5.223511E-1	-7.405637E-1
+7.326740E+9	+5.227954E-1	-7.403603E-1
+7.326755E+9	+5.226364E-1	-7.408119E-1
+7.326770E+9	+5.219687E-1	-7.419196E-1
+7.326785E+9	+5.210910E-1	-7.417905E-1
+7.326800E+9	+5.212598E-1	-7.406596E-1
+7.326815E+9	+5.206816E-1	-7.407787E-1
+7.326830E+9	+5.201307E-1	-7.407401E-1
+7.326845E+9	+5.198059E-1	-7.407660E-1
+7.326860E+9	+5.196210E-1	-7.406426E-1
+7.326875E+9	+5.197571E-1	-7.404231E-1
+7.326890E+9	+5.186513E-1	-7.405757E-1
+7.326905E+9	+5.180908E-1	-7.410460E-1
+7.326920E+9	+5.180336E-1	-7.412688E-1
+7.326935E+9	+5.183508E-1	-7.424362E-1
+7.326950E+9	+5.185848E-1	-7.439522E-1
+7.326965E+9	+5.178185E-1	-7.430743E-1
+7.326980E+9	+5.181179E-1	-7.428077E-1
+7.326995E+9	+5.190600E-1	-7.434224E-1
+7.327010E+9	+5.185908E-1	-7.434766E-1
+7.327025E+9	+5.179082E-1	-7.431942E-1
+7.327040E+9	+5.169068E-1	-7.432314E-1
+7.327055E+9	+5.161263E-1	-7.428932E-1
+7.327070E+9	+5.157072E-1	-7.421746E-1
+7.327085E+9	+5.156573E-1	-7.426059E-1
+7.327100E+9	+5.166629E-1	-7.448176E-1
+7.327115E+9	+5.162792E-1	-7.440996E-1
+7.327130E+9	+5.157182E-1	-7.441015E-1
+7.327145E+9	+5.142515E-1	-7.444843E-1
+7.327160E+9	+5.147952E-1	-7.442855E-1
+7.327175E+9	+5.150577E-1	-7.444493E-1
+7.327190E+9	+5.143872E-1	-7.448400E-1
+7.327205E+9	+5.134807E-1	-7.448824E-1
+7.327220E+9	+5.127664E-1	-7.444646E-1
+7.327235E+9	+5.127528E-1	-7.445621E-1
+7.327250E+9	+5.138413E-1	-7.447977E-1
+7.327265E+9	+5.133560E-1	-7.448801E-1
+7.327280E+9	+5.126115E-1	-7.453906E-1
+7.327295E+9	+5.118920E-1	-7.462277E-1
+7.327310E+9	+5.114721E-1	-7.462142E-1
+7.327325E+9	+5.115945E-1	-7.461599E-1
+7.327340E+9	+5.116059E-1	-7.471303E-1
+7.327355E+9	+5.124116E-1	-7.468564E-1
+7.327370E+9	+5.112638E-1	-7.466909E-1
+7.327385E+9	+5.110975E-1	-7.463352E-1
+7.327400E+9	+5.118871E-1	-7.462220E-1
+7.327415E+9	+5.111581E-1	-7.458339E-1
+7.327430E+9	+5.107037E-1	-7.460125E-1
+7.327445E+9	+5.100325E-1	-7.468850E-1
+7.327460E+9	+5.096175E-1	-7.477976E-1
+7.327475E+9	+5.095201E-1	-7.484562E-1
+7.327490E+9	+5.090768E-1	-7.480859E-1
+7.327505E+9	+5.088583E-1	-7.473006E-1
+7.327520E+9	+5.091620E-1	-7.462109E-1
+7.327535E+9	+5.085343E-1	-7.465137E-1
+7.327550E+9	+5.081880E-1	-7.476128E-1
+7.327565E+9	+5.081461E-1	-7.478741E-1
+7.327580E+9	+5.075116E-1	-7.476376E-1
+7.327595E+9	+5.067400E-1	-7.467714E-1
+7.327610E+9	+5.063176E-1	-7.472961E-1
+7.327625E+9	+5.075106E-1	-7.489173E-1
+7.327640E+9	+5.065689E-1	-7.489390E-1
+7.327655E+9	+5.055917E-1	-7.488800E-1
+7.327670E+9	+5.052906E-1	-7.491291E-1
+7.327685E+9	+5.053403E-1	-7.484529E-1
+7.327700E+9	+5.049675E-1	-7.489518E-1
+7.327715E+9	+5.049771E-1	-7.490832E-1
+7.327730E+9	+5.049984E-1	-7.493116E-1
+7.327745E+9	+5.051539E-1	-7.492780E-1
+7.327760E+9	+5.048394E-1	-7.498575E-1
+7.327775E+9	+5.030632E-1	-7.510019E-1
+7.327790E+9	+5.025848E-1	-7.512865E-1
+7.327805E+9	+5.034617E-1	-7.498246E-1
+7.327820E+9	+5.034244E-1	-7.500581E-1
+7.327835E+9	+5.031598E-1	-7.501990E-1
+7.327850E+9	+5.029070E-1	-7.511709E-1
+7.327865E+9	+5.025624E-1	-7.513799E-1
+7.327880E+9	+5.021243E-1	-7.512154E-1
+7.327895E+9	+5.015100E-1	-7.507836E-1
+7.327910E+9	+5.010621E-1	-7.508733E-1
+7.327925E+9	+5.002563E-1	-7.508690E-1
+7.327940E+9	+4.998641E-1	-7.514928E-1
+7.327955E+9	+4.998730E-1	-7.517887E-1
+7.327970E+9	+4.999562E-1	-7.510845E-1
+7.327985E+9	+5.002200E-1	-7.508271E-1
+7.328000E+9	+5.011744E-1	-7.522738E-1
+7.328015E+9	+5.003815E-1	-7.520299E-1
+7.328030E+9	+4.987928E-1	-7.529786E-1
+7.328045E+9	+4.991169E-1	-7.529997E-1
+7.328060E+9	+4.988538E-1	-7.523200E-1
+7.328075E+9	+4.987550E-1	-7.528489E-1
+7.328090E+9	+4.983254E-1	-7.529657E-1
+7.328105E+9	+4.977708E-1	-7.529491E-1
+7.328120E+9	+4.972933E-1	-7.530647E-1
+7.328135E+9	+4.968843E-1	-7.531829E-1
+7.328150E+9	+4.969792E-1	-7.539064E-1
+7.328165E+9	+4.966052E-1	-7.538554E-1
+7.328180E+9	+4.968770E-1	-7.541033E-1
+7.328195E+9	+4.962123E-1	-7.544111E-1
+7.328210E+9	+4.960081E-1	-7.548321E-1
+7.328225E+9	+4.954470E-1	-7.553468E-1
+7.328240E+9	+4.948724E-1	-7.543216E-1
+7.328255E+9	+4.941844E-1	-7.539663E-1
+7.328270E+9	+4.941071E-1	-7.546016E-1
+7.328285E+9	+4.933468E-1	-7.549270E-1
+7.328300E+9	+4.932849E-1	-7.550270E-1
+7.328315E+9	+4.940657E-1	-7.551084E-1
+7.328330E+9	+4.936536E-1	-7.550374E-1
+7.328345E+9	+4.927382E-1	-7.556330E-1
+7.328360E+9	+4.931087E-1	-7.554902E-1
+7.328375E+9	+4.933741E-1	-7.560246E-1
+7.328390E+9	+4.929805E-1	-7.555413E-1
+7.328405E+9	+4.926824E-1	-7.541611E-1
+7.328420E+9	+4.929490E-1	-7.548832E-1
+7.328435E+9	+4.922661E-1	-7.555931E-1
+7.328450E+9	+4.906846E-1	-7.557283E-1
+7.328465E+9	+4.907448E-1	-7.563984E-1
+7.328480E+9	+4.905835E-1	-7.569933E-1
+7.328495E+9	+4.899020E-1	-7.572229E-1
+7.328510E+9	+4.893789E-1	-7.557711E-1
+7.328525E+9	+4.887479E-1	-7.561182E-1
+7.328540E+9	+4.885871E-1	-7.564583E-1
+7.328555E+9	+4.895079E-1	-7.569443E-1
+7.328570E+9	+4.882974E-1	-7.574872E-1
+7.328585E+9	+4.881282E-1	-7.583048E-1
+7.328600E+9	+4.887896E-1	-7.584624E-1
+7.328615E+9	+4.888890E-1	-7.583177E-1
+7.328630E+9	+4.886205E-1	-7.582410E-1
+7.328645E+9	+4.878500E-1	-7.585687E-1
+7.328660E+9	+4.866631E-1	-7.585747E-1
+7.328675E+9	+4.861042E-1	-7.574882E-1
+7.328690E+9	+4.864974E-1	-7.585580E-1
+7.328705E+9	+4.868541E-1	-7.585564E-1
+7.328720E+9	+4.869356E-1	-7.580729E-1
+7.328735E+9	+4.868963E-1	-7.589291E-1
+7.328750E+9	+4.859607E-1	-7.599857E-1
+7.328765E+9	+4.848768E-1	-7.597841E-1
+7.328780E+9	+4.846201E-1	-7.592340E-1
+7.328795E+9	+4.849545E-1	-7.595292E-1
+7.328810E+9	+4.841375E-1	-7.599789E-1
+7.328825E+9	+4.835320E-1	-7.599750E-1
+7.328840E+9	+4.831155E-1	-7.613578E-1
+7.328855E+9	+4.847848E-1	-7.620053E-1
+7.328870E+9	+4.847173E-1	-7.620446E-1
+7.328885E+9	+4.827041E-1	-7.591138E-1
+7.328900E+9	+4.819462E-1	-7.599253E-1
+7.328915E+9	+4.816837E-1	-7.609199E-1
+7.328930E+9	+4.833569E-1	-7.611336E-1
+7.328945E+9	+4.824769E-1	-7.609345E-1
+7.328960E+9	+4.810722E-1	-7.617311E-1
+7.328975E+9	+4.812464E-1	-7.617958E-1
+7.328990E+9	+4.803474E-1	-7.623310E-1
+7.329005E+9	+4.805811E-1	-7.604322E-1
+7.329020E+9	+4.795922E-1	-7.617986E-1
+7.329035E+9	+4.789920E-1	-7.621382E-1
+7.329050E+9	+4.788640E-1	-7.620637E-1
+7.329065E+9	+4.792603E-1	-7.624472E-1
+7.329080E+9	+4.793136E-1	-7.626430E-1
+7.329095E+9	+4.792027E-1	-7.629620E-1
+7.329110E+9	+4.786089E-1	-7.632492E-1
+7.329125E+9	+4.777838E-1	-7.629660E-1
+7.329140E+9	+4.776314E-1	-7.625637E-1
+7.329155E+9	+4.779082E-1	-7.632092E-1
+7.329170E+9	+4.770109E-1	-7.639684E-1
+7.329185E+9	+4.767096E-1	-7.644423E-1
+7.329200E+9	+4.765124E-1	-7.642590E-1
+7.329215E+9	+4.759884E-1	-7.634830E-1
+7.329230E+9	+4.763308E-1	-7.630225E-1
+7.329245E+9	+4.768937E-1	-7.625656E-1
+7.329260E+9	+4.763428E-1	-7.623874E-1
+7.329275E+9	+4.749974E-1	-7.636551E-1
+7.329290E+9	+4.748870E-1	-7.641075E-1
+7.329305E+9	+4.748689E-1	-7.641979E-1
+7.329320E+9	+4.746868E-1	-7.635453E-1
+7.329335E+9	+4.744351E-1	-7.635399E-1
+7.329350E+9	+4.737008E-1	-7.644041E-1
+7.329365E+9	+4.734221E-1	-7.641838E-1
+7.329380E+9	+4.736488E-1	-7.643914E-1
+7.329395E+9	+4.732853E-1	-7.655443E-1
+7.329410E+9	+4.731222E-1	-7.657500E-1
+7.329425E+9	+4.731296E-1	-7.656004E-1
+7.329440E+9	+4.720374E-1	-7.659090E-1
+7.329455E+9	+4.711285E-1	-7.651513E-1
+7.329470E+9	+4.711184E-1	-7.656367E-1
+7.329485E+9	+4.701280E-1	-7.659036E-1
+7.329500E+9	+4.701140E-1	-7.651858E-1
+7.329515E+9	+4.696879E-1	-7.659939E-1
+7.329530E+9	+4.698852E-1	-7.671594E-1
+7.329545E+9	+4.693626E-1	-7.673580E-1
+7.329560E+9	+4.698775E-1	-7.665029E-1
+7.329575E+9	+4.690757E-1	-7.665024E-1
+7.329590E+9	+4.690514E-1	-7.662431E-1
+7.329605E+9	+4.690979E-1	-7.663408E-1
+7.329620E+9	+4.690447E-1	-7.662627E-1
+7.329635E+9	+4.690242E-1	-7.664511E-1
+7.329650E+9	+4.675818E-1	-7.676863E-1
+7.329665E+9	+4.666976E-1	-7.674972E-1
+7.329680E+9	+4.666591E-1	-7.667523E-1
+7.329695E+9	+4.666333E-1	-7.671896E-1
+7.329710E+9	+4.662707E-1	-7.681717E-1
+7.329725E+9	+4.657713E-1	-7.684006E-1
+7.329740E+9	+4.657903E-1	-7.680614E-1
+7.329755E+9	+4.663583E-1	-7.689135E-1
+7.329770E+9	+4.657721E-1	-7.683977E-1
+7.329785E+9	+4.650925E-1	-7.684054E-1
+7.329800E+9	+4.643319E-1	-7.681789E-1
+7.329815E+9	+4.642780E-1	-7.681236E-1
+7.329830E+9	+4.643180E-1	-7.684250E-1
+7.329845E+9	+4.639660E-1	-7.689058E-1
+7.329860E+9	+4.631615E-1	-7.686223E-1
+7.329875E+9	+4.617340E-1	-7.694284E-1
+7.329890E+9	+4.625274E-1	-7.698015E-1
+7.329905E+9	+4.631128E-1	-7.701015E-1
+7.329920E+9	+4.630294E-1	-7.698608E-1
+7.329935E+9	+4.610773E-1	-7.693440E-1
+7.329950E+9	+4.616219E-1	-7.691151E-1
+7.329965E+9	+4.610464E-1	-7.694985E-1
+7.329980E+9	+4.605939E-1	-7.698753E-1
+7.329995E+9	+4.597143E-1	-7.701606E-1
+7.330010E+9	+4.596362E-1	-7.699078E-1
+7.330025E+9	+4.585544E-1	-7.700079E-1
+7.330040E+9	+4.595896E-1	-7.707017E-1
+7.330055E+9	+4.605271E-1	-7.707658E-1
+7.330070E+9	+4.599986E-1	-7.710946E-1
+7.330085E+9	+4.583909E-1	-7.709473E-1
+7.330100E+9	+4.583659E-1	-7.712143E-1
+7.330115E+9	+4.578567E-1	-7.717120E-1
+7.330130E+9	+4.573012E-1	-7.713820E-1
+7.330145E+9	+4.564071E-1	-7.715117E-1
+7.330160E+9	+4.564559E-1	-7.711911E-1
+7.330175E+9	+4.573471E-1	-7.707734E-1
+7.330190E+9	+4.572582E-1	-7.715863E-1
+7.330205E+9	+4.565903E-1	-7.720938E-1
+7.330220E+9	+4.559840E-1	-7.714247E-1
+7.330235E+9	+4.553268E-1	-7.716138E-1
+7.330250E+9	+4.543437E-1	-7.723141E-1
+7.330265E+9	+4.541109E-1	-7.726599E-1
+7.330280E+9	+4.535179E-1	-7.730106E-1
+7.330295E+9	+4.521041E-1	-7.734356E-1
+7.330310E+9	+4.531774E-1	-7.741000E-1
+7.330325E+9	+4.544582E-1	-7.720556E-1
+7.330340E+9	+4.536651E-1	-7.729579E-1
+7.330355E+9	+4.533531E-1	-7.736328E-1
+7.330370E+9	+4.531083E-1	-7.734783E-1
+7.330385E+9	+4.523076E-1	-7.731499E-1
+7.330400E+9	+4.508282E-1	-7.734984E-1
+7.330415E+9	+4.509487E-1	-7.744360E-1
+7.330430E+9	+4.511697E-1	-7.747553E-1
+7.330445E+9	+4.494578E-1	-7.748655E-1
+7.330460E+9	+4.496825E-1	-7.748568E-1
+7.330475E+9	+4.507411E-1	-7.752025E-1
+7.330490E+9	+4.507536E-1	-7.757520E-1
+7.330505E+9	+4.503244E-1	-7.751992E-1
+7.330520E+9	+4.497922E-1	-7.755922E-1
+7.330535E+9	+4.489924E-1	-7.756247E-1
+7.330550E+9	+4.486402E-1	-7.750358E-1
+7.330565E+9	+4.478631E-1	-7.750208E-1
+7.330580E+9	+4.474222E-1	-7.750651E-1
+7.330595E+9	+4.469377E-1	-7.756717E-1
+7.330610E+9	+4.469589E-1	-7.760212E-1
+7.330625E+9	+4.469125E-1	-7.761904E-1
+7.330640E+9	+4.467157E-1	-7.761330E-1
+7.330655E+9	+4.466281E-1	-7.765683E-1
+7.330670E+9	+4.453662E-1	-7.772195E-1
+7.330685E+9	+4.450069E-1	-7.769388E-1
+7.330700E+9	+4.460454E-1	-7.760941E-1
+7.330715E+9	+4.451797E-1	-7.765454E-1
+7.330730E+9	+4.450721E-1	-7.784216E-1
+7.330745E+9	+4.439528E-1	-7.779701E-1
+7.330760E+9	+4.437509E-1	-7.772198E-1
+7.330775E+9	+4.436795E-1	-7.764540E-1
+7.330790E+9	+4.434293E-1	-7.765923E-1
+7.330805E+9	+4.428314E-1	-7.767913E-1
+7.330820E+9	+4.419199E-1	-7.775849E-1
+7.330835E+9	+4.422442E-1	-7.773451E-1
+7.330850E+9	+4.429463E-1	-7.769508E-1
+7.330865E+9	+4.411695E-1	-7.772837E-1
+7.330880E+9	+4.402547E-1	-7.777827E-1
+7.330895E+9	+4.403405E-1	-7.783979E-1
+7.330910E+9	+4.404740E-1	-7.781411E-1
+7.330925E+9	+4.401727E-1	-7.768562E-1
+7.330940E+9	+4.389903E-1	-7.780192E-1
+7.330955E+9	+4.387842E-1	-7.796386E-1
+7.330970E+9	+4.386404E-1	-7.803109E-1
+7.330985E+9	+4.395753E-1	-7.798549E-1
+7.331000E+9	+4.390853E-1	-7.786231E-1
+7.331015E+9	+4.385288E-1	-7.789938E-1
+7.331030E+9	+4.378456E-1	-7.794922E-1
+7.331045E+9	+4.375497E-1	-7.796959E-1
+7.331060E+9	+4.369101E-1	-7.794885E-1
+7.331075E+9	+4.367111E-1	-7.795914E-1
+7.331090E+9	+4.365786E-1	-7.801020E-1
+7.331105E+9	+4.365196E-1	-7.804135E-1
+7.331120E+9	+4.363237E-1	-7.799851E-1
+7.331135E+9	+4.358062E-1	-7.797465E-1
+7.331150E+9	+4.348510E-1	-7.795396E-1
+7.331165E+9	+4.350480E-1	-7.793864E-1
+7.331180E+9	+4.358621E-1	-7.798847E-1
+7.331195E+9	+4.351891E-1	-7.797951E-1
+7.331210E+9	+4.329220E-1	-7.802182E-1
+7.331225E+9	+4.323986E-1	-7.813253E-1
+7.331240E+9	+4.324110E-1	-7.811503E-1
+7.331255E+9	+4.324076E-1	-7.812264E-1
+7.331270E+9	+4.316836E-1	-7.820130E-1
+7.331285E+9	+4.305382E-1	-7.825951E-1
+7.331300E+9	+4.310991E-1	-7.819320E-1
+7.331315E+9	+4.305221E-1	-7.816468E-1
+7.331330E+9	+4.308090E-1	-7.818067E-1
+7.331345E+9	+4.313096E-1	-7.817312E-1
+7.331360E+9	+4.306635E-1	-7.819396E-1
+7.331375E+9	+4.294152E-1	-7.823265E-1
+7.331390E+9	+4.294619E-1	-7.821680E-1
+7.331405E+9	+4.300099E-1	-7.835769E-1
+7.331420E+9	+4.290895E-1	-7.840578E-1
+7.331435E+9	+4.277858E-1	-7.831168E-1
+7.331450E+9	+4.288177E-1	-7.823449E-1
+7.331465E+9	+4.274134E-1	-7.825218E-1
+7.331480E+9	+4.267660E-1	-7.833571E-1
+7.331495E+9	+4.263548E-1	-7.838837E-1
+7.331510E+9	+4.267294E-1	-7.840756E-1
+7.331525E+9	+4.269169E-1	-7.828250E-1
+7.331540E+9	+4.261698E-1	-7.832332E-1
+7.331555E+9	+4.258181E-1	-7.829269E-1
+7.331570E+9	+4.254438E-1	-7.824385E-1
+7.331585E+9	+4.248544E-1	-7.829690E-1
+7.331600E+9	+4.234700E-1	-7.841073E-1
+7.331615E+9	+4.237507E-1	-7.835000E-1
+7.331630E+9	+4.242193E-1	-7.834790E-1
+7.331645E+9	+4.237490E-1	-7.844874E-1
+7.331660E+9	+4.233623E-1	-7.849381E-1
+7.331675E+9	+4.232010E-1	-7.846117E-1
+7.331690E+9	+4.223968E-1	-7.843231E-1
+7.331705E+9	+4.220840E-1	-7.844448E-1
+7.331720E+9	+4.222439E-1	-7.850120E-1
+7.331735E+9	+4.219620E-1	-7.853719E-1
+7.331750E+9	+4.206842E-1	-7.846659E-1
+7.331765E+9	+4.194788E-1	-7.850825E-1
+7.331780E+9	+4.195680E-1	-7.849551E-1
+7.331795E+9	+4.186472E-1	-7.856385E-1
+7.331810E+9	+4.195165E-1	-7.860367E-1
+7.331825E+9	+4.193675E-1	-7.851583E-1
+7.331840E+9	+4.193541E-1	-7.860409E-1
+7.331855E+9	+4.189006E-1	-7.865437E-1
+7.331870E+9	+4.186898E-1	-7.869564E-1
+7.331885E+9	+4.183377E-1	-7.872925E-1
+7.331900E+9	+4.168653E-1	-7.873291E-1
+7.331915E+9	+4.170617E-1	-7.866788E-1
+7.331930E+9	+4.173762E-1	-7.868406E-1
+7.331945E+9	+4.168861E-1	-7.873438E-1
+7.331960E+9	+4.164439E-1	-7.872192E-1
+7.331975E+9	+4.165081E-1	-7.859897E-1
+7.331990E+9	+4.159847E-1	-7.862591E-1
+7.332005E+9	+4.147677E-1	-7.877352E-1
+7.332020E+9	+4.145266E-1	-7.871747E-1
+7.332035E+9	+4.140478E-1	-7.870630E-1
+7.332050E+9	+4.146255E-1	-7.868225E-1
+7.332065E+9	+4.138598E-1	-7.868900E-1
+7.332080E+9	+4.135145E-1	-7.872845E-1
+7.332095E+9	+4.132898E-1	-7.875026E-1
+7.332110E+9	+4.116790E-1	-7.884109E-1
+7.332125E+9	+4.108244E-1	-7.873807E-1
+7.332140E+9	+4.104420E-1	-7.877753E-1
+7.332155E+9	+4.101127E-1	-7.881540E-1
+7.332170E+9	+4.102130E-1	-7.886567E-1
+7.332185E+9	+4.102328E-1	-7.892111E-1
+7.332200E+9	+4.099987E-1	-7.883916E-1
+7.332215E+9	+4.095438E-1	-7.882214E-1
+7.332230E+9	+4.094614E-1	-7.887587E-1
+7.332245E+9	+4.090369E-1	-7.886534E-1
+7.332260E+9	+4.083717E-1	-7.886159E-1
+7.332275E+9	+4.076165E-1	-7.887938E-1
+7.332290E+9	+4.081430E-1	-7.894554E-1
+7.332305E+9	+4.081626E-1	-7.901673E-1
+7.332320E+9	+4.073801E-1	-7.903251E-1
+7.332335E+9	+4.060677E-1	-7.904429E-1
+7.332350E+9	+4.055446E-1	-7.904561E-1
+7.332365E+9	+4.055018E-1	-7.896319E-1
+7.332380E+9	+4.054910E-1	-7.894444E-1
+7.332395E+9	+4.049179E-1	-7.893305E-1
+7.332410E+9	+4.054734E-1	-7.912517E-1
+7.332425E+9	+4.052627E-1	-7.910630E-1
+7.332440E+9	+4.051521E-1	-7.902368E-1
+7.332455E+9	+4.045756E-1	-7.895203E-1
+7.332470E+9	+4.046779E-1	-7.905817E-1
+7.332485E+9	+4.034798E-1	-7.912901E-1
+7.332500E+9	+4.034252E-1	-7.908353E-1
+7.332515E+9	+4.026832E-1	-7.908942E-1
+7.332530E+9	+4.022573E-1	-7.917341E-1
+7.332545E+9	+4.019499E-1	-7.923328E-1
+7.332560E+9	+4.014274E-1	-7.922302E-1
+7.332575E+9	+4.014793E-1	-7.921754E-1
+7.332590E+9	+4.008997E-1	-7.920666E-1
+7.332605E+9	+4.003221E-1	-7.921639E-1
+7.332620E+9	+3.998520E-1	-7.922066E-1
+7.332635E+9	+3.988682E-1	-7.914316E-1
+7.332650E+9	+3.981108E-1	-7.916010E-1
+7.332665E+9	+3.973638E-1	-7.924279E-1
+7.332680E+9	+3.978547E-1	-7.935501E-1
+7.332695E+9	+3.976619E-1	-7.935581E-1
+7.332710E+9	+3.974977E-1	-7.929394E-1
+7.332725E+9	+3.972559E-1	-7.937463E-1
+7.332740E+9	+3.965563E-1	-7.932187E-1
+7.332755E+9	+3.962264E-1	-7.932352E-1
+7.332770E+9	+3.953692E-1	-7.932439E-1
+7.332785E+9	+3.950393E-1	-7.929409E-1
+7.332800E+9	+3.946722E-1	-7.929646E-1
+7.332815E+9	+3.939773E-1	-7.935841E-1
+7.332830E+9	+3.932909E-1	-7.937361E-1
+7.332845E+9	+3.931261E-1	-7.935808E-1
+7.332860E+9	+3.926305E-1	-7.941804E-1
+7.332875E+9	+3.921840E-1	-7.944698E-1
+7.332890E+9	+3.916083E-1	-7.948281E-1
+7.332905E+9	+3.927512E-1	-7.941737E-1
+7.332920E+9	+3.920988E-1	-7.941215E-1
+7.332935E+9	+3.913916E-1	-7.941671E-1
+7.332950E+9	+3.913036E-1	-7.948128E-1
+7.332965E+9	+3.906609E-1	-7.942672E-1
+7.332980E+9	+3.902381E-1	-7.944181E-1
+7.332995E+9	+3.895873E-1	-7.944726E-1
+7.333010E+9	+3.893863E-1	-7.948297E-1
+7.333025E+9	+3.895944E-1	-7.943633E-1
+7.333040E+9	+3.887064E-1	-7.945192E-1
+7.333055E+9	+3.876808E-1	-7.950894E-1
+7.333070E+9	+3.873086E-1	-7.944826E-1
+7.333085E+9	+3.868617E-1	-7.945507E-1
+7.333100E+9	+3.865186E-1	-7.965289E-1
+7.333115E+9	+3.861725E-1	-7.957427E-1
+7.333130E+9	+3.863172E-1	-7.953909E-1
+7.333145E+9	+3.857994E-1	-7.955595E-1
+7.333160E+9	+3.847030E-1	-7.952141E-1
+7.333175E+9	+3.846355E-1	-7.945869E-1
+7.333190E+9	+3.842609E-1	-7.951752E-1
+7.333205E+9	+3.853114E-1	-7.958308E-1
+7.333220E+9	+3.845136E-1	-7.960234E-1
+7.333235E+9	+3.839550E-1	-7.961494E-1
+7.333250E+9	+3.828019E-1	-7.962914E-1
+7.333265E+9	+3.819611E-1	-7.965289E-1
+7.333280E+9	+3.820736E-1	-7.965867E-1
+7.333295E+9	+3.815303E-1	-7.970443E-1
+7.333310E+9	+3.817349E-1	-7.961459E-1
+7.333325E+9	+3.808724E-1	-7.959076E-1
+7.333340E+9	+3.803862E-1	-7.964281E-1
+7.333355E+9	+3.800733E-1	-7.967094E-1
+7.333370E+9	+3.800078E-1	-7.966617E-1
+7.333385E+9	+3.796234E-1	-7.963016E-1
+7.333400E+9	+3.785028E-1	-7.978860E-1
+7.333415E+9	+3.779607E-1	-7.979377E-1
+7.333430E+9	+3.787928E-1	-7.981235E-1
+7.333445E+9	+3.786742E-1	-7.981500E-1
+7.333460E+9	+3.777668E-1	-7.982898E-1
+7.333475E+9	+3.761202E-1	-7.973460E-1
+7.333490E+9	+3.760297E-1	-7.974687E-1
+7.333505E+9	+3.758539E-1	-7.973653E-1
+7.333520E+9	+3.751659E-1	-7.978776E-1
+7.333535E+9	+3.745910E-1	-7.982899E-1
+7.333550E+9	+3.742361E-1	-7.981683E-1
+7.333565E+9	+3.738603E-1	-7.985185E-1
+7.333580E+9	+3.745436E-1	-7.987741E-1
+7.333595E+9	+3.734053E-1	-7.986202E-1
+7.333610E+9	+3.726242E-1	-7.984741E-1
+7.333625E+9	+3.736676E-1	-7.983194E-1
+7.333640E+9	+3.730016E-1	-7.988061E-1
+7.333655E+9	+3.715122E-1	-7.998977E-1
+7.333670E+9	+3.706626E-1	-8.005924E-1
+7.333685E+9	+3.703200E-1	-7.995011E-1
+7.333700E+9	+3.697848E-1	-8.001189E-1
+7.333715E+9	+3.698646E-1	-8.005756E-1
+7.333730E+9	+3.696677E-1	-8.007762E-1
+7.333745E+9	+3.692330E-1	-8.010650E-1
+7.333760E+9	+3.692811E-1	-7.998273E-1
+7.333775E+9	+3.692878E-1	-8.000932E-1
+7.333790E+9	+3.682688E-1	-8.004914E-1
+7.333805E+9	+3.673749E-1	-8.006710E-1
+7.333820E+9	+3.670469E-1	-8.005773E-1
+7.333835E+9	+3.665619E-1	-7.999433E-1
+7.333850E+9	+3.659063E-1	-8.008248E-1
+7.333865E+9	+3.653003E-1	-8.010417E-1
+7.333880E+9	+3.654787E-1	-8.007827E-1
+7.333895E+9	+3.651954E-1	-8.004229E-1
+7.333910E+9	+3.644871E-1	-8.010219E-1
+7.333925E+9	+3.642962E-1	-8.020847E-1
+7.333940E+9	+3.635281E-1	-8.010423E-1
+7.333955E+9	+3.627863E-1	-8.001513E-1
+7.333970E+9	+3.626303E-1	-8.014067E-1
+7.333985E+9	+3.619388E-1	-8.020061E-1
+7.334000E+9	+3.618171E-1	-8.024433E-1
+7.334015E+9	+3.614164E-1	-8.025911E-1
+7.334030E+9	+3.598147E-1	-8.000125E-1
+7.334045E+9	+3.597112E-1	-7.995378E-1
+7.334060E+9	+3.606750E-1	-8.006980E-1
+7.334075E+9	+3.598591E-1	-8.015856E-1
+7.334090E+9	+3.595906E-1	-8.017959E-1
+7.334105E+9	+3.592484E-1	-8.019878E-1
+7.334120E+9	+3.579544E-1	-8.012179E-1
+7.334135E+9	+3.571775E-1	-8.010361E-1
+7.334150E+9	+3.577212E-1	-8.026191E-1
+7.334165E+9	+3.576161E-1	-8.025075E-1
+7.334180E+9	+3.571527E-1	-8.018455E-1
+7.334195E+9	+3.568657E-1	-8.018217E-1
+7.334210E+9	+3.560126E-1	-8.021039E-1
+7.334225E+9	+3.563219E-1	-8.031636E-1
+7.334240E+9	+3.555842E-1	-8.020655E-1
+7.334255E+9	+3.551971E-1	-8.021087E-1
+7.334270E+9	+3.545850E-1	-8.023202E-1
+7.334285E+9	+3.538273E-1	-8.027158E-1
+7.334300E+9	+3.536587E-1	-8.035595E-1
+7.334315E+9	+3.528622E-1	-8.032055E-1
+7.334330E+9	+3.520420E-1	-8.035403E-1
+7.334345E+9	+3.515600E-1	-8.038051E-1
+7.334360E+9	+3.511812E-1	-8.031704E-1
+7.334375E+9	+3.503093E-1	-8.027559E-1
+7.334390E+9	+3.496249E-1	-8.027266E-1
+7.334405E+9	+3.493152E-1	-8.027408E-1
+7.334420E+9	+3.497024E-1	-8.029306E-1
+7.334435E+9	+3.494973E-1	-8.031005E-1
+7.334450E+9	+3.487031E-1	-8.034683E-1
+7.334465E+9	+3.486094E-1	-8.040918E-1
+7.334480E+9	+3.480292E-1	-8.045215E-1
+7.334495E+9	+3.473326E-1	-8.038663E-1
+7.334510E+9	+3.466229E-1	-8.038216E-1
+7.334525E+9	+3.464212E-1	-8.041757E-1
+7.334540E+9	+3.465625E-1	-8.044110E-1
+7.334555E+9	+3.460524E-1	-8.048591E-1
+7.334570E+9	+3.451043E-1	-8.043241E-1
+7.334585E+9	+3.445435E-1	-8.047645E-1
+7.334600E+9	+3.443986E-1	-8.049409E-1
+7.334615E+9	+3.446535E-1	-8.041746E-1
+7.334630E+9	+3.448963E-1	-8.046059E-1
+7.334645E+9	+3.431707E-1	-8.045063E-1
+7.334660E+9	+3.419402E-1	-8.055407E-1
+7.334675E+9	+3.410500E-1	-8.059650E-1
+7.334690E+9	+3.409101E-1	-8.059671E-1
+7.334705E+9	+3.409224E-1	-8.051480E-1
+7.334720E+9	+3.407741E-1	-8.052262E-1
+7.334735E+9	+3.398953E-1	-8.061799E-1
+7.334750E+9	+3.391608E-1	-8.062633E-1
+7.334765E+9	+3.382251E-1	-8.059750E-1
+7.334780E+9	+3.378920E-1	-8.052107E-1
+7.334795E+9	+3.381209E-1	-8.051425E-1
+7.334810E+9	+3.382672E-1	-8.047873E-1
+7.334825E+9	+3.370955E-1	-8.052732E-1
+7.334840E+9	+3.368446E-1	-8.053797E-1
+7.334855E+9	+3.365822E-1	-8.052353E-1
+7.334870E+9	+3.356608E-1	-8.054652E-1
+7.334885E+9	+3.346339E-1	-8.056512E-1
+7.334900E+9	+3.344992E-1	-8.060648E-1
+7.334915E+9	+3.339985E-1	-8.063823E-1
+7.334930E+9	+3.337182E-1	-8.056576E-1
+7.334945E+9	+3.334172E-1	-8.057333E-1
+7.334960E+9	+3.329807E-1	-8.062145E-1
+7.334975E+9	+3.319807E-1	-8.066549E-1
+7.334990E+9	+3.314081E-1	-8.066235E-1
+7.335005E+9	+3.324831E-1	-8.067448E-1
+7.335020E+9	+3.318797E-1	-8.070493E-1
+7.335035E+9	+3.304303E-1	-8.072830E-1
+7.335050E+9	+3.298916E-1	-8.072883E-1
+7.335065E+9	+3.298039E-1	-8.065392E-1
+7.335080E+9	+3.295251E-1	-8.058328E-1
+7.335095E+9	+3.285535E-1	-8.072544E-1
+7.335110E+9	+3.275795E-1	-8.076163E-1
+7.335125E+9	+3.263739E-1	-8.084281E-1
+7.335140E+9	+3.266200E-1	-8.078008E-1
+7.335155E+9	+3.262430E-1	-8.073588E-1
+7.335170E+9	+3.256256E-1	-8.065048E-1
+7.335185E+9	+3.253117E-1	-8.070568E-1
+7.335200E+9	+3.254477E-1	-8.083124E-1
+7.335215E+9	+3.247271E-1	-8.081902E-1
+7.335230E+9	+3.242080E-1	-8.080002E-1
+7.335245E+9	+3.237388E-1	-8.076203E-1
+7.335260E+9	+3.230850E-1	-8.075624E-1
+7.335275E+9	+3.221426E-1	-8.077304E-1
+7.335290E+9	+3.221073E-1	-8.082350E-1
+7.335305E+9	+3.220176E-1	-8.082734E-1
+7.335320E+9	+3.212308E-1	-8.084712E-1
+7.335335E+9	+3.212668E-1	-8.084488E-1
+7.335350E+9	+3.204777E-1	-8.080568E-1
+7.335365E+9	+3.193472E-1	-8.086864E-1
+7.335380E+9	+3.184517E-1	-8.092034E-1
+7.335395E+9	+3.179484E-1	-8.095360E-1
+7.335410E+9	+3.185363E-1	-8.083668E-1
+7.335425E+9	+3.179557E-1	-8.084537E-1
+7.335440E+9	+3.172127E-1	-8.083385E-1
+7.335455E+9	+3.168657E-1	-8.085991E-1
+7.335470E+9	+3.160568E-1	-8.092101E-1
+7.335485E+9	+3.158212E-1	-8.094952E-1
+7.335500E+9	+3.152004E-1	-8.085818E-1
+7.335515E+9	+3.152738E-1	-8.089008E-1
+7.335530E+9	+3.146250E-1	-8.091512E-1
+7.335545E+9	+3.137954E-1	-8.097694E-1
+7.335560E+9	+3.133708E-1	-8.097018E-1
+7.335575E+9	+3.125632E-1	-8.085950E-1
+7.335590E+9	+3.121195E-1	-8.092380E-1
+7.335605E+9	+3.122960E-1	-8.094373E-1
+7.335620E+9	+3.118198E-1	-8.096066E-1
+7.335635E+9	+3.108865E-1	-8.095630E-1
+7.335650E+9	+3.101058E-1	-8.093500E-1
+7.335665E+9	+3.097476E-1	-8.094377E-1
+7.335680E+9	+3.088653E-1	-8.088859E-1
+7.335695E+9	+3.088615E-1	-8.094196E-1
+7.335710E+9	+3.086207E-1	-8.096010E-1
+7.335725E+9	+3.084425E-1	-8.097940E-1
+7.335740E+9	+3.079440E-1	-8.093626E-1
+7.335755E+9	+3.067342E-1	-8.082337E-1
+7.335770E+9	+3.064278E-1	-8.091897E-1
+7.335785E+9	+3.058067E-1	-8.098814E-1
+7.335800E+9	+3.047198E-1	-8.106612E-1
+7.335815E+9	+3.043088E-1	-8.103421E-1
+7.335830E+9	+3.043100E-1	-8.099695E-1
+7.335845E+9	+3.041408E-1	-8.104527E-1
+7.335860E+9	+3.033712E-1	-8.108001E-1
+7.335875E+9	+3.028534E-1	-8.103938E-1
+7.335890E+9	+3.016005E-1	-8.107996E-1
+7.335905E+9	+3.011399E-1	-8.106785E-1
+7.335920E+9	+3.004858E-1	-8.101712E-1
+7.335935E+9	+3.008031E-1	-8.103768E-1
+7.335950E+9	+3.007185E-1	-8.105397E-1
+7.335965E+9	+2.999596E-1	-8.108644E-1
+7.335980E+9	+2.989391E-1	-8.110168E-1
+7.335995E+9	+2.985985E-1	-8.107757E-1
+7.336010E+9	+2.978625E-1	-8.104091E-1
+7.336025E+9	+2.962775E-1	-8.109673E-1
+7.336040E+9	+2.960912E-1	-8.111924E-1
+7.336055E+9	+2.969249E-1	-8.111274E-1
+7.336070E+9	+2.962940E-1	-8.106966E-1
+7.336085E+9	+2.951286E-1	-8.102006E-1
+7.336100E+9	+2.937271E-1	-8.107301E-1
+7.336115E+9	+2.930215E-1	-8.105797E-1
+7.336130E+9	+2.923686E-1	-8.112013E-1
+7.336145E+9	+2.917773E-1	-8.115222E-1
+7.336160E+9	+2.916352E-1	-8.115904E-1
+7.336175E+9	+2.924283E-1	-8.106757E-1
+7.336190E+9	+2.915715E-1	-8.102818E-1
+7.336205E+9	+2.910464E-1	-8.101288E-1
+7.336220E+9	+2.901819E-1	-8.104121E-1
+7.336235E+9	+2.896461E-1	-8.107190E-1
+7.336250E+9	+2.894203E-1	-8.114929E-1
+7.336265E+9	+2.887992E-1	-8.113975E-1
+7.336280E+9	+2.883030E-1	-8.112479E-1
+7.336295E+9	+2.871662E-1	-8.111238E-1
+7.336310E+9	+2.864513E-1	-8.114008E-1
+7.336325E+9	+2.865944E-1	-8.116986E-1
+7.336340E+9	+2.858134E-1	-8.108225E-1
+7.336355E+9	+2.848744E-1	-8.101752E-1
+7.336370E+9	+2.845160E-1	-8.110645E-1
+7.336385E+9	+2.838872E-1	-8.113669E-1
+7.336400E+9	+2.839003E-1	-8.122550E-1
+7.336415E+9	+2.827490E-1	-8.110418E-1
+7.336430E+9	+2.820479E-1	-8.107418E-1
+7.336445E+9	+2.814767E-1	-8.113732E-1
+7.336460E+9	+2.809660E-1	-8.116195E-1
+7.336475E+9	+2.812969E-1	-8.115449E-1
+7.336490E+9	+2.805830E-1	-8.120394E-1
+7.336505E+9	+2.799289E-1	-8.121356E-1
+7.336520E+9	+2.800209E-1	-8.120313E-1
+7.336535E+9	+2.800587E-1	-8.113365E-1
+7.336550E+9	+2.782706E-1	-8.121750E-1
+7.336565E+9	+2.778440E-1	-8.126779E-1
+7.336580E+9	+2.785368E-1	-8.119485E-1
+7.336595E+9	+2.772018E-1	-8.118857E-1
+7.336610E+9	+2.758192E-1	-8.116989E-1
+7.336625E+9	+2.757303E-1	-8.119095E-1
+7.336640E+9	+2.748978E-1	-8.118198E-1
+7.336655E+9	+2.744020E-1	-8.116142E-1
+7.336670E+9	+2.738479E-1	-8.116413E-1
+7.336685E+9	+2.738341E-1	-8.118442E-1
+7.336700E+9	+2.725862E-1	-8.114013E-1
+7.336715E+9	+2.721988E-1	-8.120085E-1
+7.336730E+9	+2.715143E-1	-8.123041E-1
+7.336745E+9	+2.709011E-1	-8.125590E-1
+7.336760E+9	+2.707065E-1	-8.112354E-1
+7.336775E+9	+2.693692E-1	-8.120955E-1
+7.336790E+9	+2.691062E-1	-8.119037E-1
+7.336805E+9	+2.689053E-1	-8.111849E-1
+7.336820E+9	+2.680317E-1	-8.113473E-1
+7.336835E+9	+2.686676E-1	-8.128723E-1
+7.336850E+9	+2.672362E-1	-8.122774E-1
+7.336865E+9	+2.674363E-1	-8.120514E-1
+7.336880E+9	+2.669233E-1	-8.120958E-1
+7.336895E+9	+2.658354E-1	-8.124930E-1
+7.336910E+9	+2.645818E-1	-8.120846E-1
+7.336925E+9	+2.635635E-1	-8.126455E-1
+7.336940E+9	+2.634450E-1	-8.124286E-1
+7.336955E+9	+2.631662E-1	-8.122164E-1
+7.336970E+9	+2.625713E-1	-8.124952E-1
+7.336985E+9	+2.615974E-1	-8.121357E-1
+7.337000E+9	+2.612024E-1	-8.119689E-1
+7.337015E+9	+2.603909E-1	-8.116985E-1
+7.337030E+9	+2.599373E-1	-8.115663E-1
+7.337045E+9	+2.595855E-1	-8.119075E-1
+7.337060E+9	+2.582742E-1	-8.122717E-1
+7.337075E+9	+2.579735E-1	-8.116551E-1
+7.337090E+9	+2.579584E-1	-8.116731E-1
+7.337105E+9	+2.574614E-1	-8.118167E-1
+7.337120E+9	+2.572693E-1	-8.119468E-1
+7.337135E+9	+2.567319E-1	-8.124055E-1
+7.337150E+9	+2.558254E-1	-8.123034E-1
+7.337165E+9	+2.542457E-1	-8.124984E-1
+7.337180E+9	+2.531493E-1	-8.128793E-1
+7.337195E+9	+2.530793E-1	-8.128057E-1
+7.337210E+9	+2.528072E-1	-8.125339E-1
+7.337225E+9	+2.516071E-1	-8.122967E-1
+7.337240E+9	+2.509565E-1	-8.124814E-1
+7.337255E+9	+2.507419E-1	-8.123132E-1
+7.337270E+9	+2.505946E-1	-8.124783E-1
+7.337285E+9	+2.498555E-1	-8.122325E-1
+7.337300E+9	+2.489097E-1	-8.131302E-1
+7.337315E+9	+2.481597E-1	-8.122901E-1
+7.337330E+9	+2.477705E-1	-8.121300E-1
+7.337345E+9	+2.475379E-1	-8.123644E-1
+7.337360E+9	+2.473303E-1	-8.124236E-1
+7.337375E+9	+2.455646E-1	-8.130719E-1
+7.337390E+9	+2.450125E-1	-8.128412E-1
+7.337405E+9	+2.454092E-1	-8.114963E-1
+7.337420E+9	+2.447380E-1	-8.117492E-1
+7.337435E+9	+2.438416E-1	-8.124704E-1
+7.337450E+9	+2.436848E-1	-8.122192E-1
+7.337465E+9	+2.428214E-1	-8.117680E-1
+7.337480E+9	+2.418502E-1	-8.113859E-1
+7.337495E+9	+2.409309E-1	-8.115450E-1
+7.337510E+9	+2.398180E-1	-8.116198E-1
+7.337525E+9	+2.392219E-1	-8.117752E-1
+7.337540E+9	+2.387351E-1	-8.117746E-1
+7.337555E+9	+2.380122E-1	-8.129600E-1
+7.337570E+9	+2.376263E-1	-8.130790E-1
+7.337585E+9	+2.367014E-1	-8.120871E-1
+7.337600E+9	+2.356635E-1	-8.119665E-1
+7.337615E+9	+2.352126E-1	-8.111217E-1
+7.337630E+9	+2.351087E-1	-8.111650E-1
+7.337645E+9	+2.350309E-1	-8.110752E-1
+7.337660E+9	+2.344149E-1	-8.113674E-1
+7.337675E+9	+2.336465E-1	-8.116775E-1
+7.337690E+9	+2.336268E-1	-8.114411E-1
+7.337705E+9	+2.329113E-1	-8.117407E-1
+7.337720E+9	+2.316147E-1	-8.115183E-1
+7.337735E+9	+2.306767E-1	-8.107939E-1
+7.337750E+9	+2.301830E-1	-8.109497E-1
+7.337765E+9	+2.298029E-1	-8.114462E-1
+7.337780E+9	+2.291927E-1	-8.115383E-1
+7.337795E+9	+2.285238E-1	-8.111069E-1
+7.337810E+9	+2.278342E-1	-8.110852E-1
+7.337825E+9	+2.270744E-1	-8.107501E-1
+7.337840E+9	+2.263145E-1	-8.110881E-1
+7.337855E+9	+2.264611E-1	-8.111809E-1
+7.337870E+9	+2.247846E-1	-8.109456E-1
+7.337885E+9	+2.246449E-1	-8.114759E-1
+7.337900E+9	+2.242288E-1	-8.118207E-1
+7.337915E+9	+2.232977E-1	-8.111744E-1
+7.337930E+9	+2.230137E-1	-8.108090E-1
+7.337945E+9	+2.223916E-1	-8.111816E-1
+7.337960E+9	+2.212833E-1	-8.107716E-1
+7.337975E+9	+2.203657E-1	-8.101645E-1
+7.337990E+9	+2.192184E-1	-8.096081E-1
+7.338005E+9	+2.191071E-1	-8.106871E-1
+7.338020E+9	+2.186775E-1	-8.106869E-1
+7.338035E+9	+2.186550E-1	-8.107655E-1
+7.338050E+9	+2.173594E-1	-8.113530E-1
+7.338065E+9	+2.172925E-1	-8.109531E-1
+7.338080E+9	+2.165157E-1	-8.097821E-1
+7.338095E+9	+2.147436E-1	-8.094744E-1
+7.338110E+9	+2.143265E-1	-8.099488E-1
+7.338125E+9	+2.145515E-1	-8.109406E-1
+7.338140E+9	+2.132271E-1	-8.102198E-1
+7.338155E+9	+2.123381E-1	-8.098007E-1
+7.338170E+9	+2.118469E-1	-8.097176E-1
+7.338185E+9	+2.118964E-1	-8.099831E-1
+7.338200E+9	+2.115623E-1	-8.097554E-1
+7.338215E+9	+2.102936E-1	-8.097014E-1
+7.338230E+9	+2.092283E-1	-8.100650E-1
+7.338245E+9	+2.083246E-1	-8.089368E-1
+7.338260E+9	+2.078258E-1	-8.090795E-1
+7.338275E+9	+2.071131E-1	-8.093698E-1
+7.338290E+9	+2.066248E-1	-8.094331E-1
+7.338305E+9	+2.059747E-1	-8.099282E-1
+7.338320E+9	+2.051367E-1	-8.098985E-1
+7.338335E+9	+2.044240E-1	-8.096525E-1
+7.338350E+9	+2.037008E-1	-8.092162E-1
+7.338365E+9	+2.028389E-1	-8.089154E-1
+7.338380E+9	+2.026539E-1	-8.093054E-1
+7.338395E+9	+2.019298E-1	-8.093733E-1
+7.338410E+9	+2.007696E-1	-8.088840E-1
+7.338425E+9	+2.006577E-1	-8.088034E-1
+7.338440E+9	+1.995686E-1	-8.083822E-1
+7.338455E+9	+1.992347E-1	-8.084623E-1
+7.338470E+9	+1.987307E-1	-8.081182E-1
+7.338485E+9	+1.977444E-1	-8.084039E-1
+7.338500E+9	+1.971470E-1	-8.095383E-1
+7.338515E+9	+1.956283E-1	-8.087888E-1
+7.338530E+9	+1.954208E-1	-8.081561E-1
+7.338545E+9	+1.947113E-1	-8.079138E-1
+7.338560E+9	+1.944266E-1	-8.078728E-1
+7.338575E+9	+1.938788E-1	-8.071124E-1
+7.338590E+9	+1.924884E-1	-8.068833E-1
+7.338605E+9	+1.916786E-1	-8.082151E-1
+7.338620E+9	+1.907872E-1	-8.079550E-1
+7.338635E+9	+1.913663E-1	-8.072718E-1
+7.338650E+9	+1.893683E-1	-8.074678E-1
+7.338665E+9	+1.888251E-1	-8.080051E-1
+7.338680E+9	+1.887388E-1	-8.075566E-1
+7.338695E+9	+1.875198E-1	-8.072774E-1
+7.338710E+9	+1.868561E-1	-8.073643E-1
+7.338725E+9	+1.863797E-1	-8.072683E-1
+7.338740E+9	+1.852816E-1	-8.070951E-1
+7.338755E+9	+1.848835E-1	-8.064393E-1
+7.338770E+9	+1.842045E-1	-8.063376E-1
+7.338785E+9	+1.840370E-1	-8.068239E-1
+7.338800E+9	+1.824498E-1	-8.075596E-1
+7.338815E+9	+1.820820E-1	-8.067581E-1
+7.338830E+9	+1.816722E-1	-8.063288E-1
+7.338845E+9	+1.810285E-1	-8.058894E-1
+7.338860E+9	+1.798118E-1	-8.047590E-1
+7.338875E+9	+1.789207E-1	-8.054801E-1
+7.338890E+9	+1.783407E-1	-8.050672E-1
+7.338905E+9	+1.774281E-1	-8.043134E-1
+7.338920E+9	+1.772186E-1	-8.044802E-1
+7.338935E+9	+1.754917E-1	-8.051458E-1
+7.338950E+9	+1.748751E-1	-8.046505E-1
+7.338965E+9	+1.741680E-1	-8.048358E-1
+7.338980E+9	+1.739708E-1	-8.044554E-1
+7.338995E+9	+1.734729E-1	-8.044154E-1
+7.339010E+9	+1.726751E-1	-8.044094E-1
+7.339025E+9	+1.709618E-1	-8.045747E-1
+7.339040E+9	+1.710249E-1	-8.045921E-1
+7.339055E+9	+1.704876E-1	-8.033947E-1
+7.339070E+9	+1.688927E-1	-8.039280E-1
+7.339085E+9	+1.682966E-1	-8.036855E-1
+7.339100E+9	+1.677867E-1	-8.029856E-1
+7.339115E+9	+1.667210E-1	-8.029226E-1
+7.339130E+9	+1.662251E-1	-8.034695E-1
+7.339145E+9	+1.651668E-1	-8.034713E-1
+7.339160E+9	+1.645322E-1	-8.032067E-1
+7.339175E+9	+1.636060E-1	-8.026419E-1
+7.339190E+9	+1.637891E-1	-8.023829E-1
+7.339205E+9	+1.630477E-1	-8.019904E-1
+7.339220E+9	+1.620504E-1	-8.020687E-1
+7.339235E+9	+1.609045E-1	-8.017515E-1
+7.339250E+9	+1.604613E-1	-8.020649E-1
+7.339265E+9	+1.595727E-1	-8.011031E-1
+7.339280E+9	+1.584596E-1	-8.013354E-1
+7.339295E+9	+1.572370E-1	-8.013834E-1
+7.339310E+9	+1.578002E-1	-8.019021E-1
+7.339325E+9	+1.582085E-1	-8.007529E-1
+7.339340E+9	+1.557164E-1	-8.013389E-1
+7.339355E+9	+1.548326E-1	-8.016110E-1
+7.339370E+9	+1.545159E-1	-8.014704E-1
+7.339385E+9	+1.535307E-1	-8.002226E-1
+7.339400E+9	+1.526564E-1	-7.996051E-1
+7.339415E+9	+1.519169E-1	-7.995422E-1
+7.339430E+9	+1.520489E-1	-8.004500E-1
+7.339445E+9	+1.506953E-1	-8.001589E-1
+7.339460E+9	+1.492846E-1	-7.994665E-1
+7.339475E+9	+1.483941E-1	-7.995770E-1
+7.339490E+9	+1.473452E-1	-7.992427E-1
+7.339505E+9	+1.467476E-1	-7.990527E-1
+7.339520E+9	+1.462453E-1	-7.991606E-1
+7.339535E+9	+1.455536E-1	-7.982875E-1
+7.339550E+9	+1.442869E-1	-7.986634E-1
+7.339565E+9	+1.440786E-1	-7.983375E-1
+7.339580E+9	+1.435687E-1	-7.981845E-1
+7.339595E+9	+1.427058E-1	-7.977974E-1
+7.339610E+9	+1.416237E-1	-7.977802E-1
+7.339625E+9	+1.409524E-1	-7.972498E-1
+7.339640E+9	+1.400680E-1	-7.966761E-1
+7.339655E+9	+1.392536E-1	-7.968684E-1
+7.339670E+9	+1.382985E-1	-7.964900E-1
+7.339685E+9	+1.375855E-1	-7.966916E-1
+7.339700E+9	+1.370847E-1	-7.968557E-1
+7.339715E+9	+1.363142E-1	-7.965035E-1
+7.339730E+9	+1.350666E-1	-7.968518E-1
+7.339745E+9	+1.341193E-1	-7.964807E-1
+7.339760E+9	+1.335051E-1	-7.958431E-1
+7.339775E+9	+1.333845E-1	-7.952960E-1
+7.339790E+9	+1.319069E-1	-7.955046E-1
+7.339805E+9	+1.306745E-1	-7.954461E-1
+7.339820E+9	+1.305541E-1	-7.943495E-1
+7.339835E+9	+1.295674E-1	-7.937164E-1
+7.339850E+9	+1.289732E-1	-7.940735E-1
+7.339865E+9	+1.280911E-1	-7.930282E-1
+7.339880E+9	+1.278719E-1	-7.932539E-1
+7.339895E+9	+1.260996E-1	-7.932145E-1
+7.339910E+9	+1.253789E-1	-7.934247E-1
+7.339925E+9	+1.247332E-1	-7.930803E-1
+7.339940E+9	+1.232497E-1	-7.927721E-1
+7.339955E+9	+1.222941E-1	-7.920274E-1
+7.339970E+9	+1.210985E-1	-7.917153E-1
+7.339985E+9	+1.204004E-1	-7.911995E-1
+7.340000E+9	+1.210627E-1	-7.912969E-1
+7.340015E+9	+1.198027E-1	-7.910464E-1
+7.340030E+9	+1.190716E-1	-7.916516E-1
+7.340045E+9	+1.181195E-1	-7.915923E-1
+7.340060E+9	+1.166585E-1	-7.904798E-1
+7.340075E+9	+1.157107E-1	-7.901175E-1
+7.340090E+9	+1.146486E-1	-7.902637E-1
+7.340105E+9	+1.139051E-1	-7.900284E-1
+7.340120E+9	+1.131037E-1	-7.895173E-1
+7.340135E+9	+1.129145E-1	-7.884991E-1
+7.340150E+9	+1.119311E-1	-7.894478E-1
+7.340165E+9	+1.111381E-1	-7.892537E-1
+7.340180E+9	+1.105864E-1	-7.888343E-1
+7.340195E+9	+1.098526E-1	-7.888532E-1
+7.340210E+9	+1.085138E-1	-7.879442E-1
+7.340225E+9	+1.069672E-1	-7.872305E-1
+7.340240E+9	+1.065241E-1	-7.874486E-1
+7.340255E+9	+1.060304E-1	-7.874036E-1
+7.340270E+9	+1.055287E-1	-7.861101E-1
+7.340285E+9	+1.042762E-1	-7.859101E-1
+7.340300E+9	+1.035368E-1	-7.864400E-1
+7.340315E+9	+1.028477E-1	-7.866111E-1
+7.340330E+9	+1.016042E-1	-7.855700E-1
+7.340345E+9	+1.007069E-1	-7.850764E-1
+7.340360E+9	+1.002282E-1	-7.847803E-1
+7.340375E+9	+9.913332E-2	-7.846094E-1
+7.340390E+9	+9.843008E-2	-7.839762E-1
+7.340405E+9	+9.772533E-2	-7.830411E-1
+7.340420E+9	+9.678315E-2	-7.824674E-1
+7.340435E+9	+9.538830E-2	-7.826610E-1
+7.340450E+9	+9.467865E-2	-7.821373E-1
+7.340465E+9	+9.378675E-2	-7.827095E-1
+7.340480E+9	+9.386280E-2	-7.826561E-1
+7.340495E+9	+9.253897E-2	-7.817942E-1
+7.340510E+9	+9.103995E-2	-7.819510E-1
+7.340525E+9	+9.011440E-2	-7.808734E-1
+7.340540E+9	+8.935251E-2	-7.800628E-1
+7.340555E+9	+8.813645E-2	-7.801677E-1
+7.340570E+9	+8.749189E-2	-7.798676E-1
+7.340585E+9	+8.676328E-2	-7.802050E-1
+7.340600E+9	+8.605692E-2	-7.797869E-1
+7.340615E+9	+8.515848E-2	-7.800317E-1
+7.340630E+9	+8.394844E-2	-7.793288E-1
+7.340645E+9	+8.303156E-2	-7.789986E-1
+7.340660E+9	+8.221011E-2	-7.784194E-1
+7.340675E+9	+8.119012E-2	-7.773542E-1
+7.340690E+9	+8.084626E-2	-7.770543E-1
+7.340705E+9	+8.000355E-2	-7.768970E-1
+7.340720E+9	+7.864589E-2	-7.761848E-1
+7.340735E+9	+7.718525E-2	-7.759052E-1
+7.340750E+9	+7.573384E-2	-7.756502E-1
+7.340765E+9	+7.528409E-2	-7.756075E-1
+7.340780E+9	+7.418575E-2	-7.745988E-1
+7.340795E+9	+7.368442E-2	-7.741007E-1
+7.340810E+9	+7.331071E-2	-7.735938E-1
+7.340825E+9	+7.277099E-2	-7.734449E-1
+7.340840E+9	+7.115050E-2	-7.732899E-1
+7.340855E+9	+7.046151E-2	-7.725868E-1
+7.340870E+9	+6.964158E-2	-7.722730E-1
+7.340885E+9	+6.880039E-2	-7.718693E-1
+7.340900E+9	+6.738321E-2	-7.710057E-1
+7.340915E+9	+6.653829E-2	-7.709092E-1
+7.340930E+9	+6.555431E-2	-7.706776E-1
+7.340945E+9	+6.480489E-2	-7.703855E-1
+7.340960E+9	+6.419756E-2	-7.705957E-1
+7.340975E+9	+6.276503E-2	-7.693118E-1
+7.340990E+9	+6.155154E-2	-7.687593E-1
+7.341005E+9	+6.148657E-2	-7.685720E-1
+7.341020E+9	+6.044130E-2	-7.677271E-1
+7.341035E+9	+5.917424E-2	-7.673830E-1
+7.341050E+9	+5.804090E-2	-7.674908E-1
+7.341065E+9	+5.758241E-2	-7.670465E-1
+7.341080E+9	+5.690795E-2	-7.667631E-1
+7.341095E+9	+5.615997E-2	-7.662920E-1
+7.341110E+9	+5.488495E-2	-7.649081E-1
+7.341125E+9	+5.372505E-2	-7.649873E-1
+7.341140E+9	+5.277337E-2	-7.645980E-1
+7.341155E+9	+5.216414E-2	-7.636953E-1
+7.341170E+9	+5.096883E-2	-7.630622E-1
+7.341185E+9	+4.982874E-2	-7.623236E-1
+7.341200E+9	+4.919635E-2	-7.623228E-1
+7.341215E+9	+4.806441E-2	-7.617466E-1
+7.341230E+9	+4.751286E-2	-7.618102E-1
+7.341245E+9	+4.604215E-2	-7.609964E-1
+7.341260E+9	+4.516143E-2	-7.603569E-1
+7.341275E+9	+4.379779E-2	-7.594927E-1
+7.341290E+9	+4.302822E-2	-7.591991E-1
+7.341305E+9	+4.293894E-2	-7.591754E-1
+7.341320E+9	+4.216661E-2	-7.583159E-1
+7.341335E+9	+4.066411E-2	-7.583210E-1
+7.341350E+9	+3.930546E-2	-7.577580E-1
+7.341365E+9	+3.822364E-2	-7.566839E-1
+7.341380E+9	+3.723707E-2	-7.560582E-1
+7.341395E+9	+3.604454E-2	-7.558742E-1
+7.341410E+9	+3.581738E-2	-7.564415E-1
+7.341425E+9	+3.486268E-2	-7.556408E-1
+7.341440E+9	+3.380084E-2	-7.546288E-1
+7.341455E+9	+3.203837E-2	-7.536904E-1
+7.341470E+9	+3.110309E-2	-7.535764E-1
+7.341485E+9	+3.010164E-2	-7.534078E-1
+7.341500E+9	+2.930611E-2	-7.519731E-1
+7.341515E+9	+2.854491E-2	-7.518254E-1
+7.341530E+9	+2.739918E-2	-7.514796E-1
+7.341545E+9	+2.672073E-2	-7.513051E-1
+7.341560E+9	+2.673917E-2	-7.493985E-1
+7.341575E+9	+2.493240E-2	-7.486485E-1
+7.341590E+9	+2.414606E-2	-7.482773E-1
+7.341605E+9	+2.314214E-2	-7.474334E-1
+7.341620E+9	+2.212335E-2	-7.464168E-1
+7.341635E+9	+2.138393E-2	-7.465746E-1
+7.341650E+9	+2.010062E-2	-7.464377E-1
+7.341665E+9	+1.920859E-2	-7.459737E-1
+7.341680E+9	+1.788729E-2	-7.451271E-1
+7.341695E+9	+1.713984E-2	-7.445333E-1
+7.341710E+9	+1.624923E-2	-7.440641E-1
+7.341725E+9	+1.479087E-2	-7.438807E-1
+7.341740E+9	+1.377689E-2	-7.430380E-1
+7.341755E+9	+1.307987E-2	-7.421954E-1
+7.341770E+9	+1.255041E-2	-7.408518E-1
+7.341785E+9	+1.121357E-2	-7.395489E-1
+7.341800E+9	+9.714488E-3	-7.394838E-1
+7.341815E+9	+9.533021E-3	-7.385575E-1
+7.341830E+9	+9.231944E-3	-7.379048E-1
+7.341845E+9	+8.231452E-3	-7.372800E-1
+7.341860E+9	+5.778231E-3	-7.367041E-1
+7.341875E+9	+5.296053E-3	-7.367332E-1
+7.341890E+9	+3.794661E-3	-7.360553E-1
+7.341905E+9	+3.121403E-3	-7.351866E-1
+7.341920E+9	+1.990078E-3	-7.344819E-1
+7.341935E+9	+9.777520E-4	-7.339164E-1
+7.341950E+9	-1.088956E-4	-7.341246E-1
+7.341965E+9	-1.213509E-3	-7.322940E-1
+7.341980E+9	-1.946309E-3	-7.311307E-1
+7.341995E+9	-2.877593E-3	-7.313514E-1
+7.342010E+9	-4.110899E-3	-7.308643E-1
+7.342025E+9	-5.240016E-3	-7.301673E-1
+7.342040E+9	-6.202048E-3	-7.290903E-1
+7.342055E+9	-7.121293E-3	-7.283624E-1
+7.342070E+9	-7.576294E-3	-7.280954E-1
+7.342085E+9	-8.684305E-3	-7.268777E-1
+7.342100E+9	-9.983489E-3	-7.262812E-1
+7.342115E+9	-1.082949E-2	-7.255325E-1
+7.342130E+9	-1.223507E-2	-7.247472E-1
+7.342145E+9	-1.331927E-2	-7.237684E-1
+7.342160E+9	-1.445444E-2	-7.237521E-1
+7.342175E+9	-1.584470E-2	-7.224994E-1
+7.342190E+9	-1.684379E-2	-7.216639E-1
+7.342205E+9	-1.776372E-2	-7.211542E-1
+7.342220E+9	-1.846922E-2	-7.205660E-1
+7.342235E+9	-1.898473E-2	-7.195554E-1
+7.342250E+9	-1.978941E-2	-7.181683E-1
+7.342265E+9	-2.124823E-2	-7.173246E-1
+7.342280E+9	-2.210754E-2	-7.163907E-1
+7.342295E+9	-2.306618E-2	-7.157652E-1
+7.342310E+9	-2.417768E-2	-7.155002E-1
+7.342325E+9	-2.506990E-2	-7.142611E-1
+7.342340E+9	-2.657726E-2	-7.132730E-1
+7.342355E+9	-2.785685E-2	-7.130221E-1
+7.342370E+9	-2.900349E-2	-7.123030E-1
+7.342385E+9	-2.954200E-2	-7.105500E-1
+7.342400E+9	-3.055728E-2	-7.098894E-1
+7.342415E+9	-3.166637E-2	-7.093798E-1
+7.342430E+9	-3.258465E-2	-7.085998E-1
+7.342445E+9	-3.334173E-2	-7.079099E-1
+7.342460E+9	-3.422951E-2	-7.072604E-1
+7.342475E+9	-3.545617E-2	-7.057413E-1
+7.342490E+9	-3.684848E-2	-7.050444E-1
+7.342505E+9	-3.782570E-2	-7.043717E-1
+7.342520E+9	-3.904052E-2	-7.034829E-1
+7.342535E+9	-4.020079E-2	-7.026402E-1
+7.342550E+9	-4.126436E-2	-7.020681E-1
+7.342565E+9	-4.211799E-2	-7.007586E-1
+7.342580E+9	-4.300290E-2	-6.994455E-1
+7.342595E+9	-4.386401E-2	-6.987892E-1
+7.342610E+9	-4.474956E-2	-6.979216E-1
+7.342625E+9	-4.549249E-2	-6.973499E-1
+7.342640E+9	-4.609843E-2	-6.959851E-1
+7.342655E+9	-4.810854E-2	-6.949581E-1
+7.342670E+9	-4.884107E-2	-6.939176E-1
+7.342685E+9	-4.999443E-2	-6.938008E-1
+7.342700E+9	-5.105239E-2	-6.925279E-1
+7.342715E+9	-5.183663E-2	-6.912592E-1
+7.342730E+9	-5.314317E-2	-6.902281E-1
+7.342745E+9	-5.388416E-2	-6.892970E-1
+7.342760E+9	-5.491406E-2	-6.888290E-1
+7.342775E+9	-5.657986E-2	-6.876327E-1
+7.342790E+9	-5.729771E-2	-6.867324E-1
+7.342805E+9	-5.818768E-2	-6.855522E-1
+7.342820E+9	-5.943740E-2	-6.841470E-1
+7.342835E+9	-6.066668E-2	-6.829833E-1
+7.342850E+9	-6.161802E-2	-6.825839E-1
+7.342865E+9	-6.251709E-2	-6.820499E-1
+7.342880E+9	-6.342922E-2	-6.801731E-1
+7.342895E+9	-6.455924E-2	-6.792624E-1
+7.342910E+9	-6.501837E-2	-6.779695E-1
+7.342925E+9	-6.676033E-2	-6.769921E-1
+7.342940E+9	-6.732691E-2	-6.760231E-1
+7.342955E+9	-6.838897E-2	-6.751482E-1
+7.342970E+9	-6.928741E-2	-6.739631E-1
+7.342985E+9	-6.999381E-2	-6.733112E-1
+7.343000E+9	-7.084522E-2	-6.724296E-1
+7.343015E+9	-7.239780E-2	-6.705676E-1
+7.343030E+9	-7.394461E-2	-6.690077E-1
+7.343045E+9	-7.451894E-2	-6.685056E-1
+7.343060E+9	-7.565777E-2	-6.675083E-1
+7.343075E+9	-7.610011E-2	-6.663428E-1
+7.343090E+9	-7.735553E-2	-6.653762E-1
+7.343105E+9	-7.928164E-2	-6.637799E-1
+7.343120E+9	-8.055097E-2	-6.625326E-1
+7.343135E+9	-8.088281E-2	-6.619017E-1
+7.343150E+9	-8.124520E-2	-6.604167E-1
+7.343165E+9	-8.310941E-2	-6.588607E-1
+7.343180E+9	-8.354987E-2	-6.580957E-1
+7.343195E+9	-8.481382E-2	-6.565935E-1
+7.343210E+9	-8.544066E-2	-6.559609E-1
+7.343225E+9	-8.680014E-2	-6.555335E-1
+7.343240E+9	-8.764451E-2	-6.541175E-1
+7.343255E+9	-8.860594E-2	-6.526591E-1
+7.343270E+9	-9.038073E-2	-6.513768E-1
+7.343285E+9	-9.089698E-2	-6.500390E-1
+7.343300E+9	-9.202788E-2	-6.490604E-1
+7.343315E+9	-9.307534E-2	-6.476005E-1
+7.343330E+9	-9.373101E-2	-6.465792E-1
+7.343345E+9	-9.444680E-2	-6.455813E-1
+7.343360E+9	-9.558917E-2	-6.442570E-1
+7.343375E+9	-9.647770E-2	-6.422982E-1
+7.343390E+9	-9.752933E-2	-6.410167E-1
+7.343405E+9	-9.836279E-2	-6.399086E-1
+7.343420E+9	-9.952690E-2	-6.385218E-1
+7.343435E+9	-1.007874E-1	-6.375877E-1
+7.343450E+9	-1.017059E-1	-6.362249E-1
+7.343465E+9	-1.025683E-1	-6.348994E-1
+7.343480E+9	-1.036617E-1	-6.331601E-1
+7.343495E+9	-1.050661E-1	-6.320233E-1
+7.343510E+9	-1.057637E-1	-6.306956E-1
+7.343525E+9	-1.069445E-1	-6.292158E-1
+7.343540E+9	-1.080898E-1	-6.280522E-1
+7.343555E+9	-1.090306E-1	-6.268432E-1
+7.343570E+9	-1.098585E-1	-6.254313E-1
+7.343585E+9	-1.104500E-1	-6.238083E-1
+7.343600E+9	-1.110686E-1	-6.220362E-1
+7.343615E+9	-1.123252E-1	-6.210971E-1
+7.343630E+9	-1.135497E-1	-6.197917E-1
+7.343645E+9	-1.144090E-1	-6.182509E-1
+7.343660E+9	-1.153449E-1	-6.172550E-1
+7.343675E+9	-1.166783E-1	-6.156692E-1
+7.343690E+9	-1.172036E-1	-6.143614E-1
+7.343705E+9	-1.176345E-1	-6.126522E-1
+7.343720E+9	-1.191026E-1	-6.111630E-1
+7.343735E+9	-1.200646E-1	-6.094071E-1
+7.343750E+9	-1.212163E-1	-6.078494E-1
+7.343765E+9	-1.221964E-1	-6.069523E-1
+7.343780E+9	-1.231384E-1	-6.054481E-1
+7.343795E+9	-1.243059E-1	-6.035517E-1
+7.343810E+9	-1.245147E-1	-6.021974E-1
+7.343825E+9	-1.263778E-1	-6.005725E-1
+7.343840E+9	-1.267033E-1	-5.991715E-1
+7.343855E+9	-1.273148E-1	-5.977121E-1
+7.343870E+9	-1.283196E-1	-5.964283E-1
+7.343885E+9	-1.287704E-1	-5.951587E-1
+7.343900E+9	-1.299929E-1	-5.931819E-1
+7.343915E+9	-1.310148E-1	-5.917315E-1
+7.343930E+9	-1.317862E-1	-5.904823E-1
+7.343945E+9	-1.325172E-1	-5.888839E-1
+7.343960E+9	-1.338179E-1	-5.866863E-1
+7.343975E+9	-1.349972E-1	-5.844960E-1
+7.343990E+9	-1.356985E-1	-5.834908E-1
+7.344005E+9	-1.364924E-1	-5.819846E-1
+7.344020E+9	-1.372924E-1	-5.802717E-1
+7.344035E+9	-1.383194E-1	-5.787172E-1
+7.344050E+9	-1.393953E-1	-5.777724E-1
+7.344065E+9	-1.395996E-1	-5.756138E-1
+7.344080E+9	-1.405068E-1	-5.736279E-1
+7.344095E+9	-1.414323E-1	-5.719250E-1
+7.344110E+9	-1.426664E-1	-5.706654E-1
+7.344125E+9	-1.428879E-1	-5.696875E-1
+7.344140E+9	-1.437740E-1	-5.677726E-1
+7.344155E+9	-1.448656E-1	-5.655917E-1
+7.344170E+9	-1.457516E-1	-5.636104E-1
+7.344185E+9	-1.470151E-1	-5.620039E-1
+7.344200E+9	-1.474423E-1	-5.605028E-1
+7.344215E+9	-1.483242E-1	-5.586683E-1
+7.344230E+9	-1.491670E-1	-5.569006E-1
+7.344245E+9	-1.503770E-1	-5.554004E-1
+7.344260E+9	-1.506789E-1	-5.537714E-1
+7.344275E+9	-1.512897E-1	-5.518100E-1
+7.344290E+9	-1.522112E-1	-5.502552E-1
+7.344305E+9	-1.531421E-1	-5.490975E-1
+7.344320E+9	-1.541967E-1	-5.471272E-1
+7.344335E+9	-1.552096E-1	-5.446379E-1
+7.344350E+9	-1.552084E-1	-5.428273E-1
+7.344365E+9	-1.560367E-1	-5.411691E-1
+7.344380E+9	-1.569015E-1	-5.392795E-1
+7.344395E+9	-1.577804E-1	-5.373738E-1
+7.344410E+9	-1.585546E-1	-5.359319E-1
+7.344425E+9	-1.588715E-1	-5.338262E-1
+7.344440E+9	-1.595997E-1	-5.316324E-1
+7.344455E+9	-1.602116E-1	-5.298498E-1
+7.344470E+9	-1.611053E-1	-5.281570E-1
+7.344485E+9	-1.618733E-1	-5.264708E-1
+7.344500E+9	-1.626137E-1	-5.244866E-1
+7.344515E+9	-1.635285E-1	-5.224082E-1
+7.344530E+9	-1.642728E-1	-5.207807E-1
+7.344545E+9	-1.651357E-1	-5.188376E-1
+7.344560E+9	-1.655946E-1	-5.168769E-1
+7.344575E+9	-1.660578E-1	-5.152383E-1
+7.344590E+9	-1.667498E-1	-5.133172E-1
+7.344605E+9	-1.673504E-1	-5.109751E-1
+7.344620E+9	-1.682804E-1	-5.087929E-1
+7.344635E+9	-1.691198E-1	-5.069701E-1
+7.344650E+9	-1.692171E-1	-5.048136E-1
+7.344665E+9	-1.703396E-1	-5.025045E-1
+7.344680E+9	-1.706246E-1	-5.011464E-1
+7.344695E+9	-1.710485E-1	-4.989195E-1
+7.344710E+9	-1.715994E-1	-4.969237E-1
+7.344725E+9	-1.723354E-1	-4.946831E-1
+7.344740E+9	-1.729992E-1	-4.927449E-1
+7.344755E+9	-1.735317E-1	-4.908824E-1
+7.344770E+9	-1.742939E-1	-4.886863E-1
+7.344785E+9	-1.746084E-1	-4.864555E-1
+7.344800E+9	-1.747533E-1	-4.844606E-1
+7.344815E+9	-1.755403E-1	-4.824601E-1
+7.344830E+9	-1.761833E-1	-4.800495E-1
+7.344845E+9	-1.762026E-1	-4.780747E-1
+7.344860E+9	-1.773097E-1	-4.759986E-1
+7.344875E+9	-1.780021E-1	-4.739863E-1
+7.344890E+9	-1.783943E-1	-4.716976E-1
+7.344905E+9	-1.786596E-1	-4.694071E-1
+7.344920E+9	-1.792613E-1	-4.673484E-1
+7.344935E+9	-1.798345E-1	-4.654140E-1
+7.344950E+9	-1.799890E-1	-4.631928E-1
+7.344965E+9	-1.805826E-1	-4.612454E-1
+7.344980E+9	-1.810196E-1	-4.590790E-1
+7.344995E+9	-1.810484E-1	-4.565273E-1
+7.345010E+9	-1.816456E-1	-4.543710E-1
+7.345025E+9	-1.821111E-1	-4.524047E-1
+7.345040E+9	-1.824176E-1	-4.498701E-1
+7.345055E+9	-1.829240E-1	-4.478117E-1
+7.345070E+9	-1.831820E-1	-4.459671E-1
+7.345085E+9	-1.837443E-1	-4.436914E-1
+7.345100E+9	-1.844163E-1	-4.411120E-1
+7.345115E+9	-1.846131E-1	-4.388546E-1
+7.345130E+9	-1.852037E-1	-4.364890E-1
+7.345145E+9	-1.853008E-1	-4.342133E-1
+7.345160E+9	-1.856055E-1	-4.321094E-1
+7.345175E+9	-1.853592E-1	-4.299583E-1
+7.345190E+9	-1.858326E-1	-4.278136E-1
+7.345205E+9	-1.860050E-1	-4.252716E-1
+7.345220E+9	-1.862083E-1	-4.225641E-1
+7.345235E+9	-1.868816E-1	-4.203983E-1
+7.345250E+9	-1.870159E-1	-4.183815E-1
+7.345265E+9	-1.873648E-1	-4.157664E-1
+7.345280E+9	-1.875126E-1	-4.135427E-1
+7.345295E+9	-1.873694E-1	-4.112349E-1
+7.345310E+9	-1.876072E-1	-4.088084E-1
+7.345325E+9	-1.876398E-1	-4.069440E-1
+7.345340E+9	-1.880981E-1	-4.044950E-1
+7.345355E+9	-1.883723E-1	-4.018520E-1
+7.345370E+9	-1.880703E-1	-3.992188E-1
+7.345385E+9	-1.883798E-1	-3.968040E-1
+7.345400E+9	-1.886093E-1	-3.942564E-1
+7.345415E+9	-1.884429E-1	-3.919230E-1
+7.345430E+9	-1.888552E-1	-3.892964E-1
+7.345445E+9	-1.890768E-1	-3.869076E-1
+7.345460E+9	-1.889229E-1	-3.843692E-1
+7.345475E+9	-1.888257E-1	-3.826446E-1
+7.345490E+9	-1.890416E-1	-3.802827E-1
+7.345505E+9	-1.890165E-1	-3.778405E-1
+7.345520E+9	-1.888197E-1	-3.755243E-1
+7.345535E+9	-1.886927E-1	-3.731412E-1
+7.345550E+9	-1.886956E-1	-3.707542E-1
+7.345565E+9	-1.887620E-1	-3.680029E-1
+7.345580E+9	-1.888859E-1	-3.655766E-1
+7.345595E+9	-1.882685E-1	-3.632815E-1
+7.345610E+9	-1.878916E-1	-3.608851E-1
+7.345625E+9	-1.878204E-1	-3.588319E-1
+7.345640E+9	-1.874388E-1	-3.562600E-1
+7.345655E+9	-1.871566E-1	-3.537353E-1
+7.345670E+9	-1.868900E-1	-3.514211E-1
+7.345685E+9	-1.864327E-1	-3.492143E-1
+7.345700E+9	-1.861685E-1	-3.468637E-1
+7.345715E+9	-1.860299E-1	-3.442810E-1
+7.345730E+9	-1.859302E-1	-3.416723E-1
+7.345745E+9	-1.857557E-1	-3.389481E-1
+7.345760E+9	-1.851712E-1	-3.364996E-1
+7.345775E+9	-1.849630E-1	-3.342677E-1
+7.345790E+9	-1.849553E-1	-3.315240E-1
+7.345805E+9	-1.843907E-1	-3.291033E-1
+7.345820E+9	-1.845311E-1	-3.267348E-1
+7.345835E+9	-1.843866E-1	-3.237388E-1
+7.345850E+9	-1.835683E-1	-3.208490E-1
+7.345865E+9	-1.835505E-1	-3.184123E-1
+7.345880E+9	-1.828759E-1	-3.158771E-1
+7.345895E+9	-1.826887E-1	-3.132366E-1
+7.345910E+9	-1.823689E-1	-3.106617E-1
+7.345925E+9	-1.821401E-1	-3.082168E-1
+7.345940E+9	-1.819768E-1	-3.056149E-1
+7.345955E+9	-1.815152E-1	-3.031753E-1
+7.345970E+9	-1.810413E-1	-3.006198E-1
+7.345985E+9	-1.803800E-1	-2.980840E-1
+7.346000E+9	-1.794302E-1	-2.952735E-1
+7.346015E+9	-1.793876E-1	-2.925367E-1
+7.346030E+9	-1.788795E-1	-2.901159E-1
+7.346045E+9	-1.781592E-1	-2.876085E-1
+7.346060E+9	-1.776505E-1	-2.848489E-1
+7.346075E+9	-1.771179E-1	-2.822683E-1
+7.346090E+9	-1.767052E-1	-2.794784E-1
+7.346105E+9	-1.758863E-1	-2.767198E-1
+7.346120E+9	-1.753394E-1	-2.741057E-1
+7.346135E+9	-1.747520E-1	-2.714597E-1
+7.346150E+9	-1.735979E-1	-2.688939E-1
+7.346165E+9	-1.732021E-1	-2.663124E-1
+7.346180E+9	-1.725353E-1	-2.636394E-1
+7.346195E+9	-1.720669E-1	-2.611759E-1
+7.346210E+9	-1.714040E-1	-2.584940E-1
+7.346225E+9	-1.705661E-1	-2.553971E-1
+7.346240E+9	-1.697279E-1	-2.531014E-1
+7.346255E+9	-1.692147E-1	-2.507113E-1
+7.346270E+9	-1.682950E-1	-2.478744E-1
+7.346285E+9	-1.674551E-1	-2.450882E-1
+7.346300E+9	-1.665557E-1	-2.425589E-1
+7.346315E+9	-1.657354E-1	-2.397338E-1
+7.346330E+9	-1.648879E-1	-2.373081E-1
+7.346345E+9	-1.636479E-1	-2.349067E-1
+7.346360E+9	-1.626252E-1	-2.320713E-1
+7.346375E+9	-1.618956E-1	-2.292855E-1
+7.346390E+9	-1.611532E-1	-2.264602E-1
+7.346405E+9	-1.598539E-1	-2.238068E-1
+7.346420E+9	-1.589067E-1	-2.212491E-1
+7.346435E+9	-1.578373E-1	-2.185784E-1
+7.346450E+9	-1.566350E-1	-2.158051E-1
+7.346465E+9	-1.557146E-1	-2.132254E-1
+7.346480E+9	-1.545856E-1	-2.105779E-1
+7.346495E+9	-1.537868E-1	-2.081739E-1
+7.346510E+9	-1.527147E-1	-2.055818E-1
+7.346525E+9	-1.516098E-1	-2.029165E-1
+7.346540E+9	-1.505449E-1	-2.002898E-1
+7.346555E+9	-1.495845E-1	-1.977991E-1
+7.346570E+9	-1.483513E-1	-1.950106E-1
+7.346585E+9	-1.470444E-1	-1.924139E-1
+7.346600E+9	-1.456295E-1	-1.899066E-1
+7.346615E+9	-1.443534E-1	-1.871661E-1
+7.346630E+9	-1.430757E-1	-1.845710E-1
+7.346645E+9	-1.418392E-1	-1.818693E-1
+7.346660E+9	-1.407390E-1	-1.792326E-1
+7.346675E+9	-1.393982E-1	-1.769636E-1
+7.346690E+9	-1.380993E-1	-1.742325E-1
+7.346705E+9	-1.365169E-1	-1.715913E-1
+7.346720E+9	-1.351701E-1	-1.689288E-1
+7.346735E+9	-1.337533E-1	-1.666312E-1
+7.346750E+9	-1.321940E-1	-1.638777E-1
+7.346765E+9	-1.307891E-1	-1.614939E-1
+7.346780E+9	-1.292507E-1	-1.588547E-1
+7.346795E+9	-1.278373E-1	-1.560534E-1
+7.346810E+9	-1.263200E-1	-1.535878E-1
+7.346825E+9	-1.248674E-1	-1.511841E-1
+7.346840E+9	-1.232702E-1	-1.486197E-1
+7.346855E+9	-1.217251E-1	-1.460750E-1
+7.346870E+9	-1.202698E-1	-1.436296E-1
+7.346885E+9	-1.186146E-1	-1.410532E-1
+7.346900E+9	-1.168605E-1	-1.385970E-1
+7.346915E+9	-1.152912E-1	-1.359814E-1
+7.346930E+9	-1.136980E-1	-1.336188E-1
+7.346945E+9	-1.118076E-1	-1.312987E-1
+7.346960E+9	-1.102771E-1	-1.288309E-1
+7.346975E+9	-1.085783E-1	-1.263335E-1
+7.346990E+9	-1.068794E-1	-1.238847E-1
+7.347005E+9	-1.048529E-1	-1.215353E-1
+7.347020E+9	-1.032438E-1	-1.191065E-1
+7.347035E+9	-1.013755E-1	-1.165652E-1
+7.347050E+9	-9.961674E-2	-1.143009E-1
+7.347065E+9	-9.786502E-2	-1.118068E-1
+7.347080E+9	-9.604799E-2	-1.094117E-1
+7.347095E+9	-9.426942E-2	-1.070836E-1
+7.347110E+9	-9.226590E-2	-1.047093E-1
+7.347125E+9	-9.038798E-2	-1.022859E-1
+7.347140E+9	-8.855314E-2	-9.998893E-2
+7.347155E+9	-8.664073E-2	-9.774900E-2
+7.347170E+9	-8.463572E-2	-9.552947E-2
+7.347185E+9	-8.268140E-2	-9.319098E-2
+7.347200E+9	-8.075693E-2	-9.070800E-2
+7.347215E+9	-7.870654E-2	-8.855190E-2
+7.347230E+9	-7.650854E-2	-8.636253E-2
+7.347245E+9	-7.441056E-2	-8.410103E-2
+7.347260E+9	-7.239552E-2	-8.161088E-2
+7.347275E+9	-7.045847E-2	-7.934291E-2
+7.347290E+9	-6.846473E-2	-7.712814E-2
+7.347305E+9	-6.638629E-2	-7.495003E-2
+7.347320E+9	-6.395752E-2	-7.281989E-2
+7.347335E+9	-6.186854E-2	-7.059427E-2
+7.347350E+9	-5.989697E-2	-6.842557E-2
+7.347365E+9	-5.765795E-2	-6.621377E-2
+7.347380E+9	-5.516406E-2	-6.442074E-2
+7.347395E+9	-5.300708E-2	-6.227790E-2
+7.347410E+9	-5.093593E-2	-6.015340E-2
+7.347425E+9	-4.864526E-2	-5.793425E-2
+7.347440E+9	-4.643326E-2	-5.587421E-2
+7.347455E+9	-4.409982E-2	-5.378831E-2
+7.347470E+9	-4.159561E-2	-5.182301E-2
+7.347485E+9	-3.930740E-2	-4.973950E-2
+7.347500E+9	-3.701190E-2	-4.778923E-2
+7.347515E+9	-3.465711E-2	-4.576332E-2
+7.347530E+9	-3.230824E-2	-4.389569E-2
+7.347545E+9	-2.988181E-2	-4.208103E-2
+7.347560E+9	-2.763151E-2	-4.007926E-2
+7.347575E+9	-2.522622E-2	-3.788946E-2
+7.347590E+9	-2.269505E-2	-3.591531E-2
+7.347605E+9	-2.012981E-2	-3.401542E-2
+7.347620E+9	-1.771295E-2	-3.206286E-2
+7.347635E+9	-1.529400E-2	-3.032347E-2
+7.347650E+9	-1.280216E-2	-2.849937E-2
+7.347665E+9	-1.028370E-2	-2.663310E-2
+7.347680E+9	-7.758796E-3	-2.479669E-2
+7.347695E+9	-5.225780E-3	-2.306677E-2
+7.347710E+9	-2.619764E-3	-2.127053E-2
+7.347725E+9	-1.332749E-4	-1.952050E-2
+7.347740E+9	+2.476226E-3	-1.774152E-2
+7.347755E+9	+5.068107E-3	-1.605862E-2
+7.347770E+9	+7.726422E-3	-1.427302E-2
+7.347785E+9	+1.047843E-2	-1.265576E-2
+7.347800E+9	+1.289900E-2	-1.088615E-2
+7.347815E+9	+1.553609E-2	-9.417509E-3
+7.347830E+9	+1.821881E-2	-7.927604E-3
+7.347845E+9	+2.084079E-2	-6.294158E-3
+7.347860E+9	+2.348937E-2	-4.482029E-3
+7.347875E+9	+2.622214E-2	-2.971125E-3
+7.347890E+9	+2.882064E-2	-1.420342E-3
+7.347905E+9	+3.143512E-2	+5.184943E-6
+7.347920E+9	+3.419775E-2	+1.462487E-3
+7.347935E+9	+3.696154E-2	+3.090475E-3
+7.347950E+9	+3.976654E-2	+4.663636E-3
+7.347965E+9	+4.247485E-2	+6.159552E-3
+7.347980E+9	+4.537761E-2	+7.670902E-3
+7.347995E+9	+4.807535E-2	+9.015049E-3
+7.348010E+9	+5.085706E-2	+1.035703E-2
+7.348025E+9	+5.363085E-2	+1.173511E-2
+7.348040E+9	+5.635832E-2	+1.309280E-2
+7.348055E+9	+5.908166E-2	+1.434360E-2
+7.348070E+9	+6.185170E-2	+1.568679E-2
+7.348085E+9	+6.472692E-2	+1.703945E-2
+7.348100E+9	+6.754899E-2	+1.831055E-2
+7.348115E+9	+7.040090E-2	+1.945223E-2
+7.348130E+9	+7.328876E-2	+2.068999E-2
+7.348145E+9	+7.611262E-2	+2.203107E-2
+7.348160E+9	+7.902355E-2	+2.319651E-2
+7.348175E+9	+8.186419E-2	+2.422069E-2
+7.348190E+9	+8.472644E-2	+2.528722E-2
+7.348205E+9	+8.760807E-2	+2.640679E-2
+7.348220E+9	+9.050955E-2	+2.749675E-2
+7.348235E+9	+9.338609E-2	+2.853508E-2
+7.348250E+9	+9.624753E-2	+2.953927E-2
+7.348265E+9	+9.915197E-2	+3.062230E-2
+7.348280E+9	+1.021999E-1	+3.162720E-2
+7.348295E+9	+1.050731E-1	+3.254210E-2
+7.348310E+9	+1.078940E-1	+3.356550E-2
+7.348325E+9	+1.106975E-1	+3.462959E-2
+7.348340E+9	+1.136083E-1	+3.557383E-2
+7.348355E+9	+1.167083E-1	+3.635980E-2
+7.348370E+9	+1.194732E-1	+3.728172E-2
+7.348385E+9	+1.223597E-1	+3.816246E-2
+7.348400E+9	+1.255850E-1	+3.888081E-2
+7.348415E+9	+1.284661E-1	+3.984303E-2
+7.348430E+9	+1.313527E-1	+4.071869E-2
+7.348445E+9	+1.342609E-1	+4.151730E-2
+7.348460E+9	+1.372644E-1	+4.199792E-2
+7.348475E+9	+1.402920E-1	+4.283782E-2
+7.348490E+9	+1.432474E-1	+4.346503E-2
+7.348505E+9	+1.461614E-1	+4.415231E-2
+7.348520E+9	+1.491703E-1	+4.487192E-2
+7.348535E+9	+1.520833E-1	+4.550791E-2
+7.348550E+9	+1.551816E-1	+4.600673E-2
+7.348565E+9	+1.581008E-1	+4.670349E-2
+7.348580E+9	+1.611006E-1	+4.744366E-2
+7.348595E+9	+1.640355E-1	+4.796378E-2
+7.348610E+9	+1.669191E-1	+4.846147E-2
+7.348625E+9	+1.700958E-1	+4.886249E-2
+7.348640E+9	+1.730040E-1	+4.948766E-2
+7.348655E+9	+1.759194E-1	+5.005908E-2
+7.348670E+9	+1.788130E-1	+5.054884E-2
+7.348685E+9	+1.818639E-1	+5.071862E-2
+7.348700E+9	+1.847596E-1	+5.121675E-2
+7.348715E+9	+1.876770E-1	+5.166016E-2
+7.348730E+9	+1.909854E-1	+5.178561E-2
+7.348745E+9	+1.939617E-1	+5.213495E-2
+7.348760E+9	+1.965322E-1	+5.244825E-2
+7.348775E+9	+1.997763E-1	+5.292305E-2
+7.348790E+9	+2.027311E-1	+5.322359E-2
+7.348805E+9	+2.056686E-1	+5.329007E-2
+7.348820E+9	+2.086147E-1	+5.356396E-2
+7.348835E+9	+2.114490E-1	+5.398712E-2
+7.348850E+9	+2.145043E-1	+5.418713E-2
+7.348865E+9	+2.173888E-1	+5.431761E-2
+7.348880E+9	+2.203217E-1	+5.444059E-2
+7.348895E+9	+2.232245E-1	+5.462985E-2
+7.348910E+9	+2.261968E-1	+5.463864E-2
+7.348925E+9	+2.291734E-1	+5.473757E-2
+7.348940E+9	+2.322093E-1	+5.475391E-2
+7.348955E+9	+2.351623E-1	+5.482494E-2
+7.348970E+9	+2.381061E-1	+5.487701E-2
+7.348985E+9	+2.410099E-1	+5.490893E-2
+7.349000E+9	+2.437806E-1	+5.492532E-2
+7.349015E+9	+2.467135E-1	+5.497906E-2
+7.349030E+9	+2.496198E-1	+5.496638E-2
+7.349045E+9	+2.524968E-1	+5.490567E-2
+7.349060E+9	+2.553482E-1	+5.482048E-2
+7.349075E+9	+2.583319E-1	+5.467144E-2
+7.349090E+9	+2.612496E-1	+5.460324E-2
+7.349105E+9	+2.640852E-1	+5.451107E-2
+7.349120E+9	+2.668476E-1	+5.440521E-2
+7.349135E+9	+2.698394E-1	+5.399576E-2
+7.349150E+9	+2.728183E-1	+5.392361E-2
+7.349165E+9	+2.756770E-1	+5.371729E-2
+7.349180E+9	+2.784915E-1	+5.350781E-2
+7.349195E+9	+2.811871E-1	+5.320122E-2
+7.349210E+9	+2.840402E-1	+5.302353E-2
+7.349225E+9	+2.870639E-1	+5.269167E-2
+7.349240E+9	+2.899091E-1	+5.233922E-2
+7.349255E+9	+2.926957E-1	+5.199149E-2
+7.349270E+9	+2.954589E-1	+5.163626E-2
+7.349285E+9	+2.983510E-1	+5.141299E-2
+7.349300E+9	+3.010835E-1	+5.109553E-2
+7.349315E+9	+3.037912E-1	+5.068985E-2
+7.349330E+9	+3.066362E-1	+5.005086E-2
+7.349345E+9	+3.094278E-1	+4.961973E-2
+7.349360E+9	+3.121316E-1	+4.931081E-2
+7.349375E+9	+3.148983E-1	+4.883126E-2
+7.349390E+9	+3.176992E-1	+4.834664E-2
+7.349405E+9	+3.204428E-1	+4.781601E-2
+7.349420E+9	+3.230661E-1	+4.727670E-2
+7.349435E+9	+3.257603E-1	+4.673806E-2
+7.349450E+9	+3.285563E-1	+4.624228E-2
+7.349465E+9	+3.312256E-1	+4.569681E-2
+7.349480E+9	+3.339138E-1	+4.510023E-2
+7.349495E+9	+3.366425E-1	+4.449093E-2
+7.349510E+9	+3.393088E-1	+4.389655E-2
+7.349525E+9	+3.419390E-1	+4.327009E-2
+7.349540E+9	+3.446176E-1	+4.265415E-2
+7.349555E+9	+3.472773E-1	+4.198513E-2
+7.349570E+9	+3.498640E-1	+4.131164E-2
+7.349585E+9	+3.525444E-1	+4.069051E-2
+7.349600E+9	+3.551945E-1	+4.003583E-2
+7.349615E+9	+3.577510E-1	+3.931758E-2
+7.349630E+9	+3.603398E-1	+3.861825E-2
+7.349645E+9	+3.629217E-1	+3.786659E-2
+7.349660E+9	+3.654710E-1	+3.714493E-2
+7.349675E+9	+3.680840E-1	+3.640232E-2
+7.349690E+9	+3.705975E-1	+3.552976E-2
+7.349705E+9	+3.731152E-1	+3.465694E-2
+7.349720E+9	+3.756656E-1	+3.379720E-2
+7.349735E+9	+3.781580E-1	+3.305121E-2
+7.349750E+9	+3.807570E-1	+3.219019E-2
+7.349765E+9	+3.832003E-1	+3.140437E-2
+7.349780E+9	+3.857103E-1	+3.051746E-2
+7.349795E+9	+3.881678E-1	+2.966644E-2
+7.349810E+9	+3.905931E-1	+2.878810E-2
+7.349825E+9	+3.930073E-1	+2.788122E-2
+7.349840E+9	+3.954553E-1	+2.704128E-2
+7.349855E+9	+3.980039E-1	+2.598174E-2
+7.349870E+9	+4.004572E-1	+2.498018E-2
+7.349885E+9	+4.027394E-1	+2.421512E-2
+7.349900E+9	+4.052154E-1	+2.323081E-2
+7.349915E+9	+4.074131E-1	+2.216836E-2
+7.349930E+9	+4.099038E-1	+2.120288E-2
+7.349945E+9	+4.123460E-1	+2.010980E-2
+7.349960E+9	+4.146148E-1	+1.914566E-2
+7.349975E+9	+4.169042E-1	+1.814134E-2
+7.349990E+9	+4.192424E-1	+1.716951E-2
+7.350005E+9	+4.215398E-1	+1.613663E-2
+7.350020E+9	+4.238563E-1	+1.508128E-2
+7.350035E+9	+4.260003E-1	+1.403166E-2
+7.350050E+9	+4.285037E-1	+1.290978E-2
+7.350065E+9	+4.308317E-1	+1.182522E-2
+7.350080E+9	+4.328948E-1	+1.072033E-2
+7.350095E+9	+4.351776E-1	+9.628381E-3
+7.350110E+9	+4.373597E-1	+8.433509E-3
+7.350125E+9	+4.396982E-1	+7.412879E-3
+7.350140E+9	+4.419016E-1	+6.248647E-3
+7.350155E+9	+4.440467E-1	+5.127859E-3
+7.350170E+9	+4.462373E-1	+3.950691E-3
+7.350185E+9	+4.483990E-1	+2.791584E-3
+7.350200E+9	+4.505476E-1	+1.630823E-3
+7.350215E+9	+4.526803E-1	+4.330724E-4
+7.350230E+9	+4.548116E-1	-7.681814E-4
+7.350245E+9	+4.569269E-1	-1.989765E-3
+7.350260E+9	+4.590454E-1	-3.149265E-3
+7.350275E+9	+4.611412E-1	-4.411308E-3
+7.350290E+9	+4.632229E-1	-5.639110E-3
+7.350305E+9	+4.652549E-1	-6.874623E-3
+7.350320E+9	+4.673471E-1	-8.219340E-3
+7.350335E+9	+4.693909E-1	-9.355914E-3
+7.350350E+9	+4.713661E-1	-1.066212E-2
+7.350365E+9	+4.733603E-1	-1.186936E-2
+7.350380E+9	+4.754552E-1	-1.309093E-2
+7.350395E+9	+4.774384E-1	-1.430475E-2
+7.350410E+9	+4.794182E-1	-1.575616E-2
+7.350425E+9	+4.813167E-1	-1.704404E-2
+7.350440E+9	+4.832106E-1	-1.818154E-2
+7.350455E+9	+4.853149E-1	-1.953221E-2
+7.350470E+9	+4.872706E-1	-2.086287E-2
+7.350485E+9	+4.891116E-1	-2.227301E-2
+7.350500E+9	+4.910138E-1	-2.361531E-2
+7.350515E+9	+4.929685E-1	-2.480169E-2
+7.350530E+9	+4.948206E-1	-2.623698E-2
+7.350545E+9	+4.966135E-1	-2.748011E-2
+7.350560E+9	+4.984417E-1	-2.900697E-2
+7.350575E+9	+5.002624E-1	-3.031968E-2
+7.350590E+9	+5.021226E-1	-3.169063E-2
+7.350605E+9	+5.039878E-1	-3.318131E-2
+7.350620E+9	+5.058714E-1	-3.453665E-2
+7.350635E+9	+5.075939E-1	-3.589123E-2
+7.350650E+9	+5.093041E-1	-3.724707E-2
+7.350665E+9	+5.111026E-1	-3.856901E-2
+7.350680E+9	+5.129311E-1	-4.002951E-2
+7.350695E+9	+5.146475E-1	-4.144637E-2
+7.350710E+9	+5.162336E-1	-4.276859E-2
+7.350725E+9	+5.179694E-1	-4.420904E-2
+7.350740E+9	+5.197154E-1	-4.575034E-2
+7.350755E+9	+5.214111E-1	-4.708320E-2
+7.350770E+9	+5.231275E-1	-4.848330E-2
+7.350785E+9	+5.248400E-1	-4.984746E-2
+7.350800E+9	+5.264862E-1	-5.138645E-2
+7.350815E+9	+5.281124E-1	-5.278730E-2
+7.350830E+9	+5.297017E-1	-5.411040E-2
+7.350845E+9	+5.312482E-1	-5.538020E-2
+7.350860E+9	+5.329815E-1	-5.708499E-2
+7.350875E+9	+5.345403E-1	-5.866016E-2
+7.350890E+9	+5.362427E-1	-6.011557E-2
+7.350905E+9	+5.377620E-1	-6.149847E-2
+7.350920E+9	+5.391877E-1	-6.285166E-2
+7.350935E+9	+5.408547E-1	-6.446360E-2
+7.350950E+9	+5.424527E-1	-6.591868E-2
+7.350965E+9	+5.439749E-1	-6.740002E-2
+7.350980E+9	+5.454816E-1	-6.884290E-2
+7.350995E+9	+5.470151E-1	-7.035070E-2
+7.351010E+9	+5.485358E-1	-7.181397E-2
+7.351025E+9	+5.499587E-1	-7.333532E-2
+7.351040E+9	+5.513431E-1	-7.480705E-2
+7.351055E+9	+5.527930E-1	-7.621880E-2
+7.351070E+9	+5.542672E-1	-7.765323E-2
+7.351085E+9	+5.556357E-1	-7.939833E-2
+7.351100E+9	+5.570285E-1	-8.080051E-2
+7.351115E+9	+5.584781E-1	-8.246786E-2
+7.351130E+9	+5.599597E-1	-8.382886E-2
+7.351145E+9	+5.613005E-1	-8.543060E-2
+7.351160E+9	+5.627036E-1	-8.684154E-2
+7.351175E+9	+5.640587E-1	-8.833201E-2
+7.351190E+9	+5.654770E-1	-8.981948E-2
+7.351205E+9	+5.668495E-1	-9.136685E-2
+7.351220E+9	+5.680321E-1	-9.288560E-2
+7.351235E+9	+5.693654E-1	-9.454808E-2
+7.351250E+9	+5.706199E-1	-9.602179E-2
+7.351265E+9	+5.718934E-1	-9.741262E-2
+7.351280E+9	+5.731883E-1	-9.896577E-2
+7.351295E+9	+5.741955E-1	-1.004750E-1
+7.351310E+9	+5.757469E-1	-1.020573E-1
+7.351325E+9	+5.770015E-1	-1.036016E-1
+7.351340E+9	+5.784566E-1	-1.051349E-1
+7.351355E+9	+5.794311E-1	-1.066469E-1
+7.351370E+9	+5.806724E-1	-1.081999E-1
+7.351385E+9	+5.819291E-1	-1.097581E-1
+7.351400E+9	+5.831945E-1	-1.111676E-1
+7.351415E+9	+5.842747E-1	-1.126594E-1
+7.351430E+9	+5.857276E-1	-1.141812E-1
+7.351445E+9	+5.868627E-1	-1.158622E-1
+7.351460E+9	+5.879701E-1	-1.175364E-1
+7.351475E+9	+5.889587E-1	-1.188354E-1
+7.351490E+9	+5.901666E-1	-1.204206E-1
+7.351505E+9	+5.914480E-1	-1.219572E-1
+7.351520E+9	+5.923631E-1	-1.234609E-1
+7.351535E+9	+5.934784E-1	-1.249286E-1
+7.351550E+9	+5.946751E-1	-1.265734E-1
+7.351565E+9	+5.957469E-1	-1.280977E-1
+7.351580E+9	+5.968478E-1	-1.296901E-1
+7.351595E+9	+5.976854E-1	-1.313186E-1
+7.351610E+9	+5.986948E-1	-1.327243E-1
+7.351625E+9	+5.997962E-1	-1.343475E-1
+7.351640E+9	+6.007428E-1	-1.358558E-1
+7.351655E+9	+6.017512E-1	-1.372962E-1
+7.351670E+9	+6.029640E-1	-1.387771E-1
+7.351685E+9	+6.040647E-1	-1.405213E-1
+7.351700E+9	+6.050791E-1	-1.419360E-1
+7.351715E+9	+6.060708E-1	-1.435646E-1
+7.351730E+9	+6.068908E-1	-1.450611E-1
+7.351745E+9	+6.077918E-1	-1.467186E-1
+7.351760E+9	+6.089626E-1	-1.480187E-1
+7.351775E+9	+6.097012E-1	-1.496170E-1
+7.351790E+9	+6.105624E-1	-1.511243E-1
+7.351805E+9	+6.119473E-1	-1.526133E-1
+7.351820E+9	+6.125715E-1	-1.541020E-1
+7.351835E+9	+6.137596E-1	-1.555455E-1
+7.351850E+9	+6.145016E-1	-1.570491E-1
+7.351865E+9	+6.155303E-1	-1.588539E-1
+7.351880E+9	+6.165038E-1	-1.602766E-1
+7.351895E+9	+6.175594E-1	-1.616580E-1
+7.351910E+9	+6.183071E-1	-1.632750E-1
+7.351925E+9	+6.190265E-1	-1.649268E-1
+7.351940E+9	+6.199791E-1	-1.666051E-1
+7.351955E+9	+6.205712E-1	-1.679488E-1
+7.351970E+9	+6.213650E-1	-1.695058E-1
+7.351985E+9	+6.222945E-1	-1.710090E-1
+7.352000E+9	+6.231599E-1	-1.726344E-1
+7.352015E+9	+6.236421E-1	-1.739923E-1
+7.352030E+9	+6.248136E-1	-1.753395E-1
+7.352045E+9	+6.255203E-1	-1.769713E-1
+7.352060E+9	+6.264261E-1	-1.785066E-1
+7.352075E+9	+6.273575E-1	-1.801184E-1
+7.352090E+9	+6.282311E-1	-1.815827E-1
+7.352105E+9	+6.287536E-1	-1.830590E-1
+7.352120E+9	+6.296917E-1	-1.846074E-1
+7.352135E+9	+6.301671E-1	-1.857150E-1
+7.352150E+9	+6.308738E-1	-1.873277E-1
+7.352165E+9	+6.316910E-1	-1.888289E-1
+7.352180E+9	+6.325030E-1	-1.903889E-1
+7.352195E+9	+6.331633E-1	-1.919253E-1
+7.352210E+9	+6.336562E-1	-1.934297E-1
+7.352225E+9	+6.341827E-1	-1.950880E-1
+7.352240E+9	+6.348138E-1	-1.966688E-1
+7.352255E+9	+6.357810E-1	-1.980446E-1
+7.352270E+9	+6.363673E-1	-1.994514E-1
+7.352285E+9	+6.371438E-1	-2.008876E-1
+7.352300E+9	+6.379845E-1	-2.024027E-1
+7.352315E+9	+6.386475E-1	-2.039377E-1
+7.352330E+9	+6.389325E-1	-2.056600E-1
+7.352345E+9	+6.395572E-1	-2.067673E-1
+7.352360E+9	+6.402543E-1	-2.082818E-1
+7.352375E+9	+6.410346E-1	-2.098311E-1
+7.352390E+9	+6.414618E-1	-2.112699E-1
+7.352405E+9	+6.420717E-1	-2.126762E-1
+7.352420E+9	+6.426380E-1	-2.143493E-1
+7.352435E+9	+6.433550E-1	-2.156652E-1
+7.352450E+9	+6.439730E-1	-2.170727E-1
+7.352465E+9	+6.446382E-1	-2.184759E-1
+7.352480E+9	+6.453341E-1	-2.201296E-1
+7.352495E+9	+6.457288E-1	-2.214613E-1
+7.352510E+9	+6.464070E-1	-2.229097E-1
+7.352525E+9	+6.469020E-1	-2.242857E-1
+7.352540E+9	+6.472920E-1	-2.258679E-1
+7.352555E+9	+6.477854E-1	-2.272606E-1
+7.352570E+9	+6.483012E-1	-2.283403E-1
+7.352585E+9	+6.489822E-1	-2.299593E-1
+7.352600E+9	+6.491146E-1	-2.312281E-1
+7.352615E+9	+6.497831E-1	-2.326548E-1
+7.352630E+9	+6.502992E-1	-2.341855E-1
+7.352645E+9	+6.506648E-1	-2.356218E-1
+7.352660E+9	+6.512507E-1	-2.371280E-1
+7.352675E+9	+6.518725E-1	-2.388184E-1
+7.352690E+9	+6.522481E-1	-2.402155E-1
+7.352705E+9	+6.528549E-1	-2.414217E-1
+7.352720E+9	+6.530654E-1	-2.426778E-1
+7.352735E+9	+6.539365E-1	-2.440447E-1
+7.352750E+9	+6.547682E-1	-2.456806E-1
+7.352765E+9	+6.549759E-1	-2.469113E-1
+7.352780E+9	+6.551702E-1	-2.484049E-1
+7.352795E+9	+6.553021E-1	-2.499158E-1
+7.352810E+9	+6.557817E-1	-2.514993E-1
+7.352825E+9	+6.563777E-1	-2.524811E-1
+7.352840E+9	+6.568535E-1	-2.539208E-1
+7.352855E+9	+6.574252E-1	-2.554078E-1
+7.352870E+9	+6.579160E-1	-2.568898E-1
+7.352885E+9	+6.581889E-1	-2.582897E-1
+7.352900E+9	+6.582166E-1	-2.593585E-1
+7.352915E+9	+6.586995E-1	-2.609284E-1
+7.352930E+9	+6.591060E-1	-2.621805E-1
+7.352945E+9	+6.597099E-1	-2.635476E-1
+7.352960E+9	+6.601544E-1	-2.649680E-1
+7.352975E+9	+6.603264E-1	-2.666721E-1
+7.352990E+9	+6.608298E-1	-2.680552E-1
+7.353005E+9	+6.611286E-1	-2.692913E-1
+7.353020E+9	+6.616528E-1	-2.707478E-1
+7.353035E+9	+6.617705E-1	-2.719048E-1
+7.353050E+9	+6.622620E-1	-2.732560E-1
+7.353065E+9	+6.626455E-1	-2.746735E-1
+7.353080E+9	+6.626512E-1	-2.755888E-1
+7.353095E+9	+6.629790E-1	-2.772010E-1
+7.353110E+9	+6.633909E-1	-2.787615E-1
+7.353125E+9	+6.641201E-1	-2.799649E-1
+7.353140E+9	+6.641493E-1	-2.812922E-1
+7.353155E+9	+6.641747E-1	-2.825729E-1
+7.353170E+9	+6.644991E-1	-2.837835E-1
+7.353185E+9	+6.649615E-1	-2.852373E-1
+7.353200E+9	+6.652508E-1	-2.867289E-1
+7.353215E+9	+6.656344E-1	-2.881031E-1
+7.353230E+9	+6.656953E-1	-2.892735E-1
+7.353245E+9	+6.662341E-1	-2.904642E-1
+7.353260E+9	+6.665010E-1	-2.917223E-1
+7.353275E+9	+6.667439E-1	-2.929783E-1
+7.353290E+9	+6.669863E-1	-2.945602E-1
+7.353305E+9	+6.673545E-1	-2.957054E-1
+7.353320E+9	+6.673590E-1	-2.970484E-1
+7.353335E+9	+6.674955E-1	-2.983698E-1
+7.353350E+9	+6.675717E-1	-2.996741E-1
+7.353365E+9	+6.680662E-1	-3.009384E-1
+7.353380E+9	+6.682194E-1	-3.019652E-1
+7.353395E+9	+6.684226E-1	-3.034411E-1
+7.353410E+9	+6.687218E-1	-3.048105E-1
+7.353425E+9	+6.690470E-1	-3.063113E-1
+7.353440E+9	+6.690463E-1	-3.074485E-1
+7.353455E+9	+6.694464E-1	-3.084919E-1
+7.353470E+9	+6.694220E-1	-3.099729E-1
+7.353485E+9	+6.693976E-1	-3.112928E-1
+7.353500E+9	+6.698788E-1	-3.133985E-1
+7.353515E+9	+6.699926E-1	-3.144677E-1
+7.353530E+9	+6.701236E-1	-3.156211E-1
+7.353545E+9	+6.703091E-1	-3.171899E-1
+7.353560E+9	+6.701707E-1	-3.186880E-1
+7.353575E+9	+6.703849E-1	-3.194946E-1
+7.353590E+9	+6.704197E-1	-3.210646E-1
+7.353605E+9	+6.705903E-1	-3.222899E-1
+7.353620E+9	+6.707130E-1	-3.235628E-1
+7.353635E+9	+6.708285E-1	-3.249117E-1
+7.353650E+9	+6.708960E-1	-3.262051E-1
+7.353665E+9	+6.706803E-1	-3.276728E-1
+7.353680E+9	+6.710958E-1	-3.287890E-1
+7.353695E+9	+6.712457E-1	-3.302600E-1
+7.353710E+9	+6.712433E-1	-3.318574E-1
+7.353725E+9	+6.706897E-1	-3.338784E-1
+7.353740E+9	+6.710566E-1	-3.351145E-1
+7.353755E+9	+6.711013E-1	-3.358856E-1
+7.353770E+9	+6.709262E-1	-3.376721E-1
+7.353785E+9	+6.709468E-1	-3.388743E-1
+7.353800E+9	+6.708314E-1	-3.402472E-1
+7.353815E+9	+6.712683E-1	-3.415672E-1
+7.353830E+9	+6.717173E-1	-3.427847E-1
+7.353845E+9	+6.713754E-1	-3.439664E-1
+7.353860E+9	+6.717199E-1	-3.447823E-1
+7.353875E+9	+6.715846E-1	-3.459236E-1
+7.353890E+9	+6.717137E-1	-3.472894E-1
+7.353905E+9	+6.721517E-1	-3.487414E-1
+7.353920E+9	+6.718642E-1	-3.499674E-1
+7.353935E+9	+6.718456E-1	-3.511320E-1
+7.353950E+9	+6.721442E-1	-3.522164E-1
+7.353965E+9	+6.724629E-1	-3.535428E-1
+7.353980E+9	+6.724102E-1	-3.546292E-1
+7.353995E+9	+6.725375E-1	-3.556910E-1
+7.354010E+9	+6.725443E-1	-3.568547E-1
+7.354025E+9	+6.721125E-1	-3.579047E-1
+7.354040E+9	+6.723106E-1	-3.590924E-1
+7.354055E+9	+6.726389E-1	-3.604539E-1
+7.354070E+9	+6.727678E-1	-3.615619E-1
+7.354085E+9	+6.724956E-1	-3.620191E-1
+7.354100E+9	+6.721397E-1	-3.633404E-1
+7.354115E+9	+6.726228E-1	-3.648094E-1
+7.354130E+9	+6.730143E-1	-3.662309E-1
+7.354145E+9	+6.725912E-1	-3.675130E-1
+7.354160E+9	+6.727221E-1	-3.686439E-1
+7.354175E+9	+6.730586E-1	-3.691508E-1
+7.354190E+9	+6.729226E-1	-3.703731E-1
+7.354205E+9	+6.728213E-1	-3.715622E-1
+7.354220E+9	+6.725497E-1	-3.729597E-1
+7.354235E+9	+6.726246E-1	-3.734378E-1
+7.354250E+9	+6.733064E-1	-3.749048E-1
+7.354265E+9	+6.732497E-1	-3.759158E-1
+7.354280E+9	+6.729810E-1	-3.769718E-1
+7.354295E+9	+6.729649E-1	-3.780226E-1
+7.354310E+9	+6.730097E-1	-3.793082E-1
+7.354325E+9	+6.727559E-1	-3.806415E-1
+7.354340E+9	+6.728668E-1	-3.815827E-1
+7.354355E+9	+6.727881E-1	-3.826135E-1
+7.354370E+9	+6.726617E-1	-3.839638E-1
+7.354385E+9	+6.730340E-1	-3.849656E-1
+7.354400E+9	+6.733847E-1	-3.860211E-1
+7.354415E+9	+6.731726E-1	-3.873165E-1
+7.354430E+9	+6.728527E-1	-3.885904E-1
+7.354445E+9	+6.727903E-1	-3.892260E-1
+7.354460E+9	+6.731172E-1	-3.902934E-1
+7.354475E+9	+6.730309E-1	-3.916492E-1
+7.354490E+9	+6.732148E-1	-3.925408E-1
+7.354505E+9	+6.731737E-1	-3.937784E-1
+7.354520E+9	+6.726643E-1	-3.948626E-1
+7.354535E+9	+6.730181E-1	-3.957316E-1
+7.354550E+9	+6.726165E-1	-3.966359E-1
+7.354565E+9	+6.725651E-1	-3.978623E-1
+7.354580E+9	+6.725332E-1	-3.990161E-1
+7.354595E+9	+6.727208E-1	-4.003432E-1
+7.354610E+9	+6.727427E-1	-4.014709E-1
+7.354625E+9	+6.722945E-1	-4.024296E-1
+7.354640E+9	+6.726631E-1	-4.034222E-1
+7.354655E+9	+6.727006E-1	-4.036266E-1
+7.354670E+9	+6.722039E-1	-4.048070E-1
+7.354685E+9	+6.726427E-1	-4.062367E-1
+7.354700E+9	+6.721168E-1	-4.070474E-1
+7.354715E+9	+6.721000E-1	-4.082038E-1
+7.354730E+9	+6.723820E-1	-4.089327E-1
+7.354745E+9	+6.723415E-1	-4.101483E-1
+7.354760E+9	+6.720191E-1	-4.114839E-1
+7.354775E+9	+6.715126E-1	-4.120288E-1
+7.354790E+9	+6.716020E-1	-4.132735E-1
+7.354805E+9	+6.717185E-1	-4.141954E-1
+7.354820E+9	+6.713837E-1	-4.151613E-1
+7.354835E+9	+6.713536E-1	-4.164722E-1
+7.354850E+9	+6.712234E-1	-4.171888E-1
+7.354865E+9	+6.713556E-1	-4.179762E-1
+7.354880E+9	+6.719293E-1	-4.193902E-1
+7.354895E+9	+6.714916E-1	-4.201026E-1
+7.354910E+9	+6.710423E-1	-4.210882E-1
+7.354925E+9	+6.710786E-1	-4.227385E-1
+7.354940E+9	+6.708882E-1	-4.239642E-1
+7.354955E+9	+6.709682E-1	-4.240499E-1
+7.354970E+9	+6.703872E-1	-4.251316E-1
+7.354985E+9	+6.701536E-1	-4.260649E-1
+7.355000E+9	+6.705348E-1	-4.273322E-1
+7.355015E+9	+6.701814E-1	-4.284661E-1
+7.355030E+9	+6.698744E-1	-4.293980E-1
+7.355045E+9	+6.700855E-1	-4.300145E-1
+7.355060E+9	+6.702894E-1	-4.310425E-1
+7.355075E+9	+6.704717E-1	-4.323359E-1
+7.355090E+9	+6.700331E-1	-4.330597E-1
+7.355105E+9	+6.696960E-1	-4.337601E-1
+7.355120E+9	+6.696081E-1	-4.349128E-1
+7.355135E+9	+6.694023E-1	-4.358778E-1
+7.355150E+9	+6.693458E-1	-4.369324E-1
+7.355165E+9	+6.696634E-1	-4.376594E-1
+7.355180E+9	+6.695036E-1	-4.386031E-1
+7.355195E+9	+6.694692E-1	-4.395699E-1
+7.355210E+9	+6.690738E-1	-4.401749E-1
+7.355225E+9	+6.686300E-1	-4.419602E-1
+7.355240E+9	+6.686091E-1	-4.422855E-1
+7.355255E+9	+6.689280E-1	-4.431436E-1
+7.355270E+9	+6.692607E-1	-4.443655E-1
+7.355285E+9	+6.689232E-1	-4.452507E-1
+7.355300E+9	+6.682747E-1	-4.461770E-1
+7.355315E+9	+6.675610E-1	-4.471248E-1
+7.355330E+9	+6.678295E-1	-4.482114E-1
+7.355345E+9	+6.681171E-1	-4.490584E-1
+7.355360E+9	+6.679136E-1	-4.496911E-1
+7.355375E+9	+6.673530E-1	-4.504845E-1
+7.355390E+9	+6.675480E-1	-4.516228E-1
+7.355405E+9	+6.672719E-1	-4.525048E-1
+7.355420E+9	+6.667136E-1	-4.536810E-1
+7.355435E+9	+6.663994E-1	-4.544923E-1
+7.355450E+9	+6.669132E-1	-4.550961E-1
+7.355465E+9	+6.669897E-1	-4.560900E-1
+7.355480E+9	+6.668372E-1	-4.568310E-1
+7.355495E+9	+6.665065E-1	-4.578359E-1
+7.355510E+9	+6.663772E-1	-4.588068E-1
+7.355525E+9	+6.663043E-1	-4.599917E-1
+7.355540E+9	+6.656947E-1	-4.606351E-1
+7.355555E+9	+6.654994E-1	-4.612781E-1
+7.355570E+9	+6.655568E-1	-4.621769E-1
+7.355585E+9	+6.654472E-1	-4.631077E-1
+7.355600E+9	+6.655015E-1	-4.641736E-1
+7.355615E+9	+6.653778E-1	-4.649799E-1
+7.355630E+9	+6.649949E-1	-4.658443E-1
+7.355645E+9	+6.647783E-1	-4.665373E-1
+7.355660E+9	+6.644855E-1	-4.673819E-1
+7.355675E+9	+6.646707E-1	-4.681573E-1
+7.355690E+9	+6.642982E-1	-4.690200E-1
+7.355705E+9	+6.636316E-1	-4.701701E-1
+7.355720E+9	+6.639849E-1	-4.709111E-1
+7.355735E+9	+6.635305E-1	-4.716150E-1
+7.355750E+9	+6.632790E-1	-4.724414E-1
+7.355765E+9	+6.627733E-1	-4.731565E-1
+7.355780E+9	+6.629131E-1	-4.739060E-1
+7.355795E+9	+6.628153E-1	-4.751346E-1
+7.355810E+9	+6.625026E-1	-4.761126E-1
+7.355825E+9	+6.623898E-1	-4.776483E-1
+7.355840E+9	+6.622467E-1	-4.779322E-1
+7.355855E+9	+6.619063E-1	-4.784128E-1
+7.355870E+9	+6.615211E-1	-4.792420E-1
+7.355885E+9	+6.617994E-1	-4.800797E-1
+7.355900E+9	+6.617253E-1	-4.813219E-1
+7.355915E+9	+6.611635E-1	-4.820274E-1
+7.355930E+9	+6.610649E-1	-4.827306E-1
+7.355945E+9	+6.612418E-1	-4.836608E-1
+7.355960E+9	+6.611719E-1	-4.842047E-1
+7.355975E+9	+6.603915E-1	-4.848896E-1
+7.355990E+9	+6.599997E-1	-4.860990E-1
+7.356005E+9	+6.609614E-1	-4.869958E-1
+7.356020E+9	+6.607000E-1	-4.877637E-1
+7.356035E+9	+6.599594E-1	-4.886774E-1
+7.356050E+9	+6.594710E-1	-4.893030E-1
+7.356065E+9	+6.588901E-1	-4.901758E-1
+7.356080E+9	+6.587415E-1	-4.909387E-1
+7.356095E+9	+6.587090E-1	-4.915669E-1
+7.356110E+9	+6.586492E-1	-4.921042E-1
+7.356125E+9	+6.589047E-1	-4.935929E-1
+7.356140E+9	+6.588318E-1	-4.942820E-1
+7.356155E+9	+6.580815E-1	-4.946098E-1
+7.356170E+9	+6.579481E-1	-4.957409E-1
+7.356185E+9	+6.574936E-1	-4.967501E-1
+7.356200E+9	+6.574504E-1	-4.972810E-1
+7.356215E+9	+6.576006E-1	-4.980799E-1
+7.356230E+9	+6.571267E-1	-4.987951E-1
+7.356245E+9	+6.570909E-1	-4.994215E-1
+7.356260E+9	+6.568369E-1	-5.005560E-1
+7.356275E+9	+6.567108E-1	-5.015242E-1
+7.356290E+9	+6.566216E-1	-5.022459E-1
+7.356305E+9	+6.561049E-1	-5.028784E-1
+7.356320E+9	+6.557675E-1	-5.035431E-1
+7.356335E+9	+6.553276E-1	-5.043836E-1
+7.356350E+9	+6.552441E-1	-5.051207E-1
+7.356365E+9	+6.551430E-1	-5.060165E-1
+7.356380E+9	+6.552819E-1	-5.065444E-1
+7.356395E+9	+6.548008E-1	-5.074614E-1
+7.356410E+9	+6.546825E-1	-5.086088E-1
+7.356425E+9	+6.543085E-1	-5.091037E-1
+7.356440E+9	+6.541229E-1	-5.096421E-1
+7.356455E+9	+6.538412E-1	-5.101482E-1
+7.356470E+9	+6.535527E-1	-5.109768E-1
+7.356485E+9	+6.535067E-1	-5.117673E-1
+7.356500E+9	+6.532273E-1	-5.129140E-1
+7.356515E+9	+6.531743E-1	-5.134707E-1
+7.356530E+9	+6.530476E-1	-5.143999E-1
+7.356545E+9	+6.527543E-1	-5.151454E-1
+7.356560E+9	+6.524827E-1	-5.152339E-1
+7.356575E+9	+6.527995E-1	-5.163004E-1
+7.356590E+9	+6.523418E-1	-5.167422E-1
+7.356605E+9	+6.518766E-1	-5.172950E-1
+7.356620E+9	+6.515318E-1	-5.181048E-1
+7.356635E+9	+6.513192E-1	-5.190457E-1
+7.356650E+9	+6.506563E-1	-5.198143E-1
+7.356665E+9	+6.506041E-1	-5.208399E-1
+7.356680E+9	+6.501350E-1	-5.214628E-1
+7.356695E+9	+6.503366E-1	-5.223012E-1
+7.356710E+9	+6.499972E-1	-5.230572E-1
+7.356725E+9	+6.494833E-1	-5.239490E-1
+7.356740E+9	+6.493251E-1	-5.247126E-1
+7.356755E+9	+6.492001E-1	-5.245767E-1
+7.356770E+9	+6.489851E-1	-5.251029E-1
+7.356785E+9	+6.488739E-1	-5.263929E-1
+7.356800E+9	+6.485931E-1	-5.277889E-1
+7.356815E+9	+6.484334E-1	-5.283724E-1
+7.356830E+9	+6.480851E-1	-5.285004E-1
+7.356845E+9	+6.473342E-1	-5.292978E-1
+7.356860E+9	+6.472262E-1	-5.297454E-1
+7.356875E+9	+6.469675E-1	-5.306073E-1
+7.356890E+9	+6.470966E-1	-5.315439E-1
+7.356905E+9	+6.470627E-1	-5.321560E-1
+7.356920E+9	+6.466199E-1	-5.331306E-1
+7.356935E+9	+6.460972E-1	-5.331803E-1
+7.356950E+9	+6.460077E-1	-5.341632E-1
+7.356965E+9	+6.456286E-1	-5.344435E-1
+7.356980E+9	+6.451498E-1	-5.349980E-1
+7.356995E+9	+6.455297E-1	-5.363360E-1
+7.357010E+9	+6.450722E-1	-5.369736E-1
+7.357025E+9	+6.446522E-1	-5.380128E-1
+7.357040E+9	+6.444242E-1	-5.384850E-1
+7.357055E+9	+6.442589E-1	-5.393294E-1
+7.357070E+9	+6.442042E-1	-5.398860E-1
+7.357085E+9	+6.438615E-1	-5.404447E-1
+7.357100E+9	+6.434090E-1	-5.411325E-1
+7.357115E+9	+6.435255E-1	-5.416540E-1
+7.357130E+9	+6.430126E-1	-5.416181E-1
+7.357145E+9	+6.426681E-1	-5.423357E-1
+7.357160E+9	+6.427593E-1	-5.436619E-1
+7.357175E+9	+6.421452E-1	-5.448272E-1
+7.357190E+9	+6.422913E-1	-5.445656E-1
+7.357205E+9	+6.425546E-1	-5.453957E-1
+7.357220E+9	+6.420408E-1	-5.466633E-1
+7.357235E+9	+6.410118E-1	-5.468511E-1
+7.357250E+9	+6.406241E-1	-5.471866E-1
+7.357265E+9	+6.406841E-1	-5.477078E-1
+7.357280E+9	+6.402873E-1	-5.484821E-1
+7.357295E+9	+6.399723E-1	-5.492577E-1
+7.357310E+9	+6.403191E-1	-5.504862E-1
+7.357325E+9	+6.399657E-1	-5.510349E-1
+7.357340E+9	+6.401225E-1	-5.516457E-1
+7.357355E+9	+6.397257E-1	-5.519814E-1
+7.357370E+9	+6.387984E-1	-5.530429E-1
+7.357385E+9	+6.386025E-1	-5.537960E-1
+7.357400E+9	+6.384093E-1	-5.545366E-1
+7.357415E+9	+6.382618E-1	-5.551880E-1
+7.357430E+9	+6.376192E-1	-5.556135E-1
+7.357445E+9	+6.375242E-1	-5.561874E-1
+7.357460E+9	+6.370563E-1	-5.563833E-1
+7.357475E+9	+6.369676E-1	-5.565077E-1
+7.357490E+9	+6.365912E-1	-5.573626E-1
+7.357505E+9	+6.366957E-1	-5.587826E-1
+7.357520E+9	+6.366567E-1	-5.596062E-1
+7.357535E+9	+6.362919E-1	-5.593189E-1
+7.357550E+9	+6.354800E-1	-5.607189E-1
+7.357565E+9	+6.350326E-1	-5.607425E-1
+7.357580E+9	+6.346471E-1	-5.610349E-1
+7.357595E+9	+6.348275E-1	-5.623452E-1
+7.357610E+9	+6.346758E-1	-5.628304E-1
+7.357625E+9	+6.347989E-1	-5.641733E-1
+7.357640E+9	+6.343558E-1	-5.645935E-1
+7.357655E+9	+6.335476E-1	-5.649188E-1
+7.357670E+9	+6.330423E-1	-5.653248E-1
+7.357685E+9	+6.327365E-1	-5.657195E-1
+7.357700E+9	+6.332365E-1	-5.658187E-1
+7.357715E+9	+6.328334E-1	-5.667530E-1
+7.357730E+9	+6.328775E-1	-5.677964E-1
+7.357745E+9	+6.327513E-1	-5.685574E-1
+7.357760E+9	+6.324913E-1	-5.690488E-1
+7.357775E+9	+6.316655E-1	-5.694725E-1
+7.357790E+9	+6.315130E-1	-5.698852E-1
+7.357805E+9	+6.313429E-1	-5.703812E-1
+7.357820E+9	+6.305519E-1	-5.713889E-1
+7.357835E+9	+6.305377E-1	-5.720802E-1
+7.357850E+9	+6.303129E-1	-5.721561E-1
+7.357865E+9	+6.302396E-1	-5.726063E-1
+7.357880E+9	+6.292954E-1	-5.737076E-1
+7.357895E+9	+6.290373E-1	-5.736495E-1
+7.357910E+9	+6.293378E-1	-5.746326E-1
+7.357925E+9	+6.284761E-1	-5.756785E-1
+7.357940E+9	+6.283046E-1	-5.760962E-1
+7.357955E+9	+6.285974E-1	-5.768276E-1
+7.357970E+9	+6.281221E-1	-5.772232E-1
+7.357985E+9	+6.278519E-1	-5.775406E-1
+7.358000E+9	+6.275502E-1	-5.785008E-1
+7.358015E+9	+6.277197E-1	-5.794123E-1
+7.358030E+9	+6.271708E-1	-5.799163E-1
+7.358045E+9	+6.274751E-1	-5.800784E-1
+7.358060E+9	+6.271196E-1	-5.804318E-1
+7.358075E+9	+6.263489E-1	-5.811006E-1
+7.358090E+9	+6.260875E-1	-5.815600E-1
+7.358105E+9	+6.258919E-1	-5.822045E-1
+7.358120E+9	+6.255141E-1	-5.824388E-1
+7.358135E+9	+6.250084E-1	-5.834664E-1
+7.358150E+9	+6.243758E-1	-5.836986E-1
+7.358165E+9	+6.241767E-1	-5.841193E-1
+7.358180E+9	+6.244041E-1	-5.854700E-1
+7.358195E+9	+6.239171E-1	-5.859045E-1
+7.358210E+9	+6.236561E-1	-5.863051E-1
+7.358225E+9	+6.237217E-1	-5.868720E-1
+7.358240E+9	+6.228980E-1	-5.872840E-1
+7.358255E+9	+6.224331E-1	-5.881247E-1
+7.358270E+9	+6.225834E-1	-5.881403E-1
+7.358285E+9	+6.227269E-1	-5.886654E-1
+7.358300E+9	+6.219185E-1	-5.897131E-1
+7.358315E+9	+6.217050E-1	-5.903311E-1
+7.358330E+9	+6.214515E-1	-5.910588E-1
+7.358345E+9	+6.206080E-1	-5.916432E-1
+7.358360E+9	+6.204645E-1	-5.915313E-1
+7.358375E+9	+6.204350E-1	-5.923327E-1
+7.358390E+9	+6.201529E-1	-5.928484E-1
+7.358405E+9	+6.202030E-1	-5.932458E-1
+7.358420E+9	+6.198972E-1	-5.939814E-1
+7.358435E+9	+6.194274E-1	-5.943501E-1
+7.358450E+9	+6.193169E-1	-5.956463E-1
+7.358465E+9	+6.188925E-1	-5.958558E-1
+7.358480E+9	+6.185253E-1	-5.960894E-1
+7.358495E+9	+6.182164E-1	-5.966058E-1
+7.358510E+9	+6.178205E-1	-5.968463E-1
+7.358525E+9	+6.179060E-1	-5.974310E-1
+7.358540E+9	+6.178602E-1	-5.986904E-1
+7.358555E+9	+6.174183E-1	-5.989835E-1
+7.358570E+9	+6.172074E-1	-5.995482E-1
+7.358585E+9	+6.165696E-1	-5.998060E-1
+7.358600E+9	+6.159367E-1	-6.003872E-1
+7.358615E+9	+6.156986E-1	-6.012819E-1
+7.358630E+9	+6.158947E-1	-6.017896E-1
+7.358645E+9	+6.154210E-1	-6.017444E-1
+7.358660E+9	+6.148388E-1	-6.022345E-1
+7.358675E+9	+6.145750E-1	-6.031841E-1
+7.358690E+9	+6.142019E-1	-6.037182E-1
+7.358705E+9	+6.141450E-1	-6.040977E-1
+7.358720E+9	+6.140069E-1	-6.043080E-1
+7.358735E+9	+6.140525E-1	-6.049301E-1
+7.358750E+9	+6.139142E-1	-6.058564E-1
+7.358765E+9	+6.135048E-1	-6.067726E-1
+7.358780E+9	+6.126995E-1	-6.067954E-1
+7.358795E+9	+6.119266E-1	-6.074496E-1
+7.358810E+9	+6.114595E-1	-6.072193E-1
+7.358825E+9	+6.119524E-1	-6.077954E-1
+7.358840E+9	+6.116958E-1	-6.087144E-1
+7.358855E+9	+6.110525E-1	-6.099633E-1
+7.358870E+9	+6.112429E-1	-6.098707E-1
+7.358885E+9	+6.112487E-1	-6.100068E-1
+7.358900E+9	+6.109545E-1	-6.104781E-1
+7.358915E+9	+6.105430E-1	-6.110384E-1
+7.358930E+9	+6.094898E-1	-6.116085E-1
+7.358945E+9	+6.095945E-1	-6.121324E-1
+7.358960E+9	+6.101049E-1	-6.127900E-1
+7.358975E+9	+6.097666E-1	-6.131014E-1
+7.358990E+9	+6.094929E-1	-6.139631E-1
+7.359005E+9	+6.089616E-1	-6.144524E-1
+7.359020E+9	+6.080777E-1	-6.149545E-1
+7.359035E+9	+6.076838E-1	-6.149890E-1
+7.359050E+9	+6.079713E-1	-6.154563E-1
+7.359065E+9	+6.073659E-1	-6.159034E-1
+7.359080E+9	+6.075377E-1	-6.164577E-1
+7.359095E+9	+6.069166E-1	-6.173544E-1
+7.359110E+9	+6.063587E-1	-6.178418E-1
+7.359125E+9	+6.060320E-1	-6.185241E-1
+7.359140E+9	+6.059733E-1	-6.184430E-1
+7.359155E+9	+6.058513E-1	-6.184363E-1
+7.359170E+9	+6.050688E-1	-6.185309E-1
+7.359185E+9	+6.055119E-1	-6.192290E-1
+7.359200E+9	+6.043455E-1	-6.208739E-1
+7.359215E+9	+6.047738E-1	-6.208502E-1
+7.359230E+9	+6.045058E-1	-6.215931E-1
+7.359245E+9	+6.045813E-1	-6.214953E-1
+7.359260E+9	+6.040634E-1	-6.224851E-1
+7.359275E+9	+6.035265E-1	-6.233178E-1
+7.359290E+9	+6.034467E-1	-6.236716E-1
+7.359305E+9	+6.026787E-1	-6.243866E-1
+7.359320E+9	+6.024260E-1	-6.242121E-1
+7.359335E+9	+6.018203E-1	-6.244259E-1
+7.359350E+9	+6.021193E-1	-6.249739E-1
+7.359365E+9	+6.018991E-1	-6.254710E-1
+7.359380E+9	+6.010193E-1	-6.263194E-1
+7.359395E+9	+6.006260E-1	-6.264282E-1
+7.359410E+9	+6.004777E-1	-6.271183E-1
+7.359425E+9	+6.003454E-1	-6.281561E-1
+7.359440E+9	+5.997943E-1	-6.279527E-1
+7.359455E+9	+5.995884E-1	-6.285396E-1
+7.359470E+9	+5.992168E-1	-6.289080E-1
+7.359485E+9	+5.992239E-1	-6.294272E-1
+7.359500E+9	+5.988370E-1	-6.300814E-1
+7.359515E+9	+5.979743E-1	-6.309312E-1
+7.359530E+9	+5.974184E-1	-6.317561E-1
+7.359545E+9	+5.972084E-1	-6.316768E-1
+7.359560E+9	+5.982479E-1	-6.319535E-1
+7.359575E+9	+5.972127E-1	-6.326586E-1
+7.359590E+9	+5.968554E-1	-6.325384E-1
+7.359605E+9	+5.968093E-1	-6.330755E-1
+7.359620E+9	+5.961701E-1	-6.330720E-1
+7.359635E+9	+5.957733E-1	-6.342986E-1
+7.359650E+9	+5.962352E-1	-6.354034E-1
+7.359665E+9	+5.959714E-1	-6.355701E-1
+7.359680E+9	+5.952794E-1	-6.358905E-1
+7.359695E+9	+5.950779E-1	-6.358111E-1
+7.359710E+9	+5.946058E-1	-6.361179E-1
+7.359725E+9	+5.944685E-1	-6.365445E-1
+7.359740E+9	+5.940506E-1	-6.371305E-1
+7.359755E+9	+5.939022E-1	-6.378550E-1
+7.359770E+9	+5.939456E-1	-6.380977E-1
+7.359785E+9	+5.934032E-1	-6.381875E-1
+7.359800E+9	+5.924210E-1	-6.388560E-1
+7.359815E+9	+5.925751E-1	-6.390262E-1
+7.359830E+9	+5.922876E-1	-6.393343E-1
+7.359845E+9	+5.924301E-1	-6.403313E-1
+7.359860E+9	+5.920470E-1	-6.406443E-1
+7.359875E+9	+5.923297E-1	-6.415826E-1
+7.359890E+9	+5.914016E-1	-6.421213E-1
+7.359905E+9	+5.904607E-1	-6.414532E-1
+7.359920E+9	+5.908063E-1	-6.415397E-1
+7.359935E+9	+5.909066E-1	-6.424719E-1
+7.359950E+9	+5.901699E-1	-6.437578E-1
+7.359965E+9	+5.894552E-1	-6.438248E-1
+7.359980E+9	+5.894276E-1	-6.438767E-1
+7.359995E+9	+5.889169E-1	-6.443803E-1
+7.360010E+9	+5.886812E-1	-6.445293E-1
+7.360025E+9	+5.890035E-1	-6.456856E-1
+7.360040E+9	+5.885846E-1	-6.459982E-1
+7.360055E+9	+5.879257E-1	-6.458186E-1
+7.360070E+9	+5.873833E-1	-6.462142E-1
+7.360085E+9	+5.870869E-1	-6.468162E-1
+7.360100E+9	+5.869540E-1	-6.474830E-1
+7.360115E+9	+5.863260E-1	-6.477717E-1
+7.360130E+9	+5.858838E-1	-6.482900E-1
+7.360145E+9	+5.860606E-1	-6.483740E-1
+7.360160E+9	+5.858890E-1	-6.490688E-1
+7.360175E+9	+5.858883E-1	-6.490438E-1
+7.360190E+9	+5.853090E-1	-6.499738E-1
+7.360205E+9	+5.846812E-1	-6.501390E-1
+7.360220E+9	+5.847324E-1	-6.502890E-1
+7.360235E+9	+5.840703E-1	-6.509886E-1
+7.360250E+9	+5.842366E-1	-6.512416E-1
+7.360265E+9	+5.839512E-1	-6.520080E-1
+7.360280E+9	+5.835348E-1	-6.525420E-1
+7.360295E+9	+5.828556E-1	-6.524714E-1
+7.360310E+9	+5.827182E-1	-6.531221E-1
+7.360325E+9	+5.818823E-1	-6.543229E-1
+7.360340E+9	+5.814999E-1	-6.547573E-1
+7.360355E+9	+5.814777E-1	-6.548890E-1
+7.360370E+9	+5.812105E-1	-6.548370E-1
+7.360385E+9	+5.814770E-1	-6.552010E-1
+7.360400E+9	+5.808388E-1	-6.554913E-1
+7.360415E+9	+5.808042E-1	-6.559435E-1
+7.360430E+9	+5.802675E-1	-6.566570E-1
+7.360445E+9	+5.800007E-1	-6.568536E-1
+7.360460E+9	+5.796077E-1	-6.568783E-1
+7.360475E+9	+5.799478E-1	-6.566897E-1
+7.360490E+9	+5.797343E-1	-6.575204E-1
+7.360505E+9	+5.791127E-1	-6.582914E-1
+7.360520E+9	+5.789970E-1	-6.586848E-1
+7.360535E+9	+5.787617E-1	-6.598833E-1
+7.360550E+9	+5.783485E-1	-6.601409E-1
+7.360565E+9	+5.778505E-1	-6.603062E-1
+7.360580E+9	+5.774268E-1	-6.606000E-1
+7.360595E+9	+5.770240E-1	-6.608931E-1
+7.360610E+9	+5.764389E-1	-6.613452E-1
+7.360625E+9	+5.765434E-1	-6.618388E-1
+7.360640E+9	+5.763290E-1	-6.621650E-1
+7.360655E+9	+5.762345E-1	-6.624135E-1
+7.360670E+9	+5.760692E-1	-6.623972E-1
+7.360685E+9	+5.755286E-1	-6.631072E-1
+7.360700E+9	+5.750030E-1	-6.640679E-1
+7.360715E+9	+5.748313E-1	-6.648187E-1
+7.360730E+9	+5.746240E-1	-6.648428E-1
+7.360745E+9	+5.743018E-1	-6.652838E-1
+7.360760E+9	+5.739715E-1	-6.649532E-1
+7.360775E+9	+5.738310E-1	-6.656356E-1
+7.360790E+9	+5.734233E-1	-6.658312E-1
+7.360805E+9	+5.726691E-1	-6.667769E-1
+7.360820E+9	+5.725134E-1	-6.666224E-1
+7.360835E+9	+5.724762E-1	-6.664653E-1
+7.360850E+9	+5.725031E-1	-6.666379E-1
+7.360865E+9	+5.721491E-1	-6.671707E-1
+7.360880E+9	+5.715041E-1	-6.676658E-1
+7.360895E+9	+5.712540E-1	-6.688568E-1
+7.360910E+9	+5.709493E-1	-6.692717E-1
+7.360925E+9	+5.718869E-1	-6.691737E-1
+7.360940E+9	+5.709273E-1	-6.693021E-1
+7.360955E+9	+5.702020E-1	-6.698474E-1
+7.360970E+9	+5.703985E-1	-6.702970E-1
+7.360985E+9	+5.693659E-1	-6.710534E-1
+7.361000E+9	+5.691530E-1	-6.718880E-1
+7.361015E+9	+5.686206E-1	-6.720604E-1
+7.361030E+9	+5.685345E-1	-6.719034E-1
+7.361045E+9	+5.683660E-1	-6.724218E-1
+7.361060E+9	+5.691887E-1	-6.736403E-1
+7.361075E+9	+5.682234E-1	-6.736677E-1
+7.361090E+9	+5.679652E-1	-6.731899E-1
+7.361105E+9	+5.677238E-1	-6.735253E-1
+7.361120E+9	+5.670795E-1	-6.737368E-1
+7.361135E+9	+5.670298E-1	-6.744036E-1
+7.361150E+9	+5.663926E-1	-6.746601E-1
+7.361165E+9	+5.666859E-1	-6.755827E-1
+7.361180E+9	+5.662289E-1	-6.759502E-1
+7.361195E+9	+5.659618E-1	-6.763813E-1
+7.361210E+9	+5.651647E-1	-6.767879E-1
+7.361225E+9	+5.646171E-1	-6.762324E-1
+7.361240E+9	+5.643430E-1	-6.766168E-1
+7.361255E+9	+5.641477E-1	-6.778429E-1
+7.361270E+9	+5.638991E-1	-6.779064E-1
+7.361285E+9	+5.633932E-1	-6.784274E-1
+7.361300E+9	+5.638861E-1	-6.787479E-1
+7.361315E+9	+5.638788E-1	-6.791351E-1
+7.361330E+9	+5.627518E-1	-6.793376E-1
+7.361345E+9	+5.622805E-1	-6.800625E-1
+7.361360E+9	+5.620097E-1	-6.799472E-1
+7.361375E+9	+5.618925E-1	-6.805005E-1
+7.361390E+9	+5.618796E-1	-6.808064E-1
+7.361405E+9	+5.613888E-1	-6.811151E-1
+7.361420E+9	+5.610091E-1	-6.813679E-1
+7.361435E+9	+5.609653E-1	-6.814390E-1
+7.361450E+9	+5.603689E-1	-6.823024E-1
+7.361465E+9	+5.604642E-1	-6.822947E-1
+7.361480E+9	+5.598361E-1	-6.827004E-1
+7.361495E+9	+5.593666E-1	-6.830527E-1
+7.361510E+9	+5.593728E-1	-6.836417E-1
+7.361525E+9	+5.591836E-1	-6.839515E-1
+7.361540E+9	+5.590745E-1	-6.842661E-1
+7.361555E+9	+5.586053E-1	-6.844272E-1
+7.361570E+9	+5.588528E-1	-6.846019E-1
+7.361585E+9	+5.581246E-1	-6.853489E-1
+7.361600E+9	+5.575532E-1	-6.859939E-1
+7.361615E+9	+5.572551E-1	-6.861282E-1
+7.361630E+9	+5.570141E-1	-6.860838E-1
+7.361645E+9	+5.569757E-1	-6.868182E-1
+7.361660E+9	+5.573630E-1	-6.869818E-1
+7.361675E+9	+5.562263E-1	-6.874613E-1
+7.361690E+9	+5.559550E-1	-6.879881E-1
+7.361705E+9	+5.559185E-1	-6.883601E-1
+7.361720E+9	+5.554786E-1	-6.883701E-1
+7.361735E+9	+5.550051E-1	-6.887604E-1
+7.361750E+9	+5.547776E-1	-6.886959E-1
+7.361765E+9	+5.549199E-1	-6.893496E-1
+7.361780E+9	+5.541623E-1	-6.896412E-1
+7.361795E+9	+5.537671E-1	-6.894268E-1
+7.361810E+9	+5.532324E-1	-6.903891E-1
+7.361825E+9	+5.536496E-1	-6.913296E-1
+7.361840E+9	+5.532746E-1	-6.911834E-1
+7.361855E+9	+5.530871E-1	-6.912025E-1
+7.361870E+9	+5.527577E-1	-6.915210E-1
+7.361885E+9	+5.523604E-1	-6.919587E-1
+7.361900E+9	+5.511972E-1	-6.921293E-1
+7.361915E+9	+5.517691E-1	-6.928023E-1
+7.361930E+9	+5.511364E-1	-6.934076E-1
+7.361945E+9	+5.503608E-1	-6.934908E-1
+7.361960E+9	+5.509783E-1	-6.931285E-1
+7.361975E+9	+5.501287E-1	-6.935699E-1
+7.361990E+9	+5.497759E-1	-6.939191E-1
+7.362005E+9	+5.490836E-1	-6.946626E-1
+7.362020E+9	+5.492575E-1	-6.952455E-1
+7.362035E+9	+5.502484E-1	-6.956841E-1
+7.362050E+9	+5.495924E-1	-6.955707E-1
+7.362065E+9	+5.492891E-1	-6.961351E-1
+7.362080E+9	+5.493679E-1	-6.962294E-1
+7.362095E+9	+5.487024E-1	-6.965511E-1
+7.362110E+9	+5.476332E-1	-6.967263E-1
+7.362125E+9	+5.478426E-1	-6.972297E-1
+7.362140E+9	+5.477823E-1	-6.978140E-1
+7.362155E+9	+5.469935E-1	-6.978609E-1
+7.362170E+9	+5.471654E-1	-6.979249E-1
+7.362185E+9	+5.472197E-1	-6.982242E-1
+7.362200E+9	+5.462056E-1	-6.996540E-1
+7.362215E+9	+5.459189E-1	-7.000149E-1
+7.362230E+9	+5.457957E-1	-6.988911E-1
+7.362245E+9	+5.448664E-1	-6.994337E-1
+7.362260E+9	+5.443118E-1	-7.005262E-1
+7.362275E+9	+5.443806E-1	-7.010426E-1
+7.362290E+9	+5.441054E-1	-7.007940E-1
+7.362305E+9	+5.443572E-1	-7.009094E-1
+7.362320E+9	+5.434215E-1	-7.012377E-1
+7.362335E+9	+5.432521E-1	-7.008008E-1
+7.362350E+9	+5.434314E-1	-7.018909E-1
+7.362365E+9	+5.428837E-1	-7.021013E-1
+7.362380E+9	+5.426008E-1	-7.021027E-1
+7.362395E+9	+5.428275E-1	-7.022466E-1
+7.362410E+9	+5.429042E-1	-7.028505E-1
+7.362425E+9	+5.419152E-1	-7.033298E-1
+7.362440E+9	+5.413000E-1	-7.039992E-1
+7.362455E+9	+5.410169E-1	-7.047827E-1
+7.362470E+9	+5.404373E-1	-7.049683E-1
+7.362485E+9	+5.399532E-1	-7.047585E-1
+7.362500E+9	+5.402941E-1	-7.039333E-1
+7.362515E+9	+5.399153E-1	-7.049314E-1
+7.362530E+9	+5.399021E-1	-7.061555E-1
+7.362545E+9	+5.386627E-1	-7.063893E-1
+7.362560E+9	+5.389980E-1	-7.062596E-1
+7.362575E+9	+5.395975E-1	-7.060578E-1
+7.362590E+9	+5.384533E-1	-7.067286E-1
+7.362605E+9	+5.377366E-1	-7.073130E-1
+7.362620E+9	+5.380580E-1	-7.067167E-1
+7.362635E+9	+5.377118E-1	-7.072712E-1
+7.362650E+9	+5.373522E-1	-7.084030E-1
+7.362665E+9	+5.371217E-1	-7.080623E-1
+7.362680E+9	+5.371058E-1	-7.088197E-1
+7.362695E+9	+5.366182E-1	-7.082622E-1
+7.362710E+9	+5.362500E-1	-7.095204E-1
+7.362725E+9	+5.361339E-1	-7.094238E-1
+7.362740E+9	+5.354717E-1	-7.095383E-1
+7.362755E+9	+5.353120E-1	-7.100843E-1
+7.362770E+9	+5.345837E-1	-7.107517E-1
+7.362785E+9	+5.349810E-1	-7.110348E-1
+7.362800E+9	+5.346805E-1	-7.112521E-1
+7.362815E+9	+5.345738E-1	-7.111970E-1
+7.362830E+9	+5.341815E-1	-7.110800E-1
+7.362845E+9	+5.341816E-1	-7.112277E-1
+7.362860E+9	+5.336441E-1	-7.118342E-1
+7.362875E+9	+5.335846E-1	-7.124677E-1
+7.362890E+9	+5.326523E-1	-7.132333E-1
+7.362905E+9	+5.322183E-1	-7.128305E-1
+7.362920E+9	+5.319639E-1	-7.128509E-1
+7.362935E+9	+5.317328E-1	-7.134364E-1
+7.362950E+9	+5.313189E-1	-7.141527E-1
+7.362965E+9	+5.315264E-1	-7.139822E-1
+7.362980E+9	+5.306992E-1	-7.144549E-1
+7.362995E+9	+5.307389E-1	-7.142335E-1
+7.363010E+9	+5.303855E-1	-7.148273E-1
+7.363025E+9	+5.301095E-1	-7.155352E-1
+7.363040E+9	+5.302807E-1	-7.163011E-1
+7.363055E+9	+5.305071E-1	-7.166448E-1
+7.363070E+9	+5.302310E-1	-7.165712E-1
+7.363085E+9	+5.292155E-1	-7.173143E-1
+7.363100E+9	+5.278529E-1	-7.161477E-1
+7.363115E+9	+5.279839E-1	-7.168710E-1
+7.363130E+9	+5.275423E-1	-7.175658E-1
+7.363145E+9	+5.274748E-1	-7.179826E-1
+7.363160E+9	+5.275172E-1	-7.182090E-1
+7.363175E+9	+5.275734E-1	-7.191340E-1
+7.363190E+9	+5.271414E-1	-7.192814E-1
+7.363205E+9	+5.270735E-1	-7.184324E-1
+7.363220E+9	+5.275648E-1	-7.190634E-1
+7.363235E+9	+5.267003E-1	-7.198021E-1
+7.363250E+9	+5.259028E-1	-7.201220E-1
+7.363265E+9	+5.256609E-1	-7.199759E-1
+7.363280E+9	+5.251843E-1	-7.202605E-1
+7.363295E+9	+5.249127E-1	-7.209546E-1
+7.363310E+9	+5.243981E-1	-7.216511E-1
+7.363325E+9	+5.251517E-1	-7.209896E-1
+7.363340E+9	+5.246558E-1	-7.206753E-1
+7.363355E+9	+5.236673E-1	-7.213375E-1
+7.363370E+9	+5.239040E-1	-7.215858E-1
+7.363385E+9	+5.231649E-1	-7.227883E-1
+7.363400E+9	+5.230127E-1	-7.226274E-1
+7.363415E+9	+5.227737E-1	-7.226689E-1
+7.363430E+9	+5.227933E-1	-7.233124E-1
+7.363445E+9	+5.222070E-1	-7.232360E-1
+7.363460E+9	+5.218874E-1	-7.232596E-1
+7.363475E+9	+5.226119E-1	-7.234059E-1
+7.363490E+9	+5.218444E-1	-7.247244E-1
+7.363505E+9	+5.215076E-1	-7.249418E-1
+7.363520E+9	+5.211324E-1	-7.248469E-1
+7.363535E+9	+5.208007E-1	-7.247318E-1
+7.363550E+9	+5.202397E-1	-7.256550E-1
+7.363565E+9	+5.202298E-1	-7.257540E-1
+7.363580E+9	+5.195538E-1	-7.262270E-1
+7.363595E+9	+5.193770E-1	-7.263538E-1
+7.363610E+9	+5.192670E-1	-7.266128E-1
+7.363625E+9	+5.185357E-1	-7.261718E-1
+7.363640E+9	+5.185569E-1	-7.266593E-1
+7.363655E+9	+5.183521E-1	-7.273253E-1
+7.363670E+9	+5.179163E-1	-7.273312E-1
+7.363685E+9	+5.175959E-1	-7.275456E-1
+7.363700E+9	+5.170302E-1	-7.280609E-1
+7.363715E+9	+5.168236E-1	-7.284150E-1
+7.363730E+9	+5.163755E-1	-7.286331E-1
+7.363745E+9	+5.162981E-1	-7.284997E-1
+7.363760E+9	+5.155078E-1	-7.289018E-1
+7.363775E+9	+5.157535E-1	-7.289712E-1
+7.363790E+9	+5.156613E-1	-7.298319E-1
+7.363805E+9	+5.154110E-1	-7.301525E-1
+7.363820E+9	+5.152286E-1	-7.302929E-1
+7.363835E+9	+5.148171E-1	-7.303264E-1
+7.363850E+9	+5.141854E-1	-7.306232E-1
+7.363865E+9	+5.142559E-1	-7.305462E-1
+7.363880E+9	+5.139368E-1	-7.310198E-1
+7.363895E+9	+5.139398E-1	-7.307426E-1
+7.363910E+9	+5.133719E-1	-7.315609E-1
+7.363925E+9	+5.124692E-1	-7.324386E-1
+7.363940E+9	+5.125706E-1	-7.323785E-1
+7.363955E+9	+5.122933E-1	-7.323217E-1
+7.363970E+9	+5.116894E-1	-7.334190E-1
+7.363985E+9	+5.119557E-1	-7.335330E-1
+7.364000E+9	+5.107187E-1	-7.329573E-1
+7.364015E+9	+5.117675E-1	-7.338832E-1
+7.364030E+9	+5.114834E-1	-7.342502E-1
+7.364045E+9	+5.109699E-1	-7.341065E-1
+7.364060E+9	+5.107705E-1	-7.339400E-1
+7.364075E+9	+5.103239E-1	-7.347367E-1
+7.364090E+9	+5.102825E-1	-7.354109E-1
+7.364105E+9	+5.095168E-1	-7.351602E-1
+7.364120E+9	+5.095747E-1	-7.349264E-1
+7.364135E+9	+5.090114E-1	-7.354408E-1
+7.364150E+9	+5.079464E-1	-7.356929E-1
+7.364165E+9	+5.086734E-1	-7.363512E-1
+7.364180E+9	+5.087646E-1	-7.363786E-1
+7.364195E+9	+5.076166E-1	-7.369068E-1
+7.364210E+9	+5.078771E-1	-7.367898E-1
+7.364225E+9	+5.072448E-1	-7.370810E-1
+7.364240E+9	+5.072824E-1	-7.380903E-1
+7.364255E+9	+5.075058E-1	-7.381932E-1
+7.364270E+9	+5.069520E-1	-7.380881E-1
+7.364285E+9	+5.063365E-1	-7.383345E-1
+7.364300E+9	+5.062721E-1	-7.380146E-1
+7.364315E+9	+5.059385E-1	-7.387941E-1
+7.364330E+9	+5.057831E-1	-7.389604E-1
+7.364345E+9	+5.055339E-1	-7.388714E-1
+7.364360E+9	+5.050311E-1	-7.388392E-1
+7.364375E+9	+5.046980E-1	-7.396284E-1
+7.364390E+9	+5.049066E-1	-7.396182E-1
+7.364405E+9	+5.046017E-1	-7.396211E-1
+7.364420E+9	+5.043569E-1	-7.401545E-1
+7.364435E+9	+5.036657E-1	-7.411633E-1
+7.364450E+9	+5.027505E-1	-7.421495E-1
+7.364465E+9	+5.027659E-1	-7.409181E-1
+7.364480E+9	+5.031429E-1	-7.404875E-1
+7.364495E+9	+5.025869E-1	-7.409188E-1
+7.364510E+9	+5.021984E-1	-7.410735E-1
+7.364525E+9	+5.016801E-1	-7.418788E-1
+7.364540E+9	+5.012351E-1	-7.418708E-1
+7.364555E+9	+5.008309E-1	-7.418857E-1
+7.364570E+9	+5.003124E-1	-7.426737E-1
+7.364585E+9	+5.010035E-1	-7.432392E-1
+7.364600E+9	+5.009498E-1	-7.435572E-1
+7.364615E+9	+5.010905E-1	-7.434365E-1
+7.364630E+9	+5.000776E-1	-7.436568E-1
+7.364645E+9	+4.999818E-1	-7.437509E-1
+7.364660E+9	+4.992873E-1	-7.441542E-1
+7.364675E+9	+4.996697E-1	-7.440672E-1
+7.364690E+9	+4.994670E-1	-7.448351E-1
+7.364705E+9	+4.993444E-1	-7.452541E-1
+7.364720E+9	+4.988568E-1	-7.451619E-1
+7.364735E+9	+4.985309E-1	-7.451833E-1
+7.364750E+9	+4.972210E-1	-7.460154E-1
+7.364765E+9	+4.974752E-1	-7.456048E-1
+7.364780E+9	+4.973261E-1	-7.457184E-1
+7.364795E+9	+4.971575E-1	-7.455781E-1
+7.364810E+9	+4.962487E-1	-7.463868E-1
+7.364825E+9	+4.962746E-1	-7.465005E-1
+7.364840E+9	+4.962582E-1	-7.470672E-1
+7.364855E+9	+4.964561E-1	-7.463962E-1
+7.364870E+9	+4.963294E-1	-7.466893E-1
+7.364885E+9	+4.958082E-1	-7.471000E-1
+7.364900E+9	+4.950010E-1	-7.473662E-1
+7.364915E+9	+4.950904E-1	-7.480574E-1
+7.364930E+9	+4.942602E-1	-7.483490E-1
+7.364945E+9	+4.938881E-1	-7.488191E-1
+7.364960E+9	+4.937368E-1	-7.485737E-1
+7.364975E+9	+4.940165E-1	-7.490310E-1
+7.364990E+9	+4.934935E-1	-7.496859E-1
+7.365005E+9	+4.932576E-1	-7.497370E-1
+7.365020E+9	+4.930227E-1	-7.493530E-1
+7.365035E+9	+4.931712E-1	-7.500217E-1
+7.365050E+9	+4.922389E-1	-7.507973E-1
+7.365065E+9	+4.922760E-1	-7.508267E-1
+7.365080E+9	+4.923976E-1	-7.503490E-1
+7.365095E+9	+4.919272E-1	-7.506430E-1
+7.365110E+9	+4.911286E-1	-7.509455E-1
+7.365125E+9	+4.913104E-1	-7.512623E-1
+7.365140E+9	+4.906837E-1	-7.514346E-1
+7.365155E+9	+4.911114E-1	-7.515859E-1
+7.365170E+9	+4.903240E-1	-7.524038E-1
+7.365185E+9	+4.903068E-1	-7.522938E-1
+7.365200E+9	+4.901242E-1	-7.527344E-1
+7.365215E+9	+4.895206E-1	-7.532769E-1
+7.365230E+9	+4.883026E-1	-7.532954E-1
+7.365245E+9	+4.884237E-1	-7.532689E-1
+7.365260E+9	+4.877525E-1	-7.532519E-1
+7.365275E+9	+4.888388E-1	-7.530718E-1
+7.365290E+9	+4.878880E-1	-7.536776E-1
+7.365305E+9	+4.869426E-1	-7.540578E-1
+7.365320E+9	+4.865807E-1	-7.542357E-1
+7.365335E+9	+4.882014E-1	-7.543564E-1
+7.365350E+9	+4.873634E-1	-7.548078E-1
+7.365365E+9	+4.864194E-1	-7.550272E-1
+7.365380E+9	+4.863945E-1	-7.552890E-1
+7.365395E+9	+4.870073E-1	-7.556277E-1
+7.365410E+9	+4.868478E-1	-7.559936E-1
+7.365425E+9	+4.858582E-1	-7.568020E-1
+7.365440E+9	+4.855862E-1	-7.573105E-1
+7.365455E+9	+4.853049E-1	-7.585829E-1
+7.365470E+9	+4.843689E-1	-7.580659E-1
+7.365485E+9	+4.842338E-1	-7.569772E-1
+7.365500E+9	+4.845578E-1	-7.567462E-1
+7.365515E+9	+4.841503E-1	-7.569269E-1
+7.365530E+9	+4.836545E-1	-7.570639E-1
+7.365545E+9	+4.831977E-1	-7.574000E-1
+7.365560E+9	+4.832687E-1	-7.585833E-1
+7.365575E+9	+4.828091E-1	-7.583717E-1
+7.365590E+9	+4.823782E-1	-7.579863E-1
+7.365605E+9	+4.824543E-1	-7.584528E-1
+7.365620E+9	+4.826374E-1	-7.589918E-1
+7.365635E+9	+4.819458E-1	-7.598525E-1
+7.365650E+9	+4.814441E-1	-7.598371E-1
+7.365665E+9	+4.816378E-1	-7.596568E-1
+7.365680E+9	+4.816435E-1	-7.594896E-1
+7.365695E+9	+4.810096E-1	-7.596913E-1
+7.365710E+9	+4.808891E-1	-7.599490E-1
+7.365725E+9	+4.796619E-1	-7.608285E-1
+7.365740E+9	+4.795382E-1	-7.604751E-1
+7.365755E+9	+4.791548E-1	-7.604483E-1
+7.365770E+9	+4.790430E-1	-7.607612E-1
+7.365785E+9	+4.790582E-1	-7.609980E-1
+7.365800E+9	+4.793230E-1	-7.614283E-1
+7.365815E+9	+4.785882E-1	-7.617598E-1
+7.365830E+9	+4.772908E-1	-7.609435E-1
+7.365845E+9	+4.775789E-1	-7.606327E-1
+7.365860E+9	+4.778285E-1	-7.617536E-1
+7.365875E+9	+4.771362E-1	-7.623395E-1
+7.365890E+9	+4.771359E-1	-7.627647E-1
+7.365905E+9	+4.768003E-1	-7.628437E-1
+7.365920E+9	+4.770445E-1	-7.630821E-1
+7.365935E+9	+4.767847E-1	-7.631686E-1
+7.365950E+9	+4.759370E-1	-7.640629E-1
+7.365965E+9	+4.758444E-1	-7.639072E-1
+7.365980E+9	+4.758030E-1	-7.638508E-1
+7.365995E+9	+4.749114E-1	-7.634510E-1
+7.366010E+9	+4.750782E-1	-7.640029E-1
+7.366025E+9	+4.749362E-1	-7.648423E-1
+7.366040E+9	+4.747625E-1	-7.648600E-1
+7.366055E+9	+4.744569E-1	-7.651193E-1
+7.366070E+9	+4.736645E-1	-7.649752E-1
+7.366085E+9	+4.740879E-1	-7.653798E-1
+7.366100E+9	+4.729449E-1	-7.662531E-1
+7.366115E+9	+4.726329E-1	-7.655632E-1
+7.366130E+9	+4.725875E-1	-7.658201E-1
+7.366145E+9	+4.723271E-1	-7.661425E-1
+7.366160E+9	+4.719877E-1	-7.668193E-1
+7.366175E+9	+4.719265E-1	-7.655744E-1
+7.366190E+9	+4.717806E-1	-7.664561E-1
+7.366205E+9	+4.712034E-1	-7.666990E-1
+7.366220E+9	+4.703143E-1	-7.672926E-1
+7.366235E+9	+4.707817E-1	-7.673418E-1
+7.366250E+9	+4.709994E-1	-7.679720E-1
+7.366265E+9	+4.707699E-1	-7.684257E-1
+7.366280E+9	+4.699732E-1	-7.680608E-1
+7.366295E+9	+4.702296E-1	-7.683040E-1
+7.366310E+9	+4.696429E-1	-7.683973E-1
+7.366325E+9	+4.687452E-1	-7.690374E-1
+7.366340E+9	+4.689966E-1	-7.691121E-1
+7.366355E+9	+4.690994E-1	-7.690200E-1
+7.366370E+9	+4.682929E-1	-7.693418E-1
+7.366385E+9	+4.684014E-1	-7.693432E-1
+7.366400E+9	+4.681017E-1	-7.692522E-1
+7.366415E+9	+4.676226E-1	-7.697137E-1
+7.366430E+9	+4.678333E-1	-7.703031E-1
+7.366445E+9	+4.673735E-1	-7.709336E-1
+7.366460E+9	+4.666528E-1	-7.708732E-1
+7.366475E+9	+4.672387E-1	-7.703082E-1
+7.366490E+9	+4.663854E-1	-7.709495E-1
+7.366505E+9	+4.660448E-1	-7.714965E-1
+7.366520E+9	+4.665531E-1	-7.718265E-1
+7.366535E+9	+4.659873E-1	-7.715522E-1
+7.366550E+9	+4.652658E-1	-7.712818E-1
+7.366565E+9	+4.651938E-1	-7.717081E-1
+7.366580E+9	+4.646260E-1	-7.718638E-1
+7.366595E+9	+4.647886E-1	-7.715598E-1
+7.366610E+9	+4.649945E-1	-7.714735E-1
+7.366625E+9	+4.650407E-1	-7.725607E-1
+7.366640E+9	+4.643612E-1	-7.726145E-1
+7.366655E+9	+4.639339E-1	-7.731665E-1
+7.366670E+9	+4.637450E-1	-7.728959E-1
+7.366685E+9	+4.635936E-1	-7.735397E-1
+7.366700E+9	+4.627224E-1	-7.743866E-1
+7.366715E+9	+4.623167E-1	-7.744755E-1
+7.366730E+9	+4.621664E-1	-7.744047E-1
+7.366745E+9	+4.617581E-1	-7.738474E-1
+7.366760E+9	+4.615109E-1	-7.745624E-1
+7.366775E+9	+4.612383E-1	-7.757527E-1
+7.366790E+9	+4.614611E-1	-7.750668E-1
+7.366805E+9	+4.611956E-1	-7.758276E-1
+7.366820E+9	+4.598221E-1	-7.755958E-1
+7.366835E+9	+4.597275E-1	-7.758919E-1
+7.366850E+9	+4.605376E-1	-7.761160E-1
+7.366865E+9	+4.596482E-1	-7.760392E-1
+7.366880E+9	+4.591659E-1	-7.763531E-1
+7.366895E+9	+4.597289E-1	-7.769050E-1
+7.366910E+9	+4.591393E-1	-7.772465E-1
+7.366925E+9	+4.592320E-1	-7.765060E-1
+7.366940E+9	+4.581972E-1	-7.766108E-1
+7.366955E+9	+4.572236E-1	-7.767567E-1
+7.366970E+9	+4.571280E-1	-7.766156E-1
+7.366985E+9	+4.584037E-1	-7.771903E-1
+7.367000E+9	+4.570118E-1	-7.771249E-1
+7.367015E+9	+4.562529E-1	-7.783086E-1
+7.367030E+9	+4.575501E-1	-7.780104E-1
+7.367045E+9	+4.566590E-1	-7.776645E-1
+7.367060E+9	+4.559188E-1	-7.775672E-1
+7.367075E+9	+4.567204E-1	-7.785783E-1
+7.367090E+9	+4.568917E-1	-7.787414E-1
+7.367105E+9	+4.559222E-1	-7.783062E-1
+7.367120E+9	+4.555266E-1	-7.786957E-1
+7.367135E+9	+4.555880E-1	-7.789371E-1
+7.367150E+9	+4.546317E-1	-7.798863E-1
+7.367165E+9	+4.536865E-1	-7.798097E-1
+7.367180E+9	+4.542445E-1	-7.794808E-1
+7.367195E+9	+4.543990E-1	-7.796375E-1
+7.367210E+9	+4.548253E-1	-7.800478E-1
+7.367225E+9	+4.543809E-1	-7.807565E-1
+7.367240E+9	+4.531339E-1	-7.808318E-1
+7.367255E+9	+4.527792E-1	-7.808580E-1
+7.367270E+9	+4.526158E-1	-7.804805E-1
+7.367285E+9	+4.526295E-1	-7.814570E-1
+7.367300E+9	+4.524409E-1	-7.822416E-1
+7.367315E+9	+4.519245E-1	-7.826563E-1
+7.367330E+9	+4.520120E-1	-7.822349E-1
+7.367345E+9	+4.510832E-1	-7.823550E-1
+7.367360E+9	+4.509880E-1	-7.819346E-1
+7.367375E+9	+4.503983E-1	-7.811562E-1
+7.367390E+9	+4.496334E-1	-7.824075E-1
+7.367405E+9	+4.502610E-1	-7.831978E-1
+7.367420E+9	+4.506800E-1	-7.834047E-1
+7.367435E+9	+4.511231E-1	-7.833221E-1
+7.367450E+9	+4.507748E-1	-7.823030E-1
+7.367465E+9	+4.496153E-1	-7.832530E-1
+7.367480E+9	+4.481405E-1	-7.835071E-1
+7.367495E+9	+4.484875E-1	-7.835822E-1
+7.367510E+9	+4.489787E-1	-7.833518E-1
+7.367525E+9	+4.484565E-1	-7.841771E-1
+7.367540E+9	+4.479089E-1	-7.843881E-1
+7.367555E+9	+4.477604E-1	-7.844016E-1
+7.367570E+9	+4.473067E-1	-7.844204E-1
+7.367585E+9	+4.475477E-1	-7.849214E-1
+7.367600E+9	+4.471479E-1	-7.850986E-1
+7.367615E+9	+4.467677E-1	-7.846219E-1
+7.367630E+9	+4.468407E-1	-7.848458E-1
+7.367645E+9	+4.452164E-1	-7.859973E-1
+7.367660E+9	+4.457094E-1	-7.865929E-1
+7.367675E+9	+4.458916E-1	-7.854126E-1
+7.367690E+9	+4.455326E-1	-7.852338E-1
+7.367705E+9	+4.455230E-1	-7.853251E-1
+7.367720E+9	+4.445293E-1	-7.860714E-1
+7.367735E+9	+4.439217E-1	-7.864637E-1
+7.367750E+9	+4.433302E-1	-7.867444E-1
+7.367765E+9	+4.436541E-1	-7.871242E-1
+7.367780E+9	+4.435306E-1	-7.868642E-1
+7.367795E+9	+4.434527E-1	-7.863069E-1
+7.367810E+9	+4.436022E-1	-7.872857E-1
+7.367825E+9	+4.431017E-1	-7.882261E-1
+7.367840E+9	+4.426014E-1	-7.877956E-1
+7.367855E+9	+4.426778E-1	-7.881961E-1
+7.367870E+9	+4.424117E-1	-7.882795E-1
+7.367885E+9	+4.416393E-1	-7.885796E-1
+7.367900E+9	+4.420991E-1	-7.886258E-1
+7.367915E+9	+4.411234E-1	-7.884626E-1
+7.367930E+9	+4.399057E-1	-7.889111E-1
+7.367945E+9	+4.396850E-1	-7.889420E-1
+7.367960E+9	+4.405507E-1	-7.899503E-1
+7.367975E+9	+4.407645E-1	-7.908276E-1
+7.367990E+9	+4.402891E-1	-7.904370E-1
+7.368005E+9	+4.399863E-1	-7.903400E-1
+7.368020E+9	+4.404351E-1	-7.895695E-1
+7.368035E+9	+4.404170E-1	-7.900534E-1
+7.368050E+9	+4.392552E-1	-7.901620E-1
+7.368065E+9	+4.389238E-1	-7.899310E-1
+7.368080E+9	+4.382636E-1	-7.903571E-1
+7.368095E+9	+4.383096E-1	-7.909552E-1
+7.368110E+9	+4.380065E-1	-7.913296E-1
+7.368125E+9	+4.374830E-1	-7.911732E-1
+7.368140E+9	+4.371302E-1	-7.913074E-1
+7.368155E+9	+4.377912E-1	-7.910973E-1
+7.368170E+9	+4.371129E-1	-7.914530E-1
+7.368185E+9	+4.361656E-1	-7.919668E-1
+7.368200E+9	+4.360268E-1	-7.912579E-1
+7.368215E+9	+4.359543E-1	-7.921790E-1
+7.368230E+9	+4.361122E-1	-7.922766E-1
+7.368245E+9	+4.355887E-1	-7.921686E-1
+7.368260E+9	+4.357776E-1	-7.920460E-1
+7.368275E+9	+4.352281E-1	-7.932377E-1
+7.368290E+9	+4.352686E-1	-7.934494E-1
+7.368305E+9	+4.346659E-1	-7.938578E-1
+7.368320E+9	+4.337568E-1	-7.940140E-1
+7.368335E+9	+4.338212E-1	-7.945949E-1
+7.368350E+9	+4.334889E-1	-7.940881E-1
+7.368365E+9	+4.335220E-1	-7.946040E-1
+7.368380E+9	+4.338748E-1	-7.939840E-1
+7.368395E+9	+4.329337E-1	-7.931887E-1
+7.368410E+9	+4.326847E-1	-7.940703E-1
+7.368425E+9	+4.330549E-1	-7.951935E-1
+7.368440E+9	+4.328021E-1	-7.946210E-1
+7.368455E+9	+4.328789E-1	-7.944100E-1
+7.368470E+9	+4.321527E-1	-7.943692E-1
+7.368485E+9	+4.319733E-1	-7.959406E-1
+7.368500E+9	+4.309950E-1	-7.954563E-1
+7.368515E+9	+4.306271E-1	-7.956871E-1
+7.368530E+9	+4.301989E-1	-7.954962E-1
+7.368545E+9	+4.308476E-1	-7.959344E-1
+7.368560E+9	+4.311395E-1	-7.967818E-1
+7.368575E+9	+4.298801E-1	-7.967076E-1
+7.368590E+9	+4.310774E-1	-7.968772E-1
+7.368605E+9	+4.308836E-1	-7.962151E-1
+7.368620E+9	+4.298013E-1	-7.962293E-1
+7.368635E+9	+4.291494E-1	-7.960721E-1
+7.368650E+9	+4.279640E-1	-7.968701E-1
+7.368665E+9	+4.283826E-1	-7.974326E-1
+7.368680E+9	+4.283137E-1	-7.972509E-1
+7.368695E+9	+4.277214E-1	-7.974632E-1
+7.368710E+9	+4.273535E-1	-7.973717E-1
+7.368725E+9	+4.279992E-1	-7.974070E-1
+7.368740E+9	+4.274629E-1	-7.978803E-1
+7.368755E+9	+4.273215E-1	-7.975080E-1
+7.368770E+9	+4.265196E-1	-7.977066E-1
+7.368785E+9	+4.261839E-1	-7.985205E-1
+7.368800E+9	+4.270755E-1	-7.986645E-1
+7.368815E+9	+4.262095E-1	-7.980834E-1
+7.368830E+9	+4.255120E-1	-7.983915E-1
+7.368845E+9	+4.252518E-1	-7.993460E-1
+7.368860E+9	+4.248168E-1	-7.993186E-1
+7.368875E+9	+4.245449E-1	-7.999750E-1
+7.368890E+9	+4.247665E-1	-7.993240E-1
+7.368905E+9	+4.247420E-1	-7.991347E-1
+7.368920E+9	+4.247139E-1	-7.998191E-1
+7.368935E+9	+4.238808E-1	-8.001150E-1
+7.368950E+9	+4.234768E-1	-8.015201E-1
+7.368965E+9	+4.232471E-1	-8.005636E-1
+7.368980E+9	+4.228313E-1	-7.994339E-1
+7.368995E+9	+4.219860E-1	-8.007012E-1
+7.369010E+9	+4.221812E-1	-8.013061E-1
+7.369025E+9	+4.232854E-1	-8.023238E-1
+7.369040E+9	+4.230370E-1	-8.019783E-1
+7.369055E+9	+4.224292E-1	-8.012866E-1
+7.369070E+9	+4.216643E-1	-8.022759E-1
+7.369085E+9	+4.208809E-1	-8.015342E-1
+7.369100E+9	+4.209776E-1	-8.018756E-1
+7.369115E+9	+4.211982E-1	-8.018934E-1
+7.369130E+9	+4.205010E-1	-8.020848E-1
+7.369145E+9	+4.204941E-1	-8.021115E-1
+7.369160E+9	+4.201251E-1	-8.016476E-1
+7.369175E+9	+4.203746E-1	-8.016782E-1
+7.369190E+9	+4.197955E-1	-8.032640E-1
+7.369205E+9	+4.186997E-1	-8.039974E-1
+7.369220E+9	+4.195495E-1	-8.034563E-1
+7.369235E+9	+4.190658E-1	-8.041202E-1
+7.369250E+9	+4.183751E-1	-8.041263E-1
+7.369265E+9	+4.177921E-1	-8.033516E-1
+7.369280E+9	+4.173536E-1	-8.030560E-1
+7.369295E+9	+4.173209E-1	-8.033532E-1
+7.369310E+9	+4.178515E-1	-8.036010E-1
+7.369325E+9	+4.184214E-1	-8.046157E-1
+7.369340E+9	+4.176347E-1	-8.045549E-1
+7.369355E+9	+4.163270E-1	-8.039744E-1
+7.369370E+9	+4.166559E-1	-8.042616E-1
+7.369385E+9	+4.164940E-1	-8.045743E-1
+7.369400E+9	+4.161992E-1	-8.043728E-1
+7.369415E+9	+4.163174E-1	-8.042946E-1
+7.369430E+9	+4.164257E-1	-8.047631E-1
+7.369445E+9	+4.163870E-1	-8.052986E-1
+7.369460E+9	+4.155199E-1	-8.057214E-1
+7.369475E+9	+4.147215E-1	-8.069131E-1
+7.369490E+9	+4.144530E-1	-8.060366E-1
+7.369505E+9	+4.131745E-1	-8.058473E-1
+7.369520E+9	+4.130726E-1	-8.060113E-1
+7.369535E+9	+4.143607E-1	-8.074123E-1
+7.369550E+9	+4.142390E-1	-8.068804E-1
+7.369565E+9	+4.134782E-1	-8.062476E-1
+7.369580E+9	+4.130791E-1	-8.064899E-1
+7.369595E+9	+4.133634E-1	-8.063782E-1
+7.369610E+9	+4.132907E-1	-8.080493E-1
+7.369625E+9	+4.129595E-1	-8.080703E-1
+7.369640E+9	+4.125358E-1	-8.082789E-1
+7.369655E+9	+4.115521E-1	-8.080455E-1
+7.369670E+9	+4.108979E-1	-8.077494E-1
+7.369685E+9	+4.118855E-1	-8.077140E-1
+7.369700E+9	+4.121390E-1	-8.083907E-1
+7.369715E+9	+4.112251E-1	-8.090278E-1
+7.369730E+9	+4.108164E-1	-8.089396E-1
+7.369745E+9	+4.112327E-1	-8.089066E-1
+7.369760E+9	+4.100992E-1	-8.084805E-1
+7.369775E+9	+4.101254E-1	-8.083554E-1
+7.369790E+9	+4.098463E-1	-8.086526E-1
+7.369805E+9	+4.089866E-1	-8.089389E-1
+7.369820E+9	+4.088890E-1	-8.090428E-1
+7.369835E+9	+4.084431E-1	-8.095183E-1
+7.369850E+9	+4.089727E-1	-8.097843E-1
+7.369865E+9	+4.082631E-1	-8.101930E-1
+7.369880E+9	+4.083652E-1	-8.098561E-1
+7.369895E+9	+4.081863E-1	-8.097833E-1
+7.369910E+9	+4.077172E-1	-8.104351E-1
+7.369925E+9	+4.073480E-1	-8.108107E-1
+7.369940E+9	+4.068138E-1	-8.109566E-1
+7.369955E+9	+4.069363E-1	-8.113700E-1
+7.369970E+9	+4.070662E-1	-8.115662E-1
+7.369985E+9	+4.060998E-1	-8.115473E-1
+7.370000E+9	+4.053437E-1	-8.109358E-1
+7.370015E+9	+4.057747E-1	-8.112582E-1
+7.370030E+9	+4.062133E-1	-8.119146E-1
+7.370045E+9	+4.052494E-1	-8.114265E-1
+7.370060E+9	+4.048042E-1	-8.117931E-1
+7.370075E+9	+4.043931E-1	-8.123071E-1
+7.370090E+9	+4.047573E-1	-8.113483E-1
+7.370105E+9	+4.044854E-1	-8.123702E-1
+7.370120E+9	+4.044310E-1	-8.124578E-1
+7.370135E+9	+4.034091E-1	-8.121971E-1
+7.370150E+9	+4.042396E-1	-8.116080E-1
+7.370165E+9	+4.032981E-1	-8.126219E-1
+7.370180E+9	+4.032911E-1	-8.128226E-1
+7.370195E+9	+4.027058E-1	-8.129303E-1
+7.370210E+9	+4.022952E-1	-8.129257E-1
+7.370225E+9	+4.018658E-1	-8.141490E-1
+7.370240E+9	+4.023255E-1	-8.141374E-1
+7.370255E+9	+4.024082E-1	-8.137873E-1
+7.370270E+9	+4.016176E-1	-8.139519E-1
+7.370285E+9	+4.008254E-1	-8.138220E-1
+7.370300E+9	+3.997134E-1	-8.134474E-1
+7.370315E+9	+4.009858E-1	-8.140221E-1
+7.370330E+9	+4.014298E-1	-8.147261E-1
+7.370345E+9	+4.010138E-1	-8.146378E-1
+7.370360E+9	+3.997626E-1	-8.150800E-1
+7.370375E+9	+3.986348E-1	-8.150510E-1
+7.370390E+9	+3.989030E-1	-8.148863E-1
+7.370405E+9	+3.993723E-1	-8.157938E-1
+7.370420E+9	+3.991635E-1	-8.157460E-1
+7.370435E+9	+3.986216E-1	-8.155487E-1
+7.370450E+9	+3.983450E-1	-8.155639E-1
+7.370465E+9	+3.986713E-1	-8.155071E-1
+7.370480E+9	+3.983096E-1	-8.154366E-1
+7.370495E+9	+3.979700E-1	-8.156003E-1
+7.370510E+9	+3.977539E-1	-8.163462E-1
+7.370525E+9	+3.971289E-1	-8.165233E-1
+7.370540E+9	+3.972892E-1	-8.166492E-1
+7.370555E+9	+3.967206E-1	-8.167201E-1
+7.370570E+9	+3.960131E-1	-8.161561E-1
+7.370585E+9	+3.959920E-1	-8.165342E-1
+7.370600E+9	+3.958464E-1	-8.168953E-1
+7.370615E+9	+3.960692E-1	-8.166003E-1
+7.370630E+9	+3.960831E-1	-8.168654E-1
+7.370645E+9	+3.958636E-1	-8.167826E-1
+7.370660E+9	+3.951673E-1	-8.167416E-1
+7.370675E+9	+3.948174E-1	-8.171874E-1
+7.370690E+9	+3.940304E-1	-8.177102E-1
+7.370705E+9	+3.939950E-1	-8.185113E-1
+7.370720E+9	+3.941198E-1	-8.185890E-1
+7.370735E+9	+3.943506E-1	-8.189100E-1
+7.370750E+9	+3.940925E-1	-8.178381E-1
+7.370765E+9	+3.929715E-1	-8.189541E-1
+7.370780E+9	+3.922653E-1	-8.185009E-1
+7.370795E+9	+3.934992E-1	-8.190893E-1
+7.370810E+9	+3.929998E-1	-8.185843E-1
+7.370825E+9	+3.928432E-1	-8.187691E-1
+7.370840E+9	+3.923625E-1	-8.193035E-1
+7.370855E+9	+3.917068E-1	-8.185876E-1
+7.370870E+9	+3.919852E-1	-8.193160E-1
+7.370885E+9	+3.913175E-1	-8.192097E-1
+7.370900E+9	+3.906313E-1	-8.199942E-1
+7.370915E+9	+3.907232E-1	-8.193406E-1
+7.370930E+9	+3.906059E-1	-8.190487E-1
+7.370945E+9	+3.909052E-1	-8.187458E-1
+7.370960E+9	+3.908342E-1	-8.192563E-1
+7.370975E+9	+3.897608E-1	-8.200023E-1
+7.370990E+9	+3.894540E-1	-8.205214E-1
+7.371005E+9	+3.899774E-1	-8.208841E-1
+7.371020E+9	+3.901395E-1	-8.205964E-1
+7.371035E+9	+3.898709E-1	-8.211082E-1
+7.371050E+9	+3.891429E-1	-8.211916E-1
+7.371065E+9	+3.887158E-1	-8.213079E-1
+7.371080E+9	+3.880661E-1	-8.211541E-1
+7.371095E+9	+3.879506E-1	-8.207596E-1
+7.371110E+9	+3.879335E-1	-8.219975E-1
+7.371125E+9	+3.878785E-1	-8.226055E-1
+7.371140E+9	+3.879574E-1	-8.224004E-1
+7.371155E+9	+3.876108E-1	-8.224130E-1
+7.371170E+9	+3.868135E-1	-8.220755E-1
+7.371185E+9	+3.862245E-1	-8.212208E-1
+7.371200E+9	+3.860245E-1	-8.219621E-1
+7.371215E+9	+3.862487E-1	-8.220981E-1
+7.371230E+9	+3.863480E-1	-8.225725E-1
+7.371245E+9	+3.851810E-1	-8.227811E-1
+7.371260E+9	+3.851770E-1	-8.230707E-1
+7.371275E+9	+3.851337E-1	-8.223967E-1
+7.371290E+9	+3.846554E-1	-8.230119E-1
+7.371305E+9	+3.843853E-1	-8.232615E-1
+7.371320E+9	+3.834864E-1	-8.234220E-1
+7.371335E+9	+3.843020E-1	-8.233360E-1
+7.371350E+9	+3.832444E-1	-8.242041E-1
+7.371365E+9	+3.832501E-1	-8.233145E-1
+7.371380E+9	+3.838234E-1	-8.230381E-1
+7.371395E+9	+3.838996E-1	-8.242938E-1
+7.371410E+9	+3.829470E-1	-8.250241E-1
+7.371425E+9	+3.828133E-1	-8.248858E-1
+7.371440E+9	+3.829229E-1	-8.254434E-1
+7.371455E+9	+3.825075E-1	-8.252343E-1
+7.371470E+9	+3.814387E-1	-8.239922E-1
+7.371485E+9	+3.815181E-1	-8.233552E-1
+7.371500E+9	+3.816683E-1	-8.248613E-1
+7.371515E+9	+3.816749E-1	-8.252667E-1
+7.371530E+9	+3.816997E-1	-8.256338E-1
+7.371545E+9	+3.810823E-1	-8.259619E-1
+7.371560E+9	+3.800714E-1	-8.247848E-1
+7.371575E+9	+3.797442E-1	-8.245202E-1
+7.371590E+9	+3.808464E-1	-8.262399E-1
+7.371605E+9	+3.805610E-1	-8.269755E-1
+7.371620E+9	+3.805476E-1	-8.274208E-1
+7.371635E+9	+3.786317E-1	-8.262155E-1
+7.371650E+9	+3.787024E-1	-8.251980E-1
+7.371665E+9	+3.782361E-1	-8.256042E-1
+7.371680E+9	+3.781337E-1	-8.268067E-1
+7.371695E+9	+3.782291E-1	-8.268279E-1
+7.371710E+9	+3.782339E-1	-8.259929E-1
+7.371725E+9	+3.772145E-1	-8.267437E-1
+7.371740E+9	+3.763602E-1	-8.278922E-1
+7.371755E+9	+3.771222E-1	-8.277774E-1
+7.371770E+9	+3.762495E-1	-8.282706E-1
+7.371785E+9	+3.757577E-1	-8.283754E-1
+7.371800E+9	+3.770944E-1	-8.277456E-1
+7.371815E+9	+3.762468E-1	-8.282935E-1
+7.371830E+9	+3.754421E-1	-8.275987E-1
+7.371845E+9	+3.753580E-1	-8.280260E-1
+7.371860E+9	+3.757575E-1	-8.277824E-1
+7.371875E+9	+3.758300E-1	-8.280647E-1
+7.371890E+9	+3.760821E-1	-8.281052E-1
+7.371905E+9	+3.746564E-1	-8.279816E-1
+7.371920E+9	+3.748011E-1	-8.283435E-1
+7.371935E+9	+3.741595E-1	-8.287648E-1
+7.371950E+9	+3.730754E-1	-8.282341E-1
+7.371965E+9	+3.730117E-1	-8.288985E-1
+7.371980E+9	+3.730339E-1	-8.292591E-1
+7.371995E+9	+3.731433E-1	-8.303633E-1
+7.372010E+9	+3.726726E-1	-8.305296E-1
+7.372025E+9	+3.722191E-1	-8.302462E-1
+7.372040E+9	+3.718742E-1	-8.294348E-1
+7.372055E+9	+3.729077E-1	-8.287185E-1
+7.372070E+9	+3.715822E-1	-8.307097E-1
+7.372085E+9	+3.716280E-1	-8.294601E-1
+7.372100E+9	+3.717535E-1	-8.289832E-1
+7.372115E+9	+3.714881E-1	-8.301939E-1
+7.372130E+9	+3.718285E-1	-8.304561E-1
+7.372145E+9	+3.717123E-1	-8.306602E-1
+7.372160E+9	+3.708108E-1	-8.312670E-1
+7.372175E+9	+3.704260E-1	-8.303520E-1
+7.372190E+9	+3.703452E-1	-8.306575E-1
+7.372205E+9	+3.703000E-1	-8.307765E-1
+7.372220E+9	+3.699768E-1	-8.310206E-1
+7.372235E+9	+3.698454E-1	-8.313043E-1
+7.372250E+9	+3.689585E-1	-8.316549E-1
+7.372265E+9	+3.682828E-1	-8.320240E-1
+7.372280E+9	+3.682365E-1	-8.305880E-1
+7.372295E+9	+3.680022E-1	-8.303750E-1
+7.372310E+9	+3.684689E-1	-8.312345E-1
+7.372325E+9	+3.677792E-1	-8.320262E-1
+7.372340E+9	+3.672232E-1	-8.320821E-1
+7.372355E+9	+3.673595E-1	-8.314818E-1
+7.372370E+9	+3.669025E-1	-8.316610E-1
+7.372385E+9	+3.659652E-1	-8.311379E-1
+7.372400E+9	+3.655095E-1	-8.317494E-1
+7.372415E+9	+3.652554E-1	-8.328352E-1
+7.372430E+9	+3.659399E-1	-8.339303E-1
+7.372445E+9	+3.655843E-1	-8.333312E-1
+7.372460E+9	+3.668043E-1	-8.335349E-1
+7.372475E+9	+3.661532E-1	-8.332969E-1
+7.372490E+9	+3.656863E-1	-8.330238E-1
+7.372505E+9	+3.660305E-1	-8.336355E-1
+7.372520E+9	+3.648336E-1	-8.340343E-1
+7.372535E+9	+3.653292E-1	-8.341025E-1
+7.372550E+9	+3.645440E-1	-8.334527E-1
+7.372565E+9	+3.644713E-1	-8.336210E-1
+7.372580E+9	+3.646896E-1	-8.336154E-1
+7.372595E+9	+3.642049E-1	-8.340269E-1
+7.372610E+9	+3.634550E-1	-8.348946E-1
+7.372625E+9	+3.634428E-1	-8.352149E-1
+7.372640E+9	+3.623949E-1	-8.356169E-1
+7.372655E+9	+3.627273E-1	-8.341178E-1
+7.372670E+9	+3.614774E-1	-8.339605E-1
+7.372685E+9	+3.621033E-1	-8.340272E-1
+7.372700E+9	+3.632121E-1	-8.356750E-1
+7.372715E+9	+3.622975E-1	-8.359183E-1
+7.372730E+9	+3.606797E-1	-8.350805E-1
+7.372745E+9	+3.610208E-1	-8.351898E-1
+7.372760E+9	+3.608976E-1	-8.354224E-1
+7.372775E+9	+3.613919E-1	-8.356218E-1
+7.372790E+9	+3.607114E-1	-8.359095E-1
+7.372805E+9	+3.599764E-1	-8.356114E-1
+7.372820E+9	+3.600900E-1	-8.361249E-1
+7.372835E+9	+3.599046E-1	-8.364071E-1
+7.372850E+9	+3.597689E-1	-8.358247E-1
+7.372865E+9	+3.598696E-1	-8.361285E-1
+7.372880E+9	+3.591170E-1	-8.360665E-1
+7.372895E+9	+3.589155E-1	-8.361562E-1
+7.372910E+9	+3.586960E-1	-8.371739E-1
+7.372925E+9	+3.577117E-1	-8.380898E-1
+7.372940E+9	+3.584929E-1	-8.367698E-1
+7.372955E+9	+3.583147E-1	-8.368849E-1
+7.372970E+9	+3.580416E-1	-8.364436E-1
+7.372985E+9	+3.580408E-1	-8.364319E-1
+7.373000E+9	+3.587562E-1	-8.365891E-1
+7.373015E+9	+3.582824E-1	-8.369273E-1
+7.373030E+9	+3.580020E-1	-8.374871E-1
+7.373045E+9	+3.560926E-1	-8.370778E-1
+7.373060E+9	+3.556106E-1	-8.368408E-1
+7.373075E+9	+3.560170E-1	-8.368125E-1
+7.373090E+9	+3.555708E-1	-8.373215E-1
+7.373105E+9	+3.558146E-1	-8.372946E-1
+7.373120E+9	+3.547906E-1	-8.377514E-1
+7.373135E+9	+3.554706E-1	-8.374825E-1
+7.373150E+9	+3.544848E-1	-8.372954E-1
+7.373165E+9	+3.538220E-1	-8.389052E-1
+7.373180E+9	+3.541397E-1	-8.396872E-1
+7.373195E+9	+3.541751E-1	-8.389639E-1
+7.373210E+9	+3.537976E-1	-8.385031E-1
+7.373225E+9	+3.527653E-1	-8.388420E-1
+7.373240E+9	+3.529404E-1	-8.395649E-1
+7.373255E+9	+3.524111E-1	-8.391476E-1
+7.373270E+9	+3.520851E-1	-8.384523E-1
+7.373285E+9	+3.516655E-1	-8.384888E-1
+7.373300E+9	+3.530899E-1	-8.393755E-1
+7.373315E+9	+3.527126E-1	-8.395979E-1
+7.373330E+9	+3.516344E-1	-8.406006E-1
+7.373345E+9	+3.516665E-1	-8.416403E-1
+7.373360E+9	+3.522174E-1	-8.405507E-1
+7.373375E+9	+3.510159E-1	-8.402061E-1
+7.373390E+9	+3.510072E-1	-8.396533E-1
+7.373405E+9	+3.503488E-1	-8.398665E-1
+7.373420E+9	+3.499047E-1	-8.397055E-1
+7.373435E+9	+3.497668E-1	-8.405554E-1
+7.373450E+9	+3.507671E-1	-8.404937E-1
+7.373465E+9	+3.499225E-1	-8.407804E-1
+7.373480E+9	+3.493056E-1	-8.403613E-1
+7.373495E+9	+3.485656E-1	-8.402800E-1
+7.373510E+9	+3.484306E-1	-8.408156E-1
+7.373525E+9	+3.480968E-1	-8.418532E-1
+7.373540E+9	+3.479245E-1	-8.417131E-1
+7.373555E+9	+3.491100E-1	-8.413892E-1
+7.373570E+9	+3.492011E-1	-8.414954E-1
+7.373585E+9	+3.486585E-1	-8.417495E-1
+7.373600E+9	+3.486491E-1	-8.423581E-1
+7.373615E+9	+3.479808E-1	-8.420851E-1
+7.373630E+9	+3.477833E-1	-8.409655E-1
+7.373645E+9	+3.471938E-1	-8.409597E-1
+7.373660E+9	+3.470308E-1	-8.412559E-1
+7.373675E+9	+3.471829E-1	-8.427335E-1
+7.373690E+9	+3.470331E-1	-8.426104E-1
+7.373705E+9	+3.463970E-1	-8.427204E-1
+7.373720E+9	+3.460877E-1	-8.430757E-1
+7.373735E+9	+3.460147E-1	-8.431898E-1
+7.373750E+9	+3.457335E-1	-8.434417E-1
+7.373765E+9	+3.453313E-1	-8.438336E-1
+7.373780E+9	+3.455383E-1	-8.438838E-1
+7.373795E+9	+3.449790E-1	-8.435075E-1
+7.373810E+9	+3.444122E-1	-8.438004E-1
+7.373825E+9	+3.445399E-1	-8.433480E-1
+7.373840E+9	+3.440069E-1	-8.431222E-1
+7.373855E+9	+3.435296E-1	-8.438286E-1
+7.373870E+9	+3.439891E-1	-8.436202E-1
+7.373885E+9	+3.437967E-1	-8.431430E-1
+7.373900E+9	+3.428064E-1	-8.448094E-1
+7.373915E+9	+3.429524E-1	-8.449808E-1
+7.373930E+9	+3.424207E-1	-8.443303E-1
+7.373945E+9	+3.418703E-1	-8.438985E-1
+7.373960E+9	+3.420927E-1	-8.452324E-1
+7.373975E+9	+3.423996E-1	-8.448168E-1
+7.373990E+9	+3.411595E-1	-8.445597E-1
+7.374005E+9	+3.402741E-1	-8.448413E-1
+7.374020E+9	+3.408683E-1	-8.456689E-1
+7.374035E+9	+3.416235E-1	-8.453877E-1
+7.374050E+9	+3.414478E-1	-8.451585E-1
+7.374065E+9	+3.401906E-1	-8.458605E-1
+7.374080E+9	+3.391082E-1	-8.452685E-1
+7.374095E+9	+3.394863E-1	-8.456659E-1
+7.374110E+9	+3.391675E-1	-8.454446E-1
+7.374125E+9	+3.402630E-1	-8.449187E-1
+7.374140E+9	+3.392300E-1	-8.447052E-1
+7.374155E+9	+3.388010E-1	-8.458183E-1
+7.374170E+9	+3.386252E-1	-8.462473E-1
+7.374185E+9	+3.383811E-1	-8.457784E-1
+7.374200E+9	+3.381281E-1	-8.461915E-1
+7.374215E+9	+3.384073E-1	-8.466523E-1
+7.374230E+9	+3.377593E-1	-8.461983E-1
+7.374245E+9	+3.378214E-1	-8.458361E-1
+7.374260E+9	+3.381210E-1	-8.461009E-1
+7.374275E+9	+3.377015E-1	-8.472293E-1
+7.374290E+9	+3.377469E-1	-8.468119E-1
+7.374305E+9	+3.362445E-1	-8.464573E-1
+7.374320E+9	+3.370868E-1	-8.478093E-1
+7.374335E+9	+3.357524E-1	-8.482760E-1
+7.374350E+9	+3.356505E-1	-8.463589E-1
+7.374365E+9	+3.354442E-1	-8.470097E-1
+7.374380E+9	+3.355129E-1	-8.471737E-1
+7.374395E+9	+3.352547E-1	-8.472737E-1
+7.374410E+9	+3.352756E-1	-8.479123E-1
+7.374425E+9	+3.344433E-1	-8.470632E-1
+7.374440E+9	+3.344145E-1	-8.480295E-1
+7.374455E+9	+3.339855E-1	-8.488803E-1
+7.374470E+9	+3.341440E-1	-8.490216E-1
+7.374485E+9	+3.330651E-1	-8.478074E-1
+7.374500E+9	+3.317052E-1	-8.490611E-1
+7.374515E+9	+3.324043E-1	-8.485078E-1
+7.374530E+9	+3.330056E-1	-8.496528E-1
+7.374545E+9	+3.327811E-1	-8.489220E-1
+7.374560E+9	+3.322513E-1	-8.489088E-1
+7.374575E+9	+3.314893E-1	-8.486037E-1
+7.374590E+9	+3.315535E-1	-8.497042E-1
+7.374605E+9	+3.314334E-1	-8.504764E-1
+7.374620E+9	+3.308060E-1	-8.505519E-1
+7.374635E+9	+3.313517E-1	-8.496984E-1
+7.374650E+9	+3.300282E-1	-8.505443E-1
+7.374665E+9	+3.309778E-1	-8.502347E-1
+7.374680E+9	+3.310956E-1	-8.495238E-1
+7.374695E+9	+3.303711E-1	-8.501356E-1
+7.374710E+9	+3.299528E-1	-8.493209E-1
+7.374725E+9	+3.296690E-1	-8.489018E-1
+7.374740E+9	+3.298574E-1	-8.492698E-1
+7.374755E+9	+3.296885E-1	-8.503144E-1
+7.374770E+9	+3.293384E-1	-8.506934E-1
+7.374785E+9	+3.291172E-1	-8.507637E-1
+7.374800E+9	+3.295520E-1	-8.507610E-1
+7.374815E+9	+3.287135E-1	-8.503385E-1
+7.374830E+9	+3.274396E-1	-8.513370E-1
+7.374845E+9	+3.282237E-1	-8.505695E-1
+7.374860E+9	+3.287129E-1	-8.505620E-1
+7.374875E+9	+3.277001E-1	-8.508953E-1
+7.374890E+9	+3.274016E-1	-8.517026E-1
+7.374905E+9	+3.261849E-1	-8.512048E-1
+7.374920E+9	+3.259634E-1	-8.510809E-1
+7.374935E+9	+3.260409E-1	-8.502824E-1
+7.374950E+9	+3.269708E-1	-8.509646E-1
+7.374965E+9	+3.263573E-1	-8.513227E-1
+7.374980E+9	+3.255756E-1	-8.522326E-1
+7.374995E+9	+3.249439E-1	-8.522484E-1
+7.375010E+9	+3.244099E-1	-8.514548E-1
+7.375025E+9	+3.266067E-1	-8.512736E-1
+7.375040E+9	+3.255495E-1	-8.515508E-1
+7.375055E+9	+3.255422E-1	-8.509444E-1
+7.375070E+9	+3.252362E-1	-8.511910E-1
+7.375085E+9	+3.247309E-1	-8.515806E-1
+7.375100E+9	+3.242584E-1	-8.518004E-1
+7.375115E+9	+3.243615E-1	-8.520431E-1
+7.375130E+9	+3.236340E-1	-8.517172E-1
+7.375145E+9	+3.228018E-1	-8.520562E-1
+7.375160E+9	+3.230996E-1	-8.523930E-1
+7.375175E+9	+3.235498E-1	-8.522372E-1
+7.375190E+9	+3.226617E-1	-8.526226E-1
+7.375205E+9	+3.223080E-1	-8.542850E-1
+7.375220E+9	+3.220524E-1	-8.538677E-1
+7.375235E+9	+3.218986E-1	-8.532760E-1
+7.375250E+9	+3.216525E-1	-8.529145E-1
+7.375265E+9	+3.213684E-1	-8.526498E-1
+7.375280E+9	+3.212438E-1	-8.533724E-1
+7.375295E+9	+3.214981E-1	-8.530710E-1
+7.375310E+9	+3.207799E-1	-8.544331E-1
+7.375325E+9	+3.215809E-1	-8.550304E-1
+7.375340E+9	+3.201156E-1	-8.551839E-1
+7.375355E+9	+3.201499E-1	-8.547227E-1
+7.375370E+9	+3.202274E-1	-8.544188E-1
+7.375385E+9	+3.196188E-1	-8.557019E-1
+7.375400E+9	+3.200644E-1	-8.553105E-1
+7.375415E+9	+3.191162E-1	-8.552529E-1
+7.375430E+9	+3.184993E-1	-8.538156E-1
+7.375445E+9	+3.187620E-1	-8.538906E-1
+7.375460E+9	+3.180470E-1	-8.543257E-1
+7.375475E+9	+3.193108E-1	-8.556932E-1
+7.375490E+9	+3.187928E-1	-8.557532E-1
+7.375505E+9	+3.185870E-1	-8.545066E-1
+7.375520E+9	+3.182736E-1	-8.545746E-1
+7.375535E+9	+3.167473E-1	-8.556380E-1
+7.375550E+9	+3.170246E-1	-8.553072E-1
+7.375565E+9	+3.164304E-1	-8.554031E-1
+7.375580E+9	+3.168088E-1	-8.550760E-1
+7.375595E+9	+3.155474E-1	-8.559550E-1
+7.375610E+9	+3.157717E-1	-8.555073E-1
+7.375625E+9	+3.166969E-1	-8.550521E-1
+7.375640E+9	+3.166745E-1	-8.552736E-1
+7.375655E+9	+3.163626E-1	-8.560062E-1
+7.375670E+9	+3.158988E-1	-8.564717E-1
+7.375685E+9	+3.147298E-1	-8.560406E-1
+7.375700E+9	+3.148921E-1	-8.563822E-1
+7.375715E+9	+3.150435E-1	-8.559112E-1
+7.375730E+9	+3.148033E-1	-8.564390E-1
+7.375745E+9	+3.134167E-1	-8.568298E-1
+7.375760E+9	+3.131110E-1	-8.567168E-1
+7.375775E+9	+3.133172E-1	-8.567973E-1
+7.375790E+9	+3.126825E-1	-8.563137E-1
+7.375805E+9	+3.126350E-1	-8.556068E-1
+7.375820E+9	+3.128722E-1	-8.560755E-1
+7.375835E+9	+3.130105E-1	-8.564504E-1
+7.375850E+9	+3.120821E-1	-8.571193E-1
+7.375865E+9	+3.122747E-1	-8.573400E-1
+7.375880E+9	+3.118323E-1	-8.569676E-1
+7.375895E+9	+3.115956E-1	-8.570533E-1
+7.375910E+9	+3.121167E-1	-8.579788E-1
+7.375925E+9	+3.121954E-1	-8.578550E-1
+7.375940E+9	+3.118785E-1	-8.572633E-1
+7.375955E+9	+3.116848E-1	-8.574777E-1
+7.375970E+9	+3.103996E-1	-8.573861E-1
+7.375985E+9	+3.097600E-1	-8.579454E-1
+7.376000E+9	+3.097209E-1	-8.584069E-1
+7.376015E+9	+3.082557E-1	-8.585579E-1
+7.376030E+9	+3.078064E-1	-8.581479E-1
+7.376045E+9	+3.091570E-1	-8.578423E-1
+7.376060E+9	+3.096681E-1	-8.578147E-1
+7.376075E+9	+3.105559E-1	-8.579920E-1
+7.376090E+9	+3.089736E-1	-8.582019E-1
+7.376105E+9	+3.086640E-1	-8.592704E-1
+7.376120E+9	+3.083370E-1	-8.586769E-1
+7.376135E+9	+3.083681E-1	-8.587995E-1
+7.376150E+9	+3.087179E-1	-8.590955E-1
+7.376165E+9	+3.081743E-1	-8.592698E-1
+7.376180E+9	+3.069831E-1	-8.594236E-1
+7.376195E+9	+3.060889E-1	-8.589778E-1
+7.376210E+9	+3.057494E-1	-8.584063E-1
+7.376225E+9	+3.070230E-1	-8.599678E-1
+7.376240E+9	+3.066878E-1	-8.604251E-1
+7.376255E+9	+3.069576E-1	-8.598602E-1
+7.376270E+9	+3.063032E-1	-8.596037E-1
+7.376285E+9	+3.061736E-1	-8.595744E-1
+7.376300E+9	+3.056508E-1	-8.596699E-1
+7.376315E+9	+3.055896E-1	-8.605222E-1
+7.376330E+9	+3.047123E-1	-8.611911E-1
+7.376345E+9	+3.048691E-1	-8.618737E-1
+7.376360E+9	+3.058155E-1	-8.583748E-1
+7.376375E+9	+3.046534E-1	-8.587811E-1
+7.376390E+9	+3.045885E-1	-8.585032E-1
+7.376405E+9	+3.046979E-1	-8.605473E-1
+7.376420E+9	+3.042641E-1	-8.611567E-1
+7.376435E+9	+3.036063E-1	-8.608909E-1
+7.376450E+9	+3.032363E-1	-8.602592E-1
+7.376465E+9	+3.029791E-1	-8.601343E-1
+7.376480E+9	+3.027636E-1	-8.602941E-1
+7.376495E+9	+3.025207E-1	-8.610824E-1
+7.376510E+9	+3.023692E-1	-8.627729E-1
+7.376525E+9	+3.030080E-1	-8.624041E-1
+7.376540E+9	+3.025708E-1	-8.621507E-1
+7.376555E+9	+3.027777E-1	-8.612919E-1
+7.376570E+9	+3.024732E-1	-8.618023E-1
+7.376585E+9	+3.014181E-1	-8.623776E-1
+7.376600E+9	+3.006859E-1	-8.619794E-1
+7.376615E+9	+3.016056E-1	-8.621231E-1
+7.376630E+9	+3.009419E-1	-8.616301E-1
+7.376645E+9	+3.002070E-1	-8.612116E-1
+7.376660E+9	+2.996699E-1	-8.616882E-1
+7.376675E+9	+3.002003E-1	-8.611229E-1
+7.376690E+9	+2.998090E-1	-8.615232E-1
+7.376705E+9	+2.997858E-1	-8.616572E-1
+7.376720E+9	+3.000363E-1	-8.617993E-1
+7.376735E+9	+2.998760E-1	-8.629445E-1
+7.376750E+9	+3.000290E-1	-8.630818E-1
+7.376765E+9	+2.993546E-1	-8.628030E-1
+7.376780E+9	+2.993214E-1	-8.627590E-1
+7.376795E+9	+2.980460E-1	-8.631684E-1
+7.376810E+9	+2.982366E-1	-8.630582E-1
+7.376825E+9	+2.982309E-1	-8.629790E-1
+7.376840E+9	+2.974437E-1	-8.631497E-1
+7.376855E+9	+2.981328E-1	-8.632678E-1
+7.376870E+9	+2.976709E-1	-8.629434E-1
+7.376885E+9	+2.974609E-1	-8.627734E-1
+7.376900E+9	+2.970965E-1	-8.629099E-1
+7.376915E+9	+2.969774E-1	-8.635433E-1
+7.376930E+9	+2.970259E-1	-8.636388E-1
+7.376945E+9	+2.968503E-1	-8.635723E-1
+7.376960E+9	+2.964818E-1	-8.639269E-1
+7.376975E+9	+2.955118E-1	-8.644857E-1
+7.376990E+9	+2.958375E-1	-8.648394E-1
+7.377005E+9	+2.944688E-1	-8.638557E-1
+7.377020E+9	+2.937073E-1	-8.626798E-1
+7.377035E+9	+2.951777E-1	-8.636013E-1
+7.377050E+9	+2.956272E-1	-8.639668E-1
+7.377065E+9	+2.952310E-1	-8.640980E-1
+7.377080E+9	+2.938655E-1	-8.647384E-1
+7.377095E+9	+2.942908E-1	-8.643925E-1
+7.377110E+9	+2.940471E-1	-8.640194E-1
+7.377125E+9	+2.928151E-1	-8.647548E-1
+7.377140E+9	+2.929180E-1	-8.653087E-1
+7.377155E+9	+2.931920E-1	-8.647821E-1
+7.377170E+9	+2.919900E-1	-8.638907E-1
+7.377185E+9	+2.918857E-1	-8.640311E-1
+7.377200E+9	+2.923749E-1	-8.640237E-1
+7.377215E+9	+2.926371E-1	-8.650036E-1
+7.377230E+9	+2.923421E-1	-8.656972E-1
+7.377245E+9	+2.912517E-1	-8.661667E-1
+7.377260E+9	+2.907148E-1	-8.649843E-1
+7.377275E+9	+2.908451E-1	-8.646741E-1
+7.377290E+9	+2.906296E-1	-8.655105E-1
+7.377305E+9	+2.900439E-1	-8.658751E-1
+7.377320E+9	+2.888712E-1	-8.659028E-1
+7.377335E+9	+2.902789E-1	-8.652131E-1
+7.377350E+9	+2.900655E-1	-8.659599E-1
+7.377365E+9	+2.894409E-1	-8.656797E-1
+7.377380E+9	+2.887836E-1	-8.653574E-1
+7.377395E+9	+2.890651E-1	-8.654343E-1
+7.377410E+9	+2.890177E-1	-8.661521E-1
+7.377425E+9	+2.885539E-1	-8.665393E-1
+7.377440E+9	+2.884439E-1	-8.683153E-1
+7.377455E+9	+2.885662E-1	-8.684438E-1
+7.377470E+9	+2.887752E-1	-8.679600E-1
+7.377485E+9	+2.880698E-1	-8.666645E-1
+7.377500E+9	+2.871240E-1	-8.664966E-1
+7.377515E+9	+2.880093E-1	-8.672587E-1
+7.377530E+9	+2.880801E-1	-8.671649E-1
+7.377545E+9	+2.869759E-1	-8.673151E-1
+7.377560E+9	+2.867217E-1	-8.677605E-1
+7.377575E+9	+2.863260E-1	-8.673120E-1
+7.377590E+9	+2.856092E-1	-8.678250E-1
+7.377605E+9	+2.854879E-1	-8.674055E-1
+7.377620E+9	+2.853466E-1	-8.677615E-1
+7.377635E+9	+2.853245E-1	-8.675370E-1
+7.377650E+9	+2.851607E-1	-8.671212E-1
+7.377665E+9	+2.852088E-1	-8.674049E-1
+7.377680E+9	+2.843539E-1	-8.685053E-1
+7.377695E+9	+2.843514E-1	-8.680270E-1
+7.377710E+9	+2.851623E-1	-8.682815E-1
+7.377725E+9	+2.841189E-1	-8.684637E-1
+7.377740E+9	+2.836485E-1	-8.689481E-1
+7.377755E+9	+2.838420E-1	-8.679228E-1
+7.377770E+9	+2.831410E-1	-8.680929E-1
+7.377785E+9	+2.826002E-1	-8.678341E-1
+7.377800E+9	+2.843012E-1	-8.686247E-1
+7.377815E+9	+2.835733E-1	-8.684848E-1
+7.377830E+9	+2.827991E-1	-8.680450E-1
+7.377845E+9	+2.817707E-1	-8.689373E-1
+7.377860E+9	+2.816648E-1	-8.687082E-1
+7.377875E+9	+2.821330E-1	-8.689772E-1
+7.377890E+9	+2.813868E-1	-8.695225E-1
+7.377905E+9	+2.806942E-1	-8.686115E-1
+7.377920E+9	+2.808730E-1	-8.691612E-1
+7.377935E+9	+2.808555E-1	-8.696000E-1
+7.377950E+9	+2.803278E-1	-8.697247E-1
+7.377965E+9	+2.794732E-1	-8.688529E-1
+7.377980E+9	+2.790593E-1	-8.685737E-1
+7.377995E+9	+2.793538E-1	-8.681857E-1
+7.378010E+9	+2.800270E-1	-8.686808E-1
+7.378025E+9	+2.795929E-1	-8.690243E-1
+7.378040E+9	+2.794368E-1	-8.695390E-1
+7.378055E+9	+2.792924E-1	-8.687132E-1
+7.378070E+9	+2.786374E-1	-8.682497E-1
+7.378085E+9	+2.791232E-1	-8.683380E-1
+7.378100E+9	+2.787228E-1	-8.697334E-1
+7.378115E+9	+2.792196E-1	-8.709445E-1
+7.378130E+9	+2.789354E-1	-8.700364E-1
+7.378145E+9	+2.769465E-1	-8.706479E-1
+7.378160E+9	+2.761701E-1	-8.698059E-1
+7.378175E+9	+2.774900E-1	-8.688126E-1
+7.378190E+9	+2.770776E-1	-8.698792E-1
+7.378205E+9	+2.763120E-1	-8.708119E-1
+7.378220E+9	+2.761731E-1	-8.704058E-1
+7.378235E+9	+2.757432E-1	-8.716732E-1
+7.378250E+9	+2.759112E-1	-8.729723E-1
+7.378265E+9	+2.760368E-1	-8.722827E-1
+7.378280E+9	+2.757655E-1	-8.712771E-1
+7.378295E+9	+2.762437E-1	-8.700117E-1
+7.378310E+9	+2.771316E-1	-8.703042E-1
+7.378325E+9	+2.751820E-1	-8.712641E-1
+7.378340E+9	+2.757933E-1	-8.714043E-1
+7.378355E+9	+2.760544E-1	-8.707919E-1
+7.378370E+9	+2.753690E-1	-8.707568E-1
+7.378385E+9	+2.734251E-1	-8.697125E-1
+7.378400E+9	+2.742472E-1	-8.696315E-1
+7.378415E+9	+2.743388E-1	-8.716092E-1
+7.378430E+9	+2.742849E-1	-8.724621E-1
+7.378445E+9	+2.736005E-1	-8.714404E-1
+7.378460E+9	+2.727977E-1	-8.711443E-1
+7.378475E+9	+2.721388E-1	-8.717086E-1
+7.378490E+9	+2.721466E-1	-8.720542E-1
+7.378505E+9	+2.721743E-1	-8.726576E-1
+7.378520E+9	+2.707842E-1	-8.726285E-1
+7.378535E+9	+2.712568E-1	-8.723763E-1
+7.378550E+9	+2.713984E-1	-8.727722E-1
+7.378565E+9	+2.712734E-1	-8.730034E-1
+7.378580E+9	+2.708655E-1	-8.732866E-1
+7.378595E+9	+2.715603E-1	-8.738190E-1
+7.378610E+9	+2.717044E-1	-8.738976E-1
+7.378625E+9	+2.709026E-1	-8.735303E-1
+7.378640E+9	+2.710722E-1	-8.728916E-1
+7.378655E+9	+2.711730E-1	-8.728905E-1
+7.378670E+9	+2.706314E-1	-8.723682E-1
+7.378685E+9	+2.710339E-1	-8.726760E-1
+7.378700E+9	+2.679318E-1	-8.717458E-1
+7.378715E+9	+2.680921E-1	-8.734565E-1
+7.378730E+9	+2.694754E-1	-8.737993E-1
+7.378745E+9	+2.688813E-1	-8.727658E-1
+7.378760E+9	+2.678472E-1	-8.728273E-1
+7.378775E+9	+2.681524E-1	-8.748858E-1
+7.378790E+9	+2.676073E-1	-8.749356E-1
+7.378805E+9	+2.680421E-1	-8.747968E-1
+7.378820E+9	+2.680212E-1	-8.740721E-1
+7.378835E+9	+2.674900E-1	-8.747483E-1
+7.378850E+9	+2.668921E-1	-8.741425E-1
+7.378865E+9	+2.664910E-1	-8.737278E-1
+7.378880E+9	+2.668898E-1	-8.735809E-1
+7.378895E+9	+2.666185E-1	-8.733838E-1
+7.378910E+9	+2.666358E-1	-8.735056E-1
+7.378925E+9	+2.670283E-1	-8.741170E-1
+7.378940E+9	+2.662270E-1	-8.743139E-1
+7.378955E+9	+2.650877E-1	-8.743952E-1
+7.378970E+9	+2.648127E-1	-8.746155E-1
+7.378985E+9	+2.648141E-1	-8.747555E-1
+7.379000E+9	+2.652018E-1	-8.748061E-1
+7.379015E+9	+2.647683E-1	-8.736967E-1
+7.379030E+9	+2.648385E-1	-8.740637E-1
+7.379045E+9	+2.650601E-1	-8.749406E-1
+7.379060E+9	+2.643810E-1	-8.763665E-1
+7.379075E+9	+2.642466E-1	-8.751096E-1
+7.379090E+9	+2.632301E-1	-8.756263E-1
+7.379105E+9	+2.636736E-1	-8.751803E-1
+7.379120E+9	+2.641691E-1	-8.749281E-1
+7.379135E+9	+2.644274E-1	-8.758881E-1
+7.379150E+9	+2.628485E-1	-8.748100E-1
+7.379165E+9	+2.620981E-1	-8.742572E-1
+7.379180E+9	+2.627651E-1	-8.747629E-1
+7.379195E+9	+2.614298E-1	-8.753335E-1
+7.379210E+9	+2.615038E-1	-8.760573E-1
+7.379225E+9	+2.619858E-1	-8.773547E-1
+7.379240E+9	+2.610040E-1	-8.769656E-1
+7.379255E+9	+2.606506E-1	-8.761562E-1
+7.379270E+9	+2.604607E-1	-8.756533E-1
+7.379285E+9	+2.604122E-1	-8.753242E-1
+7.379300E+9	+2.608661E-1	-8.748038E-1
+7.379315E+9	+2.599851E-1	-8.752607E-1
+7.379330E+9	+2.597927E-1	-8.766976E-1
+7.379345E+9	+2.595067E-1	-8.769851E-1
+7.379360E+9	+2.591107E-1	-8.774125E-1
+7.379375E+9	+2.597980E-1	-8.756251E-1
+7.379390E+9	+2.599256E-1	-8.759700E-1
+7.379405E+9	+2.597173E-1	-8.758298E-1
+7.379420E+9	+2.585840E-1	-8.755500E-1
+7.379435E+9	+2.585467E-1	-8.759694E-1
+7.379450E+9	+2.583701E-1	-8.768652E-1
+7.379465E+9	+2.580827E-1	-8.769089E-1
+7.379480E+9	+2.584354E-1	-8.766006E-1
+7.379495E+9	+2.582778E-1	-8.765053E-1
+7.379510E+9	+2.578252E-1	-8.764615E-1
+7.379525E+9	+2.566544E-1	-8.782629E-1
+7.379540E+9	+2.563497E-1	-8.775351E-1
+7.379555E+9	+2.560365E-1	-8.779487E-1
+7.379570E+9	+2.554423E-1	-8.788517E-1
+7.379585E+9	+2.555562E-1	-8.786574E-1
+7.379600E+9	+2.551592E-1	-8.775243E-1
+7.379615E+9	+2.550027E-1	-8.774097E-1
+7.379630E+9	+2.555479E-1	-8.768225E-1
+7.379645E+9	+2.555057E-1	-8.771864E-1
+7.379660E+9	+2.553360E-1	-8.777006E-1
+7.379675E+9	+2.539343E-1	-8.773091E-1
+7.379690E+9	+2.545929E-1	-8.780276E-1
+7.379705E+9	+2.548998E-1	-8.780965E-1
+7.379720E+9	+2.542785E-1	-8.775672E-1
+7.379735E+9	+2.538189E-1	-8.785785E-1
+7.379750E+9	+2.548413E-1	-8.771651E-1
+7.379765E+9	+2.527549E-1	-8.772133E-1
+7.379780E+9	+2.527286E-1	-8.780332E-1
+7.379795E+9	+2.531850E-1	-8.781097E-1
+7.379810E+9	+2.535534E-1	-8.785633E-1
+7.379825E+9	+2.534730E-1	-8.785443E-1
+7.379840E+9	+2.529197E-1	-8.788308E-1
+7.379855E+9	+2.526628E-1	-8.792791E-1
+7.379870E+9	+2.521414E-1	-8.788847E-1
+7.379885E+9	+2.511431E-1	-8.789065E-1
+7.379900E+9	+2.511879E-1	-8.780208E-1
+7.379915E+9	+2.514774E-1	-8.783140E-1
+7.379930E+9	+2.507000E-1	-8.781538E-1
+7.379945E+9	+2.501243E-1	-8.784507E-1
+7.379960E+9	+2.509764E-1	-8.783156E-1
+7.379975E+9	+2.510376E-1	-8.791601E-1
+7.379990E+9	+2.498511E-1	-8.801401E-1
+7.380005E+9	+2.502154E-1	-8.806706E-1
+7.380020E+9	+2.503553E-1	-8.800292E-1
+7.380035E+9	+2.495312E-1	-8.795692E-1
+7.380050E+9	+2.497052E-1	-8.810706E-1
+7.380065E+9	+2.485108E-1	-8.807387E-1
+7.380080E+9	+2.479593E-1	-8.798977E-1
+7.380095E+9	+2.475784E-1	-8.798090E-1
+7.380110E+9	+2.488475E-1	-8.811126E-1
+7.380125E+9	+2.487365E-1	-8.804623E-1
+7.380140E+9	+2.476168E-1	-8.794762E-1
+7.380155E+9	+2.473977E-1	-8.792702E-1
+7.380170E+9	+2.471668E-1	-8.796028E-1
+7.380185E+9	+2.472769E-1	-8.800659E-1
+7.380200E+9	+2.474863E-1	-8.806683E-1
+7.380215E+9	+2.476011E-1	-8.812073E-1
+7.380230E+9	+2.468053E-1	-8.803753E-1
+7.380245E+9	+2.464440E-1	-8.805250E-1
+7.380260E+9	+2.463303E-1	-8.808521E-1
+7.380275E+9	+2.454918E-1	-8.798285E-1
+7.380290E+9	+2.447361E-1	-8.804064E-1
+7.380305E+9	+2.444321E-1	-8.804415E-1
+7.380320E+9	+2.438812E-1	-8.808573E-1
+7.380335E+9	+2.440266E-1	-8.816362E-1
+7.380350E+9	+2.445079E-1	-8.812811E-1
+7.380365E+9	+2.450996E-1	-8.811050E-1
+7.380380E+9	+2.446356E-1	-8.811381E-1
+7.380395E+9	+2.439655E-1	-8.815485E-1
+7.380410E+9	+2.442418E-1	-8.818742E-1
+7.380425E+9	+2.443909E-1	-8.809859E-1
+7.380440E+9	+2.445964E-1	-8.815130E-1
+7.380455E+9	+2.432093E-1	-8.813707E-1
+7.380470E+9	+2.431311E-1	-8.814706E-1
+7.380485E+9	+2.432790E-1	-8.816350E-1
+7.380500E+9	+2.433260E-1	-8.808094E-1
+7.380515E+9	+2.421713E-1	-8.810367E-1
+7.380530E+9	+2.416310E-1	-8.810251E-1
+7.380545E+9	+2.417400E-1	-8.810665E-1
+7.380560E+9	+2.422033E-1	-8.818755E-1
+7.380575E+9	+2.410725E-1	-8.829004E-1
+7.380590E+9	+2.419293E-1	-8.827461E-1
+7.380605E+9	+2.415668E-1	-8.818447E-1
+7.380620E+9	+2.407560E-1	-8.824335E-1
+7.380635E+9	+2.400036E-1	-8.821649E-1
+7.380650E+9	+2.408959E-1	-8.831107E-1
+7.380665E+9	+2.401735E-1	-8.833126E-1
+7.380680E+9	+2.396694E-1	-8.829580E-1
+7.380695E+9	+2.398597E-1	-8.822949E-1
+7.380710E+9	+2.400458E-1	-8.818053E-1
+7.380725E+9	+2.396386E-1	-8.823272E-1
+7.380740E+9	+2.390484E-1	-8.825029E-1
+7.380755E+9	+2.384683E-1	-8.827287E-1
+7.380770E+9	+2.388888E-1	-8.835452E-1
+7.380785E+9	+2.385530E-1	-8.827112E-1
+7.380800E+9	+2.387829E-1	-8.830535E-1
+7.380815E+9	+2.379972E-1	-8.823922E-1
+7.380830E+9	+2.374977E-1	-8.823016E-1
+7.380845E+9	+2.372166E-1	-8.814047E-1
+7.380860E+9	+2.368764E-1	-8.825740E-1
+7.380875E+9	+2.361480E-1	-8.833304E-1
+7.380890E+9	+2.368418E-1	-8.834986E-1
+7.380905E+9	+2.378616E-1	-8.830981E-1
+7.380920E+9	+2.376349E-1	-8.837098E-1
+7.380935E+9	+2.367170E-1	-8.834061E-1
+7.380950E+9	+2.370484E-1	-8.826608E-1
+7.380965E+9	+2.362783E-1	-8.838344E-1
+7.380980E+9	+2.351001E-1	-8.838794E-1
+7.380995E+9	+2.348583E-1	-8.834820E-1
+7.381010E+9	+2.352086E-1	-8.829253E-1
+7.381025E+9	+2.351465E-1	-8.834486E-1
+7.381040E+9	+2.341605E-1	-8.840767E-1
+7.381055E+9	+2.335783E-1	-8.840960E-1
+7.381070E+9	+2.338434E-1	-8.841669E-1
+7.381085E+9	+2.337683E-1	-8.837414E-1
+7.381100E+9	+2.353434E-1	-8.832139E-1
+7.381115E+9	+2.349633E-1	-8.837463E-1
+7.381130E+9	+2.338460E-1	-8.843419E-1
+7.381145E+9	+2.317611E-1	-8.850797E-1
+7.381160E+9	+2.327196E-1	-8.836683E-1
+7.381175E+9	+2.340962E-1	-8.827503E-1
+7.381190E+9	+2.329152E-1	-8.844954E-1
+7.381205E+9	+2.319207E-1	-8.851106E-1
+7.381220E+9	+2.328590E-1	-8.847735E-1
+7.381235E+9	+2.326391E-1	-8.851846E-1
+7.381250E+9	+2.319438E-1	-8.853367E-1
+7.381265E+9	+2.313120E-1	-8.850048E-1
+7.381280E+9	+2.310127E-1	-8.853116E-1
+7.381295E+9	+2.307352E-1	-8.845529E-1
+7.381310E+9	+2.303570E-1	-8.851818E-1
+7.381325E+9	+2.306068E-1	-8.847402E-1
+7.381340E+9	+2.298405E-1	-8.854682E-1
+7.381355E+9	+2.296406E-1	-8.854757E-1
+7.381370E+9	+2.297853E-1	-8.857729E-1
+7.381385E+9	+2.294679E-1	-8.864164E-1
+7.381400E+9	+2.299637E-1	-8.858952E-1
+7.381415E+9	+2.288082E-1	-8.856447E-1
+7.381430E+9	+2.284392E-1	-8.857867E-1
+7.381445E+9	+2.281190E-1	-8.862314E-1
+7.381460E+9	+2.273904E-1	-8.860967E-1
+7.381475E+9	+2.293295E-1	-8.856929E-1
+7.381490E+9	+2.296277E-1	-8.858261E-1
+7.381505E+9	+2.282364E-1	-8.856098E-1
+7.381520E+9	+2.271592E-1	-8.864358E-1
+7.381535E+9	+2.270651E-1	-8.866191E-1
+7.381550E+9	+2.275871E-1	-8.851569E-1
+7.381565E+9	+2.268216E-1	-8.855750E-1
+7.381580E+9	+2.258781E-1	-8.862543E-1
+7.381595E+9	+2.256662E-1	-8.873516E-1
+7.381610E+9	+2.261721E-1	-8.867284E-1
+7.381625E+9	+2.269731E-1	-8.865377E-1
+7.381640E+9	+2.263152E-1	-8.874494E-1
+7.381655E+9	+2.249725E-1	-8.873950E-1
+7.381670E+9	+2.243825E-1	-8.871514E-1
+7.381685E+9	+2.245879E-1	-8.868206E-1
+7.381700E+9	+2.246638E-1	-8.859718E-1
+7.381715E+9	+2.242560E-1	-8.862703E-1
+7.381730E+9	+2.250778E-1	-8.857461E-1
+7.381745E+9	+2.239865E-1	-8.859100E-1
+7.381760E+9	+2.240189E-1	-8.858722E-1
+7.381775E+9	+2.247549E-1	-8.864137E-1
+7.381790E+9	+2.244326E-1	-8.864344E-1
+7.381805E+9	+2.233544E-1	-8.873634E-1
+7.381820E+9	+2.232358E-1	-8.883463E-1
+7.381835E+9	+2.231123E-1	-8.879747E-1
+7.381850E+9	+2.235282E-1	-8.876361E-1
+7.381865E+9	+2.224899E-1	-8.869334E-1
+7.381880E+9	+2.224264E-1	-8.863226E-1
+7.381895E+9	+2.229670E-1	-8.861723E-1
+7.381910E+9	+2.229395E-1	-8.869358E-1
+7.381925E+9	+2.219471E-1	-8.879099E-1
+7.381940E+9	+2.217640E-1	-8.869456E-1
+7.381955E+9	+2.209059E-1	-8.860983E-1
+7.381970E+9	+2.204821E-1	-8.860797E-1
+7.381985E+9	+2.210280E-1	-8.872874E-1
+7.382000E+9	+2.207308E-1	-8.865062E-1
+7.382015E+9	+2.206894E-1	-8.869256E-1
+7.382030E+9	+2.196353E-1	-8.875130E-1
+7.382045E+9	+2.192015E-1	-8.872944E-1
+7.382060E+9	+2.189359E-1	-8.875317E-1
+7.382075E+9	+2.193650E-1	-8.875804E-1
+7.382090E+9	+2.191942E-1	-8.874641E-1
+7.382105E+9	+2.187438E-1	-8.875513E-1
+7.382120E+9	+2.187262E-1	-8.878944E-1
+7.382135E+9	+2.187746E-1	-8.883155E-1
+7.382150E+9	+2.190321E-1	-8.886029E-1
+7.382165E+9	+2.188195E-1	-8.883633E-1
+7.382180E+9	+2.175837E-1	-8.873320E-1
+7.382195E+9	+2.177590E-1	-8.864511E-1
+7.382210E+9	+2.179590E-1	-8.877062E-1
+7.382225E+9	+2.170839E-1	-8.881350E-1
+7.382240E+9	+2.155702E-1	-8.889609E-1
+7.382255E+9	+2.157982E-1	-8.885689E-1
+7.382270E+9	+2.158297E-1	-8.886858E-1
+7.382285E+9	+2.167201E-1	-8.885958E-1
+7.382300E+9	+2.161839E-1	-8.885892E-1
+7.382315E+9	+2.149841E-1	-8.882331E-1
+7.382330E+9	+2.157914E-1	-8.886913E-1
+7.382345E+9	+2.156851E-1	-8.895931E-1
+7.382360E+9	+2.153940E-1	-8.902428E-1
+7.382375E+9	+2.149633E-1	-8.895149E-1
+7.382390E+9	+2.150633E-1	-8.898192E-1
+7.382405E+9	+2.148761E-1	-8.897076E-1
+7.382420E+9	+2.144969E-1	-8.891744E-1
+7.382435E+9	+2.148071E-1	-8.890016E-1
+7.382450E+9	+2.147715E-1	-8.894386E-1
+7.382465E+9	+2.147496E-1	-8.901398E-1
+7.382480E+9	+2.141405E-1	-8.898928E-1
+7.382495E+9	+2.137721E-1	-8.897961E-1
+7.382510E+9	+2.134702E-1	-8.889115E-1
+7.382525E+9	+2.125469E-1	-8.897284E-1
+7.382540E+9	+2.131009E-1	-8.897624E-1
+7.382555E+9	+2.130305E-1	-8.896623E-1
+7.382570E+9	+2.120929E-1	-8.895698E-1
+7.382585E+9	+2.119468E-1	-8.893673E-1
+7.382600E+9	+2.118871E-1	-8.906843E-1
+7.382615E+9	+2.114533E-1	-8.912442E-1
+7.382630E+9	+2.116760E-1	-8.908825E-1
+7.382645E+9	+2.114878E-1	-8.898164E-1
+7.382660E+9	+2.111051E-1	-8.899501E-1
+7.382675E+9	+2.101515E-1	-8.906067E-1
+7.382690E+9	+2.104491E-1	-8.904492E-1
+7.382705E+9	+2.099539E-1	-8.906607E-1
+7.382720E+9	+2.092199E-1	-8.904263E-1
+7.382735E+9	+2.097302E-1	-8.902626E-1
+7.382750E+9	+2.096543E-1	-8.915245E-1
+7.382765E+9	+2.086196E-1	-8.912126E-1
+7.382780E+9	+2.101291E-1	-8.902078E-1
+7.382795E+9	+2.100099E-1	-8.902839E-1
+7.382810E+9	+2.097726E-1	-8.897557E-1
+7.382825E+9	+2.093930E-1	-8.901420E-1
+7.382840E+9	+2.084960E-1	-8.899953E-1
+7.382855E+9	+2.076015E-1	-8.909362E-1
+7.382870E+9	+2.079089E-1	-8.911676E-1
+7.382885E+9	+2.075942E-1	-8.917435E-1
+7.382900E+9	+2.072269E-1	-8.915541E-1
+7.382915E+9	+2.075968E-1	-8.909200E-1
+7.382930E+9	+2.084451E-1	-8.909022E-1
+7.382945E+9	+2.077772E-1	-8.902300E-1
+7.382960E+9	+2.063008E-1	-8.914530E-1
+7.382975E+9	+2.076239E-1	-8.931421E-1
+7.382990E+9	+2.067354E-1	-8.926289E-1
+7.383005E+9	+2.056463E-1	-8.924357E-1
+7.383020E+9	+2.057387E-1	-8.926452E-1
+7.383035E+9	+2.056334E-1	-8.920985E-1
+7.383050E+9	+2.060664E-1	-8.918200E-1
+7.383065E+9	+2.062381E-1	-8.923344E-1
+7.383080E+9	+2.058256E-1	-8.918939E-1
+7.383095E+9	+2.051820E-1	-8.919934E-1
+7.383110E+9	+2.055487E-1	-8.913400E-1
+7.383125E+9	+2.047665E-1	-8.918049E-1
+7.383140E+9	+2.036036E-1	-8.911422E-1
+7.383155E+9	+2.033430E-1	-8.915556E-1
+7.383170E+9	+2.029296E-1	-8.921531E-1
+7.383185E+9	+2.032549E-1	-8.924441E-1
+7.383200E+9	+2.046044E-1	-8.924018E-1
+7.383215E+9	+2.033844E-1	-8.926012E-1
+7.383230E+9	+2.030758E-1	-8.928946E-1
+7.383245E+9	+2.019459E-1	-8.928776E-1
+7.383260E+9	+2.022048E-1	-8.921548E-1
+7.383275E+9	+2.015577E-1	-8.927119E-1
+7.383290E+9	+2.011702E-1	-8.929695E-1
+7.383305E+9	+2.013387E-1	-8.926035E-1
+7.383320E+9	+2.015896E-1	-8.917756E-1
+7.383335E+9	+2.010073E-1	-8.918030E-1
+7.383350E+9	+2.003897E-1	-8.919590E-1
+7.383365E+9	+2.010175E-1	-8.920879E-1
+7.383380E+9	+2.007621E-1	-8.923608E-1
+7.383395E+9	+2.008828E-1	-8.925788E-1
+7.383410E+9	+2.009431E-1	-8.930813E-1
+7.383425E+9	+2.006443E-1	-8.930679E-1
+7.383440E+9	+1.997491E-1	-8.933470E-1
+7.383455E+9	+1.997948E-1	-8.926544E-1
+7.383470E+9	+1.991403E-1	-8.924092E-1
+7.383485E+9	+1.981812E-1	-8.926146E-1
+7.383500E+9	+1.989535E-1	-8.934941E-1
+7.383515E+9	+1.983683E-1	-8.928062E-1
+7.383530E+9	+1.986249E-1	-8.927724E-1
+7.383545E+9	+1.986590E-1	-8.939843E-1
+7.383560E+9	+1.987843E-1	-8.943243E-1
+7.383575E+9	+1.984858E-1	-8.940665E-1
+7.383590E+9	+1.968229E-1	-8.933126E-1
+7.383605E+9	+1.965969E-1	-8.926637E-1
+7.383620E+9	+1.966859E-1	-8.925299E-1
+7.383635E+9	+1.972179E-1	-8.927655E-1
+7.383650E+9	+1.969359E-1	-8.927192E-1
+7.383665E+9	+1.972193E-1	-8.924277E-1
+7.383680E+9	+1.971763E-1	-8.929730E-1
+7.383695E+9	+1.971793E-1	-8.933409E-1
+7.383710E+9	+1.971825E-1	-8.938245E-1
+7.383725E+9	+1.962551E-1	-8.947390E-1
+7.383740E+9	+1.958338E-1	-8.949795E-1
+7.383755E+9	+1.952502E-1	-8.947855E-1
+7.383770E+9	+1.942784E-1	-8.944176E-1
+7.383785E+9	+1.952372E-1	-8.938861E-1
+7.383800E+9	+1.948792E-1	-8.941140E-1
+7.383815E+9	+1.937557E-1	-8.943039E-1
+7.383830E+9	+1.944138E-1	-8.951228E-1
+7.383845E+9	+1.939387E-1	-8.944527E-1
+7.383860E+9	+1.940196E-1	-8.943484E-1
+7.383875E+9	+1.927422E-1	-8.946948E-1
+7.383890E+9	+1.928554E-1	-8.950843E-1
+7.383905E+9	+1.924671E-1	-8.954031E-1
+7.383920E+9	+1.917820E-1	-8.949529E-1
+7.383935E+9	+1.916960E-1	-8.951199E-1
+7.383950E+9	+1.931515E-1	-8.931312E-1
+7.383965E+9	+1.927490E-1	-8.942786E-1
+7.383980E+9	+1.918383E-1	-8.958465E-1
+7.383995E+9	+1.916351E-1	-8.958674E-1
+7.384010E+9	+1.923222E-1	-8.944628E-1
+7.384025E+9	+1.915056E-1	-8.950677E-1
+7.384040E+9	+1.917264E-1	-8.956520E-1
+7.384055E+9	+1.919974E-1	-8.956663E-1
+7.384070E+9	+1.910199E-1	-8.950621E-1
+7.384085E+9	+1.904250E-1	-8.947128E-1
+7.384100E+9	+1.899165E-1	-8.947764E-1
+7.384115E+9	+1.903593E-1	-8.955276E-1
+7.384130E+9	+1.901536E-1	-8.955810E-1
+7.384145E+9	+1.906838E-1	-8.951692E-1
+7.384160E+9	+1.907545E-1	-8.951214E-1
+7.384175E+9	+1.900782E-1	-8.968423E-1
+7.384190E+9	+1.887151E-1	-8.972813E-1
+7.384205E+9	+1.889400E-1	-8.957140E-1
+7.384220E+9	+1.882129E-1	-8.962074E-1
+7.384235E+9	+1.882364E-1	-8.961910E-1
+7.384250E+9	+1.884998E-1	-8.957387E-1
+7.384265E+9	+1.885732E-1	-8.951768E-1
+7.384280E+9	+1.881283E-1	-8.951450E-1
+7.384295E+9	+1.880102E-1	-8.964464E-1
+7.384310E+9	+1.865654E-1	-8.971323E-1
+7.384325E+9	+1.866381E-1	-8.969875E-1
+7.384340E+9	+1.866876E-1	-8.972437E-1
+7.384355E+9	+1.863423E-1	-8.967802E-1
+7.384370E+9	+1.862210E-1	-8.962104E-1
+7.384385E+9	+1.860303E-1	-8.960397E-1
+7.384400E+9	+1.869257E-1	-8.959719E-1
+7.384415E+9	+1.860018E-1	-8.965491E-1
+7.384430E+9	+1.855641E-1	-8.968952E-1
+7.384445E+9	+1.853465E-1	-8.972704E-1
+7.384460E+9	+1.850703E-1	-8.968867E-1
+7.384475E+9	+1.847375E-1	-8.969821E-1
+7.384490E+9	+1.852162E-1	-8.970446E-1
+7.384505E+9	+1.851113E-1	-8.968415E-1
+7.384520E+9	+1.840971E-1	-8.969915E-1
+7.384535E+9	+1.835810E-1	-8.969858E-1
+7.384550E+9	+1.838727E-1	-8.968440E-1
+7.384565E+9	+1.833569E-1	-8.968589E-1
+7.384580E+9	+1.829758E-1	-8.969939E-1
+7.384595E+9	+1.824103E-1	-8.969332E-1
+7.384610E+9	+1.834804E-1	-8.967673E-1
+7.384625E+9	+1.844809E-1	-8.958816E-1
+7.384640E+9	+1.835538E-1	-8.965877E-1
+7.384655E+9	+1.828347E-1	-8.979938E-1
+7.384670E+9	+1.823292E-1	-8.974390E-1
+7.384685E+9	+1.819211E-1	-8.966382E-1
+7.384700E+9	+1.824943E-1	-8.969636E-1
+7.384715E+9	+1.815321E-1	-8.971336E-1
+7.384730E+9	+1.818552E-1	-8.969649E-1
+7.384745E+9	+1.812900E-1	-8.975000E-1
+7.384760E+9	+1.811827E-1	-8.975368E-1
+7.384775E+9	+1.814055E-1	-8.963918E-1
+7.384790E+9	+1.802770E-1	-8.963113E-1
+7.384805E+9	+1.791012E-1	-8.964007E-1
+7.384820E+9	+1.785727E-1	-8.964609E-1
+7.384835E+9	+1.802678E-1	-8.978059E-1
+7.384850E+9	+1.804388E-1	-8.984113E-1
+7.384865E+9	+1.797517E-1	-8.981722E-1
+7.384880E+9	+1.793497E-1	-8.974077E-1
+7.384895E+9	+1.782509E-1	-8.980799E-1
+7.384910E+9	+1.780053E-1	-8.979326E-1
+7.384925E+9	+1.785842E-1	-8.979468E-1
+7.384940E+9	+1.783032E-1	-8.988021E-1
+7.384955E+9	+1.788703E-1	-8.985044E-1
+7.384970E+9	+1.785542E-1	-8.990111E-1
+7.384985E+9	+1.778181E-1	-8.989986E-1
+7.385000E+9	+1.781002E-1	-8.983799E-1
+7.385015E+9	+1.772493E-1	-8.987855E-1
+7.385030E+9	+1.776884E-1	-8.985676E-1
+7.385045E+9	+1.780356E-1	-8.986055E-1
+7.385060E+9	+1.776021E-1	-8.983033E-1
+7.385075E+9	+1.768719E-1	-8.995150E-1
+7.385090E+9	+1.760523E-1	-8.990499E-1
+7.385105E+9	+1.760288E-1	-8.985680E-1
+7.385120E+9	+1.756487E-1	-8.989104E-1
+7.385135E+9	+1.749151E-1	-8.989975E-1
+7.385150E+9	+1.757490E-1	-8.977116E-1
+7.385165E+9	+1.750923E-1	-8.974496E-1
+7.385180E+9	+1.750845E-1	-8.989943E-1
+7.385195E+9	+1.744766E-1	-8.989913E-1
+7.385210E+9	+1.741381E-1	-8.989983E-1
+7.385225E+9	+1.744433E-1	-8.979460E-1
+7.385240E+9	+1.738204E-1	-8.985575E-1
+7.385255E+9	+1.746475E-1	-8.988192E-1
+7.385270E+9	+1.734197E-1	-8.994068E-1
+7.385285E+9	+1.730408E-1	-8.989103E-1
+7.385300E+9	+1.737614E-1	-8.976710E-1
+7.385315E+9	+1.735672E-1	-8.979262E-1
+7.385330E+9	+1.727852E-1	-8.982874E-1
+7.385345E+9	+1.726036E-1	-8.984619E-1
+7.385360E+9	+1.725100E-1	-8.993145E-1
+7.385375E+9	+1.720618E-1	-8.993407E-1
+7.385390E+9	+1.719006E-1	-8.993612E-1
+7.385405E+9	+1.711308E-1	-8.994030E-1
+7.385420E+9	+1.702071E-1	-8.991677E-1
+7.385435E+9	+1.706400E-1	-8.996121E-1
+7.385450E+9	+1.722028E-1	-9.001680E-1
+7.385465E+9	+1.715258E-1	-8.995923E-1
+7.385480E+9	+1.704422E-1	-8.995735E-1
+7.385495E+9	+1.696081E-1	-9.000644E-1
+7.385510E+9	+1.695798E-1	-9.005629E-1
+7.385525E+9	+1.700385E-1	-9.002012E-1
+7.385540E+9	+1.699789E-1	-8.992763E-1
+7.385555E+9	+1.699969E-1	-8.989873E-1
+7.385570E+9	+1.697093E-1	-9.000912E-1
+7.385585E+9	+1.687763E-1	-8.996592E-1
+7.385600E+9	+1.681095E-1	-8.989675E-1
+7.385615E+9	+1.683913E-1	-8.991486E-1
+7.385630E+9	+1.681423E-1	-8.992934E-1
+7.385645E+9	+1.677864E-1	-8.995937E-1
+7.385660E+9	+1.675978E-1	-9.006649E-1
+7.385675E+9	+1.693273E-1	-9.004850E-1
+7.385690E+9	+1.692513E-1	-9.003745E-1
+7.385705E+9	+1.687473E-1	-9.007015E-1
+7.385720E+9	+1.679374E-1	-9.017975E-1
+7.385735E+9	+1.674820E-1	-9.010320E-1
+7.385750E+9	+1.658877E-1	-8.995707E-1
+7.385765E+9	+1.658991E-1	-9.003234E-1
+7.385780E+9	+1.658440E-1	-9.002345E-1
+7.385795E+9	+1.653721E-1	-9.000385E-1
+7.385810E+9	+1.645900E-1	-9.009197E-1
+7.385825E+9	+1.666635E-1	-9.012605E-1
+7.385840E+9	+1.648088E-1	-9.014587E-1
+7.385855E+9	+1.639284E-1	-9.008509E-1
+7.385870E+9	+1.639114E-1	-9.006639E-1
+7.385885E+9	+1.645585E-1	-9.010964E-1
+7.385900E+9	+1.639847E-1	-9.010100E-1
+7.385915E+9	+1.646285E-1	-9.006397E-1
+7.385930E+9	+1.648965E-1	-9.012780E-1
+7.385945E+9	+1.640168E-1	-9.013031E-1
+7.385960E+9	+1.639048E-1	-9.018481E-1
+7.385975E+9	+1.644509E-1	-9.009166E-1
+7.385990E+9	+1.637767E-1	-9.008777E-1
+7.386005E+9	+1.629865E-1	-9.008646E-1
+7.386020E+9	+1.623152E-1	-9.005546E-1
+7.386035E+9	+1.626566E-1	-9.005964E-1
+7.386050E+9	+1.635589E-1	-9.010731E-1
+7.386065E+9	+1.631984E-1	-9.015623E-1
+7.386080E+9	+1.628444E-1	-9.015839E-1
+7.386095E+9	+1.617624E-1	-9.012553E-1
+7.386110E+9	+1.617242E-1	-9.013882E-1
+7.386125E+9	+1.624675E-1	-9.015448E-1
+7.386140E+9	+1.621273E-1	-9.016536E-1
+7.386155E+9	+1.603129E-1	-9.004722E-1
+7.386170E+9	+1.599818E-1	-9.009075E-1
+7.386185E+9	+1.602891E-1	-9.015112E-1
+7.386200E+9	+1.608259E-1	-9.011904E-1
+7.386215E+9	+1.603516E-1	-9.011121E-1
+7.386230E+9	+1.597609E-1	-9.016300E-1
+7.386245E+9	+1.593998E-1	-9.006049E-1
+7.386260E+9	+1.597154E-1	-9.010026E-1
+7.386275E+9	+1.582406E-1	-9.028516E-1
+7.386290E+9	+1.592697E-1	-9.026722E-1
+7.386305E+9	+1.597924E-1	-9.026622E-1
+7.386320E+9	+1.585987E-1	-9.024094E-1
+7.386335E+9	+1.577201E-1	-9.022106E-1
+7.386350E+9	+1.579861E-1	-9.015478E-1
+7.386365E+9	+1.580852E-1	-9.019416E-1
+7.386380E+9	+1.576593E-1	-9.020825E-1
+7.386395E+9	+1.575690E-1	-9.019767E-1
+7.386410E+9	+1.572601E-1	-9.013323E-1
+7.386425E+9	+1.579101E-1	-9.029321E-1
+7.386440E+9	+1.566949E-1	-9.026229E-1
+7.386455E+9	+1.552185E-1	-9.025421E-1
+7.386470E+9	+1.544555E-1	-9.023648E-1
+7.386485E+9	+1.550268E-1	-9.033200E-1
+7.386500E+9	+1.563475E-1	-9.031805E-1
+7.386515E+9	+1.559320E-1	-9.030309E-1
+7.386530E+9	+1.554761E-1	-9.029450E-1
+7.386545E+9	+1.549332E-1	-9.028499E-1
+7.386560E+9	+1.546916E-1	-9.015358E-1
+7.386575E+9	+1.553594E-1	-9.001883E-1
+7.386590E+9	+1.547000E-1	-9.009965E-1
+7.386605E+9	+1.543325E-1	-9.012395E-1
+7.386620E+9	+1.537963E-1	-9.023827E-1
+7.386635E+9	+1.531830E-1	-9.030228E-1
+7.386650E+9	+1.540738E-1	-9.045197E-1
+7.386665E+9	+1.537270E-1	-9.040186E-1
+7.386680E+9	+1.532405E-1	-9.035054E-1
+7.386695E+9	+1.534344E-1	-9.036490E-1
+7.386710E+9	+1.538130E-1	-9.019533E-1
+7.386725E+9	+1.543849E-1	-9.021565E-1
+7.386740E+9	+1.535155E-1	-9.022114E-1
+7.386755E+9	+1.525004E-1	-9.021355E-1
+7.386770E+9	+1.511310E-1	-9.020101E-1
+7.386785E+9	+1.511110E-1	-9.027825E-1
+7.386800E+9	+1.519007E-1	-9.024811E-1
+7.386815E+9	+1.513048E-1	-9.023976E-1
+7.386830E+9	+1.524622E-1	-9.028702E-1
+7.386845E+9	+1.522717E-1	-9.036097E-1
+7.386860E+9	+1.514281E-1	-9.036295E-1
+7.386875E+9	+1.513779E-1	-9.033273E-1
+7.386890E+9	+1.507512E-1	-9.028864E-1
+7.386905E+9	+1.509364E-1	-9.033503E-1
+7.386920E+9	+1.497620E-1	-9.038423E-1
+7.386935E+9	+1.500999E-1	-9.036049E-1
+7.386950E+9	+1.490122E-1	-9.023136E-1
+7.386965E+9	+1.492804E-1	-9.028968E-1
+7.386980E+9	+1.501175E-1	-9.042727E-1
+7.386995E+9	+1.500016E-1	-9.034394E-1
+7.387010E+9	+1.492263E-1	-9.032866E-1
+7.387025E+9	+1.491462E-1	-9.031157E-1
+7.387040E+9	+1.483618E-1	-9.036309E-1
+7.387055E+9	+1.476293E-1	-9.043099E-1
+7.387070E+9	+1.470348E-1	-9.039998E-1
+7.387085E+9	+1.466776E-1	-9.016536E-1
+7.387100E+9	+1.476864E-1	-9.026173E-1
+7.387115E+9	+1.479488E-1	-9.022289E-1
+7.387130E+9	+1.467962E-1	-9.039024E-1
+7.387145E+9	+1.463194E-1	-9.044054E-1
+7.387160E+9	+1.460003E-1	-9.042006E-1
+7.387175E+9	+1.462096E-1	-9.038910E-1
+7.387190E+9	+1.465962E-1	-9.039645E-1
+7.387205E+9	+1.468785E-1	-9.034048E-1
+7.387220E+9	+1.463476E-1	-9.027085E-1
+7.387235E+9	+1.449607E-1	-9.026038E-1
+7.387250E+9	+1.452877E-1	-9.047432E-1
+7.387265E+9	+1.456391E-1	-9.040614E-1
+7.387280E+9	+1.456852E-1	-9.039093E-1
+7.387295E+9	+1.455877E-1	-9.055598E-1
+7.387310E+9	+1.452563E-1	-9.059537E-1
+7.387325E+9	+1.446402E-1	-9.062756E-1
+7.387340E+9	+1.446722E-1	-9.057221E-1
+7.387355E+9	+1.436169E-1	-9.034673E-1
+7.387370E+9	+1.433365E-1	-9.039048E-1
+7.387385E+9	+1.435888E-1	-9.043696E-1
+7.387400E+9	+1.434323E-1	-9.046405E-1
+7.387415E+9	+1.434539E-1	-9.034384E-1
+7.387430E+9	+1.429386E-1	-9.033352E-1
+7.387445E+9	+1.425015E-1	-9.037256E-1
+7.387460E+9	+1.428170E-1	-9.040616E-1
+7.387475E+9	+1.432670E-1	-9.047106E-1
+7.387490E+9	+1.420333E-1	-9.047296E-1
+7.387505E+9	+1.414860E-1	-9.041103E-1
+7.387520E+9	+1.423631E-1	-9.041093E-1
+7.387535E+9	+1.425990E-1	-9.047791E-1
+7.387550E+9	+1.412184E-1	-9.063940E-1
+7.387565E+9	+1.401546E-1	-9.060329E-1
+7.387580E+9	+1.404528E-1	-9.043893E-1
+7.387595E+9	+1.407180E-1	-9.043194E-1
+7.387610E+9	+1.408647E-1	-9.043815E-1
+7.387625E+9	+1.407960E-1	-9.047354E-1
+7.387640E+9	+1.405435E-1	-9.046989E-1
+7.387655E+9	+1.390423E-1	-9.065030E-1
+7.387670E+9	+1.402802E-1	-9.062484E-1
+7.387685E+9	+1.399660E-1	-9.061192E-1
+7.387700E+9	+1.389350E-1	-9.037472E-1
+7.387715E+9	+1.382770E-1	-9.044001E-1
+7.387730E+9	+1.381592E-1	-9.052052E-1
+7.387745E+9	+1.384778E-1	-9.061955E-1
+7.387760E+9	+1.384070E-1	-9.056557E-1
+7.387775E+9	+1.379744E-1	-9.045403E-1
+7.387790E+9	+1.374722E-1	-9.047722E-1
+7.387805E+9	+1.379132E-1	-9.054615E-1
+7.387820E+9	+1.378571E-1	-9.053655E-1
+7.387835E+9	+1.367560E-1	-9.052416E-1
+7.387850E+9	+1.375799E-1	-9.049917E-1
+7.387865E+9	+1.369600E-1	-9.055755E-1
+7.387880E+9	+1.364587E-1	-9.055445E-1
+7.387895E+9	+1.360973E-1	-9.054419E-1
+7.387910E+9	+1.355469E-1	-9.057564E-1
+7.387925E+9	+1.358558E-1	-9.062253E-1
+7.387940E+9	+1.355294E-1	-9.059726E-1
+7.387955E+9	+1.366113E-1	-9.056122E-1
+7.387970E+9	+1.358028E-1	-9.060888E-1
+7.387985E+9	+1.352201E-1	-9.059564E-1
+7.388000E+9	+1.353572E-1	-9.062584E-1
+7.388015E+9	+1.344995E-1	-9.066613E-1
+7.388030E+9	+1.334787E-1	-9.065640E-1
+7.388045E+9	+1.332737E-1	-9.064399E-1
+7.388060E+9	+1.333302E-1	-9.061640E-1
+7.388075E+9	+1.338276E-1	-9.062287E-1
+7.388090E+9	+1.341895E-1	-9.057953E-1
+7.388105E+9	+1.340577E-1	-9.059778E-1
+7.388120E+9	+1.330723E-1	-9.057925E-1
+7.388135E+9	+1.325868E-1	-9.055724E-1
+7.388150E+9	+1.325901E-1	-9.052815E-1
+7.388165E+9	+1.319027E-1	-9.060416E-1
+7.388180E+9	+1.314383E-1	-9.065577E-1
+7.388195E+9	+1.321551E-1	-9.062175E-1
+7.388210E+9	+1.309765E-1	-9.068175E-1
+7.388225E+9	+1.318291E-1	-9.058533E-1
+7.388240E+9	+1.315945E-1	-9.063937E-1
+7.388255E+9	+1.321933E-1	-9.070833E-1
+7.388270E+9	+1.316834E-1	-9.068694E-1
+7.388285E+9	+1.309182E-1	-9.066715E-1
+7.388300E+9	+1.318850E-1	-9.069375E-1
+7.388315E+9	+1.316547E-1	-9.072646E-1
+7.388330E+9	+1.307475E-1	-9.076770E-1
+7.388345E+9	+1.302868E-1	-9.072016E-1
+7.388360E+9	+1.301638E-1	-9.064752E-1
+7.388375E+9	+1.296672E-1	-9.063789E-1
+7.388390E+9	+1.291642E-1	-9.066129E-1
+7.388405E+9	+1.292729E-1	-9.062018E-1
+7.388420E+9	+1.285113E-1	-9.077331E-1
+7.388435E+9	+1.286033E-1	-9.087379E-1
+7.388450E+9	+1.295784E-1	-9.072968E-1
+7.388465E+9	+1.288597E-1	-9.070795E-1
+7.388480E+9	+1.284847E-1	-9.072031E-1
+7.388495E+9	+1.286795E-1	-9.067942E-1
+7.388510E+9	+1.284679E-1	-9.060908E-1
+7.388525E+9	+1.279568E-1	-9.078130E-1
+7.388540E+9	+1.269190E-1	-9.075088E-1
+7.388555E+9	+1.267572E-1	-9.071511E-1
+7.388570E+9	+1.268373E-1	-9.068429E-1
+7.388585E+9	+1.260910E-1	-9.074470E-1
+7.388600E+9	+1.274739E-1	-9.068422E-1
+7.388615E+9	+1.268323E-1	-9.077161E-1
+7.388630E+9	+1.256798E-1	-9.077455E-1
+7.388645E+9	+1.255688E-1	-9.083208E-1
+7.388660E+9	+1.250325E-1	-9.077102E-1
+7.388675E+9	+1.243915E-1	-9.067390E-1
+7.388690E+9	+1.252072E-1	-9.071981E-1
+7.388705E+9	+1.257331E-1	-9.076530E-1
+7.388720E+9	+1.253163E-1	-9.074455E-1
+7.388735E+9	+1.241522E-1	-9.072103E-1
+7.388750E+9	+1.231005E-1	-9.072044E-1
+7.388765E+9	+1.226444E-1	-9.065920E-1
+7.388780E+9	+1.253254E-1	-9.070795E-1
+7.388795E+9	+1.246944E-1	-9.074601E-1
+7.388810E+9	+1.233347E-1	-9.073857E-1
+7.388825E+9	+1.223403E-1	-9.069761E-1
+7.388840E+9	+1.217349E-1	-9.078249E-1
+7.388855E+9	+1.224696E-1	-9.063904E-1
+7.388870E+9	+1.223631E-1	-9.057809E-1
+7.388885E+9	+1.226121E-1	-9.067725E-1
+7.388900E+9	+1.233519E-1	-9.070442E-1
+7.388915E+9	+1.225834E-1	-9.076094E-1
+7.388930E+9	+1.218540E-1	-9.075064E-1
+7.388945E+9	+1.215744E-1	-9.079326E-1
+7.388960E+9	+1.212321E-1	-9.074306E-1
+7.388975E+9	+1.207361E-1	-9.071039E-1
+7.388990E+9	+1.208289E-1	-9.081127E-1
+7.389005E+9	+1.204819E-1	-9.090857E-1
+7.389020E+9	+1.208372E-1	-9.091711E-1
+7.389035E+9	+1.201192E-1	-9.085774E-1
+7.389050E+9	+1.200164E-1	-9.087447E-1
+7.389065E+9	+1.191940E-1	-9.091720E-1
+7.389080E+9	+1.186538E-1	-9.094434E-1
+7.389095E+9	+1.185224E-1	-9.083733E-1
+7.389110E+9	+1.185249E-1	-9.081170E-1
+7.389125E+9	+1.184657E-1	-9.087700E-1
+7.389140E+9	+1.178499E-1	-9.078047E-1
+7.389155E+9	+1.174731E-1	-9.073016E-1
+7.389170E+9	+1.176972E-1	-9.078044E-1
+7.389185E+9	+1.187196E-1	-9.082625E-1
+7.389200E+9	+1.174276E-1	-9.084651E-1
+7.389215E+9	+1.174169E-1	-9.086315E-1
+7.389230E+9	+1.174805E-1	-9.086136E-1
+7.389245E+9	+1.173253E-1	-9.087924E-1
+7.389260E+9	+1.164920E-1	-9.087302E-1
+7.389275E+9	+1.174078E-1	-9.100112E-1
+7.389290E+9	+1.164309E-1	-9.093486E-1
+7.389305E+9	+1.162254E-1	-9.087658E-1
+7.389320E+9	+1.161445E-1	-9.090787E-1
+7.389335E+9	+1.158073E-1	-9.095642E-1
+7.389350E+9	+1.164394E-1	-9.096976E-1
+7.389365E+9	+1.157158E-1	-9.091818E-1
+7.389380E+9	+1.150193E-1	-9.083665E-1
+7.389395E+9	+1.141914E-1	-9.073868E-1
+7.389410E+9	+1.147217E-1	-9.078058E-1
+7.389425E+9	+1.144859E-1	-9.087724E-1
+7.389440E+9	+1.144732E-1	-9.090112E-1
+7.389455E+9	+1.143084E-1	-9.087900E-1
+7.389470E+9	+1.138345E-1	-9.080960E-1
+7.389485E+9	+1.148281E-1	-9.085280E-1
+7.389500E+9	+1.146162E-1	-9.097762E-1
+7.389515E+9	+1.146199E-1	-9.094199E-1
+7.389530E+9	+1.140153E-1	-9.097204E-1
+7.389545E+9	+1.127086E-1	-9.092423E-1
+7.389560E+9	+1.125768E-1	-9.088848E-1
+7.389575E+9	+1.130919E-1	-9.086197E-1
+7.389590E+9	+1.124803E-1	-9.084431E-1
+7.389605E+9	+1.123125E-1	-9.086726E-1
+7.389620E+9	+1.121544E-1	-9.090419E-1
+7.389635E+9	+1.118187E-1	-9.095828E-1
+7.389650E+9	+1.116193E-1	-9.088005E-1
+7.389665E+9	+1.101085E-1	-9.093580E-1
+7.389680E+9	+1.118063E-1	-9.099245E-1
+7.389695E+9	+1.111047E-1	-9.105678E-1
+7.389710E+9	+1.102667E-1	-9.102539E-1
+7.389725E+9	+1.101927E-1	-9.089762E-1
+7.389740E+9	+1.101662E-1	-9.094119E-1
+7.389755E+9	+1.095690E-1	-9.092173E-1
+7.389770E+9	+1.096353E-1	-9.087120E-1
+7.389785E+9	+1.100266E-1	-9.086999E-1
+7.389800E+9	+1.102493E-1	-9.084689E-1
+7.389815E+9	+1.098632E-1	-9.084302E-1
+7.389830E+9	+1.095998E-1	-9.088912E-1
+7.389845E+9	+1.096122E-1	-9.094832E-1
+7.389860E+9	+1.097468E-1	-9.102021E-1
+7.389875E+9	+1.098575E-1	-9.087437E-1
+7.389890E+9	+1.089009E-1	-9.095050E-1
+7.389905E+9	+1.083244E-1	-9.098543E-1
+7.389920E+9	+1.077377E-1	-9.098183E-1
+7.389935E+9	+1.072147E-1	-9.097789E-1
+7.389950E+9	+1.066542E-1	-9.099808E-1
+7.389965E+9	+1.071487E-1	-9.110166E-1
+7.389980E+9	+1.075377E-1	-9.107870E-1
+7.389995E+9	+1.072176E-1	-9.090799E-1
+7.390010E+9	+1.069384E-1	-9.094778E-1
+7.390025E+9	+1.070364E-1	-9.107866E-1
+7.390040E+9	+1.066875E-1	-9.109698E-1
+7.390055E+9	+1.064451E-1	-9.104516E-1
+7.390070E+9	+1.064187E-1	-9.097849E-1
+7.390085E+9	+1.061982E-1	-9.096471E-1
+7.390100E+9	+1.066029E-1	-9.099133E-1
+7.390115E+9	+1.051702E-1	-9.091920E-1
+7.390130E+9	+1.045980E-1	-9.090890E-1
+7.390145E+9	+1.050742E-1	-9.095663E-1
+7.390160E+9	+1.047634E-1	-9.098748E-1
+7.390175E+9	+1.041493E-1	-9.101301E-1
+7.390190E+9	+1.035660E-1	-9.105553E-1
+7.390205E+9	+1.033456E-1	-9.097271E-1
+7.390220E+9	+1.040480E-1	-9.091337E-1
+7.390235E+9	+1.047477E-1	-9.095610E-1
+7.390250E+9	+1.041609E-1	-9.094718E-1
+7.390265E+9	+1.027889E-1	-9.090564E-1
+7.390280E+9	+1.027890E-1	-9.095171E-1
+7.390295E+9	+1.021989E-1	-9.101323E-1
+7.390310E+9	+1.020843E-1	-9.108595E-1
+7.390325E+9	+1.033567E-1	-9.107532E-1
+7.390340E+9	+1.027596E-1	-9.104651E-1
+7.390355E+9	+1.017157E-1	-9.105057E-1
+7.390370E+9	+1.021979E-1	-9.106774E-1
+7.390385E+9	+1.018301E-1	-9.103784E-1
+7.390400E+9	+1.024956E-1	-9.093760E-1
+7.390415E+9	+1.017214E-1	-9.100787E-1
+7.390430E+9	+1.015751E-1	-9.098909E-1
+7.390445E+9	+1.008151E-1	-9.096462E-1
+7.390460E+9	+9.910796E-2	-9.103524E-1
+7.390475E+9	+1.003799E-1	-9.114856E-1
+7.390490E+9	+9.967215E-2	-9.107711E-1
+7.390505E+9	+1.011316E-1	-9.105497E-1
+7.390520E+9	+1.007763E-1	-9.101956E-1
+7.390535E+9	+9.976925E-2	-9.103528E-1
+7.390550E+9	+9.984896E-2	-9.117999E-1
+7.390565E+9	+9.894315E-2	-9.108116E-1
+7.390580E+9	+9.885671E-2	-9.100902E-1
+7.390595E+9	+9.841634E-2	-9.105877E-1
+7.390610E+9	+9.826598E-2	-9.112292E-1
+7.390625E+9	+9.807732E-2	-9.114066E-1
+7.390640E+9	+9.678810E-2	-9.103280E-1
+7.390655E+9	+9.725024E-2	-9.097615E-1
+7.390670E+9	+9.787375E-2	-9.114733E-1
+7.390685E+9	+9.846406E-2	-9.118600E-1
+7.390700E+9	+9.696505E-2	-9.106441E-1
+7.390715E+9	+9.649815E-2	-9.111099E-1
+7.390730E+9	+9.605463E-2	-9.118366E-1
+7.390745E+9	+9.639292E-2	-9.119171E-1
+7.390760E+9	+9.683592E-2	-9.114319E-1
+7.390775E+9	+9.773934E-2	-9.108437E-1
+7.390790E+9	+9.727634E-2	-9.108099E-1
+7.390805E+9	+9.614869E-2	-9.114304E-1
+7.390820E+9	+9.578301E-2	-9.111936E-1
+7.390835E+9	+9.604399E-2	-9.103396E-1
+7.390850E+9	+9.625437E-2	-9.097171E-1
+7.390865E+9	+9.605462E-2	-9.105394E-1
+7.390880E+9	+9.435822E-2	-9.120529E-1
+7.390895E+9	+9.312305E-2	-9.117898E-1
+7.390910E+9	+9.287546E-2	-9.115402E-1
+7.390925E+9	+9.460421E-2	-9.092450E-1
+7.390940E+9	+9.361225E-2	-9.100025E-1
+7.390955E+9	+9.346871E-2	-9.114037E-1
+7.390970E+9	+9.312966E-2	-9.108546E-1
+7.390985E+9	+9.472391E-2	-9.108276E-1
+7.391000E+9	+9.344636E-2	-9.111764E-1
+7.391015E+9	+9.274170E-2	-9.115006E-1
+7.391030E+9	+9.202390E-2	-9.112542E-1
+7.391045E+9	+9.192406E-2	-9.116337E-1
+7.391060E+9	+9.201505E-2	-9.114549E-1
+7.391075E+9	+9.389775E-2	-9.115159E-1
+7.391090E+9	+9.267935E-2	-9.113546E-1
+7.391105E+9	+9.171048E-2	-9.113758E-1
+7.391120E+9	+9.074291E-2	-9.117340E-1
+7.391135E+9	+9.062833E-2	-9.120719E-1
+7.391150E+9	+9.132030E-2	-9.121677E-1
+7.391165E+9	+9.073105E-2	-9.115661E-1
+7.391180E+9	+9.113449E-2	-9.117907E-1
+7.391195E+9	+9.076162E-2	-9.121410E-1
+7.391210E+9	+9.065000E-2	-9.119461E-1
+7.391225E+9	+9.048772E-2	-9.120590E-1
+7.391240E+9	+9.007421E-2	-9.113582E-1
+7.391255E+9	+8.945040E-2	-9.107069E-1
+7.391270E+9	+8.953091E-2	-9.109723E-1
+7.391285E+9	+8.904222E-2	-9.112107E-1
+7.391300E+9	+8.797794E-2	-9.112327E-1
+7.391315E+9	+8.724485E-2	-9.118901E-1
+7.391330E+9	+8.708910E-2	-9.123490E-1
+7.391345E+9	+8.731583E-2	-9.116726E-1
+7.391360E+9	+8.792725E-2	-9.109642E-1
+7.391375E+9	+8.753265E-2	-9.117328E-1
+7.391390E+9	+8.756256E-2	-9.123603E-1
+7.391405E+9	+8.838286E-2	-9.128041E-1
+7.391420E+9	+8.841072E-2	-9.128686E-1
+7.391435E+9	+8.788269E-2	-9.125610E-1
+7.391450E+9	+8.731575E-2	-9.128253E-1
+7.391465E+9	+8.726681E-2	-9.116521E-1
+7.391480E+9	+8.730525E-2	-9.108958E-1
+7.391495E+9	+8.688471E-2	-9.113887E-1
+7.391510E+9	+8.661260E-2	-9.117309E-1
+7.391525E+9	+8.693217E-2	-9.118173E-1
+7.391540E+9	+8.543585E-2	-9.123757E-1
+7.391555E+9	+8.473988E-2	-9.128696E-1
+7.391570E+9	+8.461369E-2	-9.123112E-1
+7.391585E+9	+8.448513E-2	-9.117215E-1
+7.391600E+9	+8.492238E-2	-9.111983E-1
+7.391615E+9	+8.437545E-2	-9.110283E-1
+7.391630E+9	+8.473267E-2	-9.111291E-1
+7.391645E+9	+8.433741E-2	-9.111859E-1
+7.391660E+9	+8.370811E-2	-9.117594E-1
+7.391675E+9	+8.317012E-2	-9.131988E-1
+7.391690E+9	+8.301200E-2	-9.129022E-1
+7.391705E+9	+8.263359E-2	-9.117779E-1
+7.391720E+9	+8.219441E-2	-9.110098E-1
+7.391735E+9	+8.258879E-2	-9.119083E-1
+7.391750E+9	+8.305519E-2	-9.129282E-1
+7.391765E+9	+8.304718E-2	-9.133821E-1
+7.391780E+9	+8.375076E-2	-9.136249E-1
+7.391795E+9	+8.290464E-2	-9.136764E-1
+7.391810E+9	+8.162130E-2	-9.140653E-1
+7.391825E+9	+8.186755E-2	-9.141137E-1
+7.391840E+9	+8.061076E-2	-9.128645E-1
+7.391855E+9	+8.062828E-2	-9.115905E-1
+7.391870E+9	+8.024871E-2	-9.122301E-1
+7.391885E+9	+8.026582E-2	-9.123365E-1
+7.391900E+9	+8.073737E-2	-9.123245E-1
+7.391915E+9	+8.098042E-2	-9.122522E-1
+7.391930E+9	+8.087393E-2	-9.124969E-1
+7.391945E+9	+8.000076E-2	-9.128697E-1
+7.391960E+9	+7.975983E-2	-9.132180E-1
+7.391975E+9	+8.020280E-2	-9.133752E-1
+7.391990E+9	+8.017412E-2	-9.132036E-1
+7.392005E+9	+7.949958E-2	-9.129554E-1
+7.392020E+9	+7.848256E-2	-9.130757E-1
+7.392035E+9	+7.824100E-2	-9.138053E-1
+7.392050E+9	+7.833203E-2	-9.143218E-1
+7.392065E+9	+7.847431E-2	-9.140781E-1
+7.392080E+9	+7.836769E-2	-9.140855E-1
+7.392095E+9	+7.777821E-2	-9.141818E-1
+7.392110E+9	+7.754052E-2	-9.130533E-1
+7.392125E+9	+7.821790E-2	-9.130598E-1
+7.392140E+9	+7.780230E-2	-9.133955E-1
+7.392155E+9	+7.802586E-2	-9.130429E-1
+7.392170E+9	+7.722171E-2	-9.131789E-1
+7.392185E+9	+7.635886E-2	-9.131834E-1
+7.392200E+9	+7.676697E-2	-9.128748E-1
+7.392215E+9	+7.663821E-2	-9.136551E-1
+7.392230E+9	+7.631838E-2	-9.139782E-1
+7.392245E+9	+7.550485E-2	-9.148974E-1
+7.392260E+9	+7.528982E-2	-9.127031E-1
+7.392275E+9	+7.592772E-2	-9.114525E-1
+7.392290E+9	+7.546356E-2	-9.120901E-1
+7.392305E+9	+7.536617E-2	-9.128502E-1
+7.392320E+9	+7.549347E-2	-9.127619E-1
+7.392335E+9	+7.543399E-2	-9.130879E-1
+7.392350E+9	+7.567846E-2	-9.128841E-1
+7.392365E+9	+7.596191E-2	-9.118358E-1
+7.392380E+9	+7.555915E-2	-9.112421E-1
+7.392395E+9	+7.495790E-2	-9.113266E-1
+7.392410E+9	+7.337100E-2	-9.128222E-1
+7.392425E+9	+7.332690E-2	-9.138955E-1
+7.392440E+9	+7.300847E-2	-9.126930E-1
+7.392455E+9	+7.323966E-2	-9.123454E-1
+7.392470E+9	+7.345323E-2	-9.123180E-1
+7.392485E+9	+7.309241E-2	-9.128028E-1
+7.392500E+9	+7.189844E-2	-9.133124E-1
+7.392515E+9	+7.184451E-2	-9.135177E-1
+7.392530E+9	+7.239134E-2	-9.136515E-1
+7.392545E+9	+7.273268E-2	-9.138634E-1
+7.392560E+9	+7.295368E-2	-9.140376E-1
+7.392575E+9	+7.186486E-2	-9.139202E-1
+7.392590E+9	+7.114868E-2	-9.138795E-1
+7.392605E+9	+7.118909E-2	-9.135846E-1
+7.392620E+9	+7.051692E-2	-9.138985E-1
+7.392635E+9	+6.994033E-2	-9.139443E-1
+7.392650E+9	+7.012115E-2	-9.145487E-1
+7.392665E+9	+6.956486E-2	-9.145990E-1
+7.392680E+9	+7.056155E-2	-9.135965E-1
+7.392695E+9	+6.925136E-2	-9.129175E-1
+7.392710E+9	+6.978483E-2	-9.132431E-1
+7.392725E+9	+7.115183E-2	-9.135396E-1
+7.392740E+9	+7.023077E-2	-9.131952E-1
+7.392755E+9	+6.962363E-2	-9.128936E-1
+7.392770E+9	+6.958941E-2	-9.128496E-1
+7.392785E+9	+6.908010E-2	-9.133938E-1
+7.392800E+9	+6.854087E-2	-9.135758E-1
+7.392815E+9	+6.833616E-2	-9.137786E-1
+7.392830E+9	+6.808724E-2	-9.143393E-1
+7.392845E+9	+6.733352E-2	-9.149830E-1
+7.392860E+9	+6.737772E-2	-9.144270E-1
+7.392875E+9	+6.823173E-2	-9.134984E-1
+7.392890E+9	+6.819603E-2	-9.131103E-1
+7.392905E+9	+6.712725E-2	-9.144814E-1
+7.392920E+9	+6.707722E-2	-9.138018E-1
+7.392935E+9	+6.656575E-2	-9.137850E-1
+7.392950E+9	+6.685364E-2	-9.141191E-1
+7.392965E+9	+6.726273E-2	-9.146153E-1
+7.392980E+9	+6.686520E-2	-9.144005E-1
+7.392995E+9	+6.666921E-2	-9.140442E-1
+7.393010E+9	+6.656860E-2	-9.142333E-1
+7.393025E+9	+6.621561E-2	-9.144300E-1
+7.393040E+9	+6.556774E-2	-9.142707E-1
+7.393055E+9	+6.471028E-2	-9.144413E-1
+7.393070E+9	+6.377424E-2	-9.144350E-1
+7.393085E+9	+6.468406E-2	-9.147333E-1
+7.393100E+9	+6.492322E-2	-9.151248E-1
+7.393115E+9	+6.431025E-2	-9.140188E-1
+7.393130E+9	+6.408598E-2	-9.137925E-1
+7.393145E+9	+6.422456E-2	-9.150230E-1
+7.393160E+9	+6.409254E-2	-9.148065E-1
+7.393175E+9	+6.335474E-2	-9.150575E-1
+7.393190E+9	+6.299981E-2	-9.141943E-1
+7.393205E+9	+6.317482E-2	-9.142549E-1
+7.393220E+9	+6.348863E-2	-9.151379E-1
+7.393235E+9	+6.307858E-2	-9.146447E-1
+7.393250E+9	+6.244263E-2	-9.138313E-1
+7.393265E+9	+6.202297E-2	-9.138431E-1
+7.393280E+9	+6.161497E-2	-9.133705E-1
+7.393295E+9	+6.113246E-2	-9.133165E-1
+7.393310E+9	+6.084811E-2	-9.145081E-1
+7.393325E+9	+6.066528E-2	-9.151481E-1
+7.393340E+9	+6.075823E-2	-9.144980E-1
+7.393355E+9	+6.072482E-2	-9.149443E-1
+7.393370E+9	+6.036676E-2	-9.153989E-1
+7.393385E+9	+5.991745E-2	-9.149615E-1
+7.393400E+9	+5.974658E-2	-9.148218E-1
+7.393415E+9	+6.009216E-2	-9.152304E-1
+7.393430E+9	+6.064221E-2	-9.150743E-1
+7.393445E+9	+6.037299E-2	-9.142060E-1
+7.393460E+9	+6.017454E-2	-9.142422E-1
+7.393475E+9	+6.003241E-2	-9.146592E-1
+7.393490E+9	+5.920061E-2	-9.146240E-1
+7.393505E+9	+5.882933E-2	-9.144554E-1
+7.393520E+9	+5.938964E-2	-9.142681E-1
+7.393535E+9	+5.899843E-2	-9.145221E-1
+7.393550E+9	+5.877109E-2	-9.149999E-1
+7.393565E+9	+5.769230E-2	-9.149501E-1
+7.393580E+9	+5.737506E-2	-9.148604E-1
+7.393595E+9	+5.778451E-2	-9.149034E-1
+7.393610E+9	+5.755199E-2	-9.148307E-1
+7.393625E+9	+5.698031E-2	-9.150197E-1
+7.393640E+9	+5.695465E-2	-9.151245E-1
+7.393655E+9	+5.592693E-2	-9.154884E-1
+7.393670E+9	+5.544412E-2	-9.158271E-1
+7.393685E+9	+5.667695E-2	-9.148678E-1
+7.393700E+9	+5.660075E-2	-9.141155E-1
+7.393715E+9	+5.550900E-2	-9.142651E-1
+7.393730E+9	+5.588813E-2	-9.149028E-1
+7.393745E+9	+5.538287E-2	-9.151888E-1
+7.393760E+9	+5.507659E-2	-9.142407E-1
+7.393775E+9	+5.403422E-2	-9.137879E-1
+7.393790E+9	+5.354184E-2	-9.136371E-1
+7.393805E+9	+5.670315E-2	-9.161253E-1
+7.393820E+9	+5.600158E-2	-9.155042E-1
+7.393835E+9	+5.460654E-2	-9.135190E-1
+7.393850E+9	+5.399820E-2	-9.134129E-1
+7.393865E+9	+5.341705E-2	-9.136430E-1
+7.393880E+9	+5.443804E-2	-9.139264E-1
+7.393895E+9	+5.412722E-2	-9.137539E-1
+7.393910E+9	+5.408529E-2	-9.148600E-1
+7.393925E+9	+5.331611E-2	-9.145702E-1
+7.393940E+9	+5.346710E-2	-9.150431E-1
+7.393955E+9	+5.226609E-2	-9.145294E-1
+7.393970E+9	+5.228163E-2	-9.143196E-1
+7.393985E+9	+5.252497E-2	-9.148056E-1
+7.394000E+9	+5.200613E-2	-9.146116E-1
+7.394015E+9	+5.147324E-2	-9.153385E-1
+7.394030E+9	+5.124402E-2	-9.153178E-1
+7.394045E+9	+5.127438E-2	-9.149622E-1
+7.394060E+9	+5.139794E-2	-9.143132E-1
+7.394075E+9	+5.105791E-2	-9.149068E-1
+7.394090E+9	+5.067895E-2	-9.155006E-1
+7.394105E+9	+5.190079E-2	-9.151871E-1
+7.394120E+9	+5.132431E-2	-9.151373E-1
+7.394135E+9	+4.996002E-2	-9.150461E-1
+7.394150E+9	+4.981728E-2	-9.154444E-1
+7.394165E+9	+4.990891E-2	-9.156392E-1
+7.394180E+9	+5.043874E-2	-9.150007E-1
+7.394195E+9	+4.925825E-2	-9.152208E-1
+7.394210E+9	+4.864271E-2	-9.156214E-1
+7.394225E+9	+4.862377E-2	-9.158418E-1
+7.394240E+9	+4.826826E-2	-9.151419E-1
+7.394255E+9	+4.803830E-2	-9.146970E-1
+7.394270E+9	+4.708153E-2	-9.139992E-1
+7.394285E+9	+4.810492E-2	-9.142017E-1
+7.394300E+9	+4.849640E-2	-9.149286E-1
+7.394315E+9	+4.729295E-2	-9.153528E-1
+7.394330E+9	+4.814576E-2	-9.155864E-1
+7.394345E+9	+4.788522E-2	-9.143721E-1
+7.394360E+9	+4.777633E-2	-9.140895E-1
+7.394375E+9	+4.681700E-2	-9.152575E-1
+7.394390E+9	+4.724864E-2	-9.162378E-1
+7.394405E+9	+4.819075E-2	-9.154055E-1
+7.394420E+9	+4.707436E-2	-9.144466E-1
+7.394435E+9	+4.634094E-2	-9.146031E-1
+7.394450E+9	+4.538663E-2	-9.148104E-1
+7.394465E+9	+4.524900E-2	-9.151804E-1
+7.394480E+9	+4.569901E-2	-9.152921E-1
+7.394495E+9	+4.488667E-2	-9.155509E-1
+7.394510E+9	+4.443832E-2	-9.157169E-1
+7.394525E+9	+4.550805E-2	-9.157649E-1
+7.394540E+9	+4.410089E-2	-9.149298E-1
+7.394555E+9	+4.395061E-2	-9.139683E-1
+7.394570E+9	+4.499192E-2	-9.148699E-1
+7.394585E+9	+4.502816E-2	-9.159476E-1
+7.394600E+9	+4.449978E-2	-9.158060E-1
+7.394615E+9	+4.405240E-2	-9.164569E-1
+7.394630E+9	+4.473101E-2	-9.158042E-1
+7.394645E+9	+4.394259E-2	-9.155900E-1
+7.394660E+9	+4.387115E-2	-9.155166E-1
+7.394675E+9	+4.330780E-2	-9.156976E-1
+7.394690E+9	+4.309212E-2	-9.158137E-1
+7.394705E+9	+4.283003E-2	-9.154620E-1
+7.394720E+9	+4.275356E-2	-9.152445E-1
+7.394735E+9	+4.149298E-2	-9.147130E-1
+7.394750E+9	+4.169210E-2	-9.144637E-1
+7.394765E+9	+4.158609E-2	-9.151864E-1
+7.394780E+9	+4.188557E-2	-9.159336E-1
+7.394795E+9	+4.274991E-2	-9.164298E-1
+7.394810E+9	+4.235911E-2	-9.157929E-1
+7.394825E+9	+4.185354E-2	-9.139980E-1
+7.394840E+9	+4.164318E-2	-9.154634E-1
+7.394855E+9	+4.179113E-2	-9.159503E-1
+7.394870E+9	+4.088435E-2	-9.163724E-1
+7.394885E+9	+3.975574E-2	-9.157089E-1
+7.394900E+9	+4.119802E-2	-9.135317E-1
+7.394915E+9	+3.986683E-2	-9.146181E-1
+7.394930E+9	+3.899767E-2	-9.158546E-1
+7.394945E+9	+3.930949E-2	-9.170652E-1
+7.394960E+9	+3.948092E-2	-9.172493E-1
+7.394975E+9	+4.092072E-2	-9.152637E-1
+7.394990E+9	+3.976392E-2	-9.151153E-1
+7.395005E+9	+3.877428E-2	-9.147983E-1
+7.395020E+9	+3.816218E-2	-9.144641E-1
+7.395035E+9	+3.755868E-2	-9.148900E-1
+7.395050E+9	+3.782178E-2	-9.164477E-1
+7.395065E+9	+3.705702E-2	-9.157794E-1
+7.395080E+9	+3.708438E-2	-9.153201E-1
+7.395095E+9	+3.679928E-2	-9.156767E-1
+7.395110E+9	+3.653497E-2	-9.156630E-1
+7.395125E+9	+3.865598E-2	-9.156585E-1
+7.395140E+9	+3.742963E-2	-9.159093E-1
+7.395155E+9	+3.643509E-2	-9.157596E-1
+7.395170E+9	+3.631241E-2	-9.163096E-1
+7.395185E+9	+3.572769E-2	-9.163231E-1
+7.395200E+9	+3.635596E-2	-9.148757E-1
+7.395215E+9	+3.629570E-2	-9.159295E-1
+7.395230E+9	+3.562145E-2	-9.169483E-1
+7.395245E+9	+3.539790E-2	-9.172125E-1
+7.395260E+9	+3.458210E-2	-9.170385E-1
+7.395275E+9	+3.600778E-2	-9.150964E-1
+7.395290E+9	+3.519883E-2	-9.151319E-1
+7.395305E+9	+3.434468E-2	-9.153021E-1
+7.395320E+9	+3.373890E-2	-9.157448E-1
+7.395335E+9	+3.320382E-2	-9.156770E-1
+7.395350E+9	+3.613309E-2	-9.157333E-1
+7.395365E+9	+3.467103E-2	-9.161597E-1
+7.395380E+9	+3.348108E-2	-9.162829E-1
+7.395395E+9	+3.357325E-2	-9.151672E-1
+7.395410E+9	+3.304284E-2	-9.149771E-1
+7.395425E+9	+3.253623E-2	-9.155260E-1
+7.395440E+9	+3.232710E-2	-9.152911E-1
+7.395455E+9	+3.222059E-2	-9.158046E-1
+7.395470E+9	+3.225737E-2	-9.156695E-1
+7.395485E+9	+3.205921E-2	-9.155622E-1
+7.395500E+9	+3.181470E-2	-9.170848E-1
+7.395515E+9	+3.143402E-2	-9.167934E-1
+7.395530E+9	+3.087313E-2	-9.164316E-1
+7.395545E+9	+3.073477E-2	-9.162366E-1
+7.395560E+9	+3.193244E-2	-9.164873E-1
+7.395575E+9	+3.085560E-2	-9.145055E-1
+7.395590E+9	+3.109860E-2	-9.144704E-1
+7.395605E+9	+3.089359E-2	-9.152776E-1
+7.395620E+9	+3.000193E-2	-9.159194E-1
+7.395635E+9	+2.928352E-2	-9.160965E-1
+7.395650E+9	+3.013928E-2	-9.152923E-1
+7.395665E+9	+2.971414E-2	-9.154306E-1
+7.395680E+9	+2.905143E-2	-9.160344E-1
+7.395695E+9	+2.811074E-2	-9.168754E-1
+7.395710E+9	+2.956462E-2	-9.163891E-1
+7.395725E+9	+2.912269E-2	-9.132118E-1
+7.395740E+9	+2.921664E-2	-9.153874E-1
+7.395755E+9	+2.853589E-2	-9.161029E-1
+7.395770E+9	+2.864784E-2	-9.156680E-1
+7.395785E+9	+2.791257E-2	-9.156164E-1
+7.395800E+9	+2.616915E-2	-9.146292E-1
+7.395815E+9	+2.655530E-2	-9.144690E-1
+7.395830E+9	+2.762515E-2	-9.161782E-1
+7.395845E+9	+2.681895E-2	-9.167259E-1
+7.395860E+9	+2.672937E-2	-9.160158E-1
+7.395875E+9	+2.537722E-2	-9.149005E-1
+7.395890E+9	+2.588823E-2	-9.152077E-1
+7.395905E+9	+2.573684E-2	-9.159160E-1
+7.395920E+9	+2.544862E-2	-9.166242E-1
+7.395935E+9	+2.660791E-2	-9.163685E-1
+7.395950E+9	+2.682161E-2	-9.157395E-1
+7.395965E+9	+2.611441E-2	-9.166755E-1
+7.395980E+9	+2.584236E-2	-9.162091E-1
+7.395995E+9	+2.673797E-2	-9.158623E-1
+7.396010E+9	+2.638045E-2	-9.152778E-1
+7.396025E+9	+2.424249E-2	-9.154290E-1
+7.396040E+9	+2.372684E-2	-9.161899E-1
+7.396055E+9	+2.457823E-2	-9.170820E-1
+7.396070E+9	+2.445893E-2	-9.164802E-1
+7.396085E+9	+2.380967E-2	-9.156570E-1
+7.396100E+9	+2.338029E-2	-9.149611E-1
+7.396115E+9	+2.300844E-2	-9.143975E-1
+7.396130E+9	+2.412116E-2	-9.151573E-1
+7.396145E+9	+2.348947E-2	-9.157795E-1
+7.396160E+9	+2.249278E-2	-9.160003E-1
+7.396175E+9	+2.159704E-2	-9.151653E-1
+7.396190E+9	+2.176582E-2	-9.154358E-1
+7.396205E+9	+2.241478E-2	-9.155488E-1
+7.396220E+9	+2.355341E-2	-9.159576E-1
+7.396235E+9	+2.328931E-2	-9.162364E-1
+7.396250E+9	+2.212218E-2	-9.160497E-1
+7.396265E+9	+2.242512E-2	-9.163949E-1
+7.396280E+9	+2.253034E-2	-9.164873E-1
+7.396295E+9	+2.156387E-2	-9.163927E-1
+7.396310E+9	+2.111536E-2	-9.167890E-1
+7.396325E+9	+2.112247E-2	-9.165459E-1
+7.396340E+9	+2.038312E-2	-9.160365E-1
+7.396355E+9	+2.012542E-2	-9.158997E-1
+7.396370E+9	+1.999962E-2	-9.163685E-1
+7.396385E+9	+1.944026E-2	-9.170504E-1
+7.396400E+9	+1.941678E-2	-9.174216E-1
+7.396415E+9	+1.868193E-2	-9.164932E-1
+7.396430E+9	+1.875715E-2	-9.160837E-1
+7.396445E+9	+1.956385E-2	-9.157387E-1
+7.396460E+9	+1.932248E-2	-9.154546E-1
+7.396475E+9	+1.895511E-2	-9.155895E-1
+7.396490E+9	+1.917586E-2	-9.161658E-1
+7.396505E+9	+1.919887E-2	-9.163074E-1
+7.396520E+9	+1.884105E-2	-9.162411E-1
+7.396535E+9	+1.711522E-2	-9.178471E-1
+7.396550E+9	+1.853063E-2	-9.180793E-1
+7.396565E+9	+1.757538E-2	-9.159672E-1
+7.396580E+9	+1.711371E-2	-9.148347E-1
+7.396595E+9	+1.750391E-2	-9.151312E-1
+7.396610E+9	+1.737451E-2	-9.160021E-1
+7.396625E+9	+1.680576E-2	-9.156977E-1
+7.396640E+9	+1.640062E-2	-9.155490E-1
+7.396655E+9	+1.683818E-2	-9.148902E-1
+7.396670E+9	+1.623199E-2	-9.145826E-1
+7.396685E+9	+1.593929E-2	-9.154449E-1
+7.396700E+9	+1.568889E-2	-9.157530E-1
+7.396715E+9	+1.499075E-2	-9.160257E-1
+7.396730E+9	+1.485962E-2	-9.159209E-1
+7.396745E+9	+1.568014E-2	-9.157974E-1
+7.396760E+9	+1.569873E-2	-9.164230E-1
+7.396775E+9	+1.515563E-2	-9.170413E-1
+7.396790E+9	+1.530834E-2	-9.162314E-1
+7.396805E+9	+1.534353E-2	-9.162357E-1
+7.396820E+9	+1.515941E-2	-9.164064E-1
+7.396835E+9	+1.400557E-2	-9.168010E-1
+7.396850E+9	+1.360944E-2	-9.171921E-1
+7.396865E+9	+1.442190E-2	-9.172172E-1
+7.396880E+9	+1.434443E-2	-9.161684E-1
+7.396895E+9	+1.215606E-2	-9.158903E-1
+7.396910E+9	+1.250094E-2	-9.159493E-1
+7.396925E+9	+1.425834E-2	-9.160586E-1
+7.396940E+9	+1.288832E-2	-9.161280E-1
+7.396955E+9	+1.285941E-2	-9.167518E-1
+7.396970E+9	+1.189035E-2	-9.163830E-1
+7.396985E+9	+1.205130E-2	-9.152881E-1
+7.397000E+9	+1.287480E-2	-9.160992E-1
+7.397015E+9	+1.198107E-2	-9.167357E-1
+7.397030E+9	+1.137425E-2	-9.168858E-1
+7.397045E+9	+1.156822E-2	-9.168468E-1
+7.397060E+9	+1.176259E-2	-9.165936E-1
+7.397075E+9	+1.214810E-2	-9.161419E-1
+7.397090E+9	+1.135714E-2	-9.163767E-1
+7.397105E+9	+1.008417E-2	-9.169139E-1
+7.397120E+9	+1.009039E-2	-9.162007E-1
+7.397135E+9	+9.909154E-3	-9.158773E-1
+7.397150E+9	+1.017243E-2	-9.157720E-1
+7.397165E+9	+9.985723E-3	-9.155010E-1
+7.397180E+9	+1.057594E-2	-9.163457E-1
+7.397195E+9	+9.450741E-3	-9.167861E-1
+7.397210E+9	+8.974787E-3	-9.166103E-1
+7.397225E+9	+8.473112E-3	-9.156447E-1
+7.397240E+9	+7.495544E-3	-9.152496E-1
+7.397255E+9	+7.587157E-3	-9.152272E-1
+7.397270E+9	+8.338427E-3	-9.151759E-1
+7.397285E+9	+8.506587E-3	-9.151094E-1
+7.397300E+9	+8.495138E-3	-9.153885E-1
+7.397315E+9	+8.750452E-3	-9.170535E-1
+7.397330E+9	+7.880174E-3	-9.168350E-1
+7.397345E+9	+6.879179E-3	-9.163269E-1
+7.397360E+9	+6.520361E-3	-9.168711E-1
+7.397375E+9	+7.045335E-3	-9.170044E-1
+7.397390E+9	+7.002015E-3	-9.162874E-1
+7.397405E+9	+6.893882E-3	-9.164199E-1
+7.397420E+9	+6.466443E-3	-9.173601E-1
+7.397435E+9	+6.060998E-3	-9.171186E-1
+7.397450E+9	+5.508790E-3	-9.165490E-1
+7.397465E+9	+4.455251E-3	-9.164100E-1
+7.397480E+9	+5.483855E-3	-9.173822E-1
+7.397495E+9	+5.439606E-3	-9.177298E-1
+7.397510E+9	+4.796400E-3	-9.170458E-1
+7.397525E+9	+4.330132E-3	-9.164754E-1
+7.397540E+9	+3.992542E-3	-9.165646E-1
+7.397555E+9	+4.161490E-3	-9.165818E-1
+7.397570E+9	+3.964022E-3	-9.167775E-1
+7.397585E+9	+4.031283E-3	-9.148537E-1
+7.397600E+9	+3.394013E-3	-9.146233E-1
+7.397615E+9	+4.093910E-3	-9.156562E-1
+7.397630E+9	+3.902369E-3	-9.162702E-1
+7.397645E+9	+3.074913E-3	-9.165399E-1
+7.397660E+9	+2.433215E-3	-9.163664E-1
+7.397675E+9	+2.483829E-3	-9.152552E-1
+7.397690E+9	+2.357700E-3	-9.165432E-1
+7.397705E+9	+2.901621E-3	-9.174396E-1
+7.397720E+9	+2.951789E-3	-9.174734E-1
+7.397735E+9	+2.483588E-3	-9.169627E-1
+7.397750E+9	+1.698711E-3	-9.163116E-1
+7.397765E+9	+6.111620E-4	-9.156642E-1
+7.397780E+9	-1.407170E-4	-9.162510E-1
+7.397795E+9	-4.529651E-4	-9.169829E-1
+7.397810E+9	+1.159860E-3	-9.170212E-1
+7.397825E+9	+5.489988E-4	-9.159186E-1
+7.397840E+9	+7.139110E-5	-9.158588E-1
+7.397855E+9	-9.684809E-4	-9.168968E-1
+7.397870E+9	-8.777853E-4	-9.164720E-1
+7.397885E+9	-4.378418E-4	-9.172429E-1
+7.397900E+9	-3.644293E-4	-9.168264E-1
+7.397915E+9	-7.668801E-4	-9.164556E-1
+7.397930E+9	-4.963694E-4	-9.174065E-1
+7.397945E+9	-7.296671E-4	-9.187881E-1
+7.397960E+9	-6.469925E-4	-9.188082E-1
+7.397975E+9	-7.598112E-4	-9.166596E-1
+7.397990E+9	-3.768376E-4	-9.166213E-1
+7.398005E+9	-1.730309E-3	-9.181443E-1
+7.398020E+9	-2.332484E-3	-9.180892E-1
+7.398035E+9	-3.067480E-3	-9.170902E-1
+7.398050E+9	-2.412438E-3	-9.167953E-1
+7.398065E+9	-2.608891E-3	-9.167153E-1
+7.398080E+9	-2.605634E-3	-9.167979E-1
+7.398095E+9	-2.685154E-3	-9.168686E-1
+7.398110E+9	-2.192703E-3	-9.150420E-1
+7.398125E+9	-2.461898E-3	-9.167243E-1
+7.398140E+9	-2.466794E-3	-9.168869E-1
+7.398155E+9	-3.054072E-3	-9.168315E-1
+7.398170E+9	-4.761402E-3	-9.170950E-1
+7.398185E+9	-4.883297E-3	-9.165422E-1
+7.398200E+9	-4.117045E-3	-9.160986E-1
+7.398215E+9	-4.115126E-3	-9.164057E-1
+7.398230E+9	-4.124885E-3	-9.165028E-1
+7.398245E+9	-3.900145E-3	-9.167631E-1
+7.398260E+9	-3.683282E-3	-9.171026E-1
+7.398275E+9	-3.520674E-3	-9.169043E-1
+7.398290E+9	-4.877086E-3	-9.162555E-1
+7.398305E+9	-6.085640E-3	-9.156537E-1
+7.398320E+9	-6.398347E-3	-9.155820E-1
+7.398335E+9	-5.539927E-3	-9.160202E-1
+7.398350E+9	-5.326247E-3	-9.169490E-1
+7.398365E+9	-5.627772E-3	-9.168066E-1
+7.398380E+9	-7.064986E-3	-9.165687E-1
+7.398395E+9	-6.733513E-3	-9.166444E-1
+7.398410E+9	-7.023208E-3	-9.173559E-1
+7.398425E+9	-7.695105E-3	-9.171443E-1
+7.398440E+9	-7.909988E-3	-9.166951E-1
+7.398455E+9	-8.067206E-3	-9.164691E-1
+7.398470E+9	-7.645208E-3	-9.163041E-1
+7.398485E+9	-7.595246E-3	-9.161203E-1
+7.398500E+9	-8.245018E-3	-9.160868E-1
+7.398515E+9	-8.429989E-3	-9.161393E-1
+7.398530E+9	-8.840868E-3	-9.161401E-1
+7.398545E+9	-9.581533E-3	-9.160682E-1
+7.398560E+9	-8.994577E-3	-9.174098E-1
+7.398575E+9	-9.080187E-3	-9.173845E-1
+7.398590E+9	-8.691250E-3	-9.173140E-1
+7.398605E+9	-9.960477E-3	-9.160786E-1
+7.398620E+9	-9.710765E-3	-9.158383E-1
+7.398635E+9	-9.960935E-3	-9.159823E-1
+7.398650E+9	-1.045402E-2	-9.160929E-1
+7.398665E+9	-1.050722E-2	-9.157797E-1
+7.398680E+9	-1.085526E-2	-9.159393E-1
+7.398695E+9	-1.166263E-2	-9.160126E-1
+7.398710E+9	-1.006898E-2	-9.159096E-1
+7.398725E+9	-9.940647E-3	-9.155838E-1
+7.398740E+9	-1.057134E-2	-9.157151E-1
+7.398755E+9	-1.127152E-2	-9.162685E-1
+7.398770E+9	-1.252768E-2	-9.172072E-1
+7.398785E+9	-1.212335E-2	-9.169433E-1
+7.398800E+9	-1.295093E-2	-9.176694E-1
+7.398815E+9	-1.369176E-2	-9.168755E-1
+7.398830E+9	-1.204693E-2	-9.172045E-1
+7.398845E+9	-1.262985E-2	-9.174306E-1
+7.398860E+9	-1.351155E-2	-9.164811E-1
+7.398875E+9	-1.097513E-2	-9.166818E-1
+7.398890E+9	-1.176989E-2	-9.162404E-1
+7.398905E+9	-1.308554E-2	-9.162213E-1
+7.398920E+9	-1.357253E-2	-9.165833E-1
+7.398935E+9	-1.418386E-2	-9.166264E-1
+7.398950E+9	-1.479423E-2	-9.164534E-1
+7.398965E+9	-1.515668E-2	-9.164104E-1
+7.398980E+9	-1.474846E-2	-9.168367E-1
+7.398995E+9	-1.469322E-2	-9.171527E-1
+7.399010E+9	-1.505733E-2	-9.169105E-1
+7.399025E+9	-1.578644E-2	-9.161236E-1
+7.399040E+9	-1.565710E-2	-9.158264E-1
+7.399055E+9	-1.592317E-2	-9.158785E-1
+7.399070E+9	-1.646911E-2	-9.150586E-1
+7.399085E+9	-1.640391E-2	-9.154022E-1
+7.399100E+9	-1.620233E-2	-9.172365E-1
+7.399115E+9	-1.580360E-2	-9.165090E-1
+7.399130E+9	-1.598404E-2	-9.160913E-1
+7.399145E+9	-1.632585E-2	-9.166091E-1
+7.399160E+9	-1.717290E-2	-9.174538E-1
+7.399175E+9	-1.731039E-2	-9.161566E-1
+7.399190E+9	-1.787293E-2	-9.164507E-1
+7.399205E+9	-1.769102E-2	-9.164630E-1
+7.399220E+9	-1.793906E-2	-9.162523E-1
+7.399235E+9	-1.763663E-2	-9.162942E-1
+7.399250E+9	-1.742744E-2	-9.165117E-1
+7.399265E+9	-1.793487E-2	-9.170499E-1
+7.399280E+9	-1.805948E-2	-9.161382E-1
+7.399295E+9	-1.816949E-2	-9.160453E-1
+7.399310E+9	-1.913756E-2	-9.163747E-1
+7.399325E+9	-1.844656E-2	-9.154846E-1
+7.399340E+9	-1.871996E-2	-9.160944E-1
+7.399355E+9	-1.893111E-2	-9.165329E-1
+7.399370E+9	-1.930812E-2	-9.164896E-1
+7.399385E+9	-1.994221E-2	-9.171988E-1
+7.399400E+9	-2.027014E-2	-9.159272E-1
+7.399415E+9	-2.015482E-2	-9.164654E-1
+7.399430E+9	-2.082973E-2	-9.174845E-1
+7.399445E+9	-2.122392E-2	-9.169129E-1
+7.399460E+9	-2.082708E-2	-9.169819E-1
+7.399475E+9	-2.137232E-2	-9.157038E-1
+7.399490E+9	-2.095744E-2	-9.164936E-1
+7.399505E+9	-2.025464E-2	-9.161331E-1
+7.399520E+9	-2.103998E-2	-9.165714E-1
+7.399535E+9	-2.112937E-2	-9.170764E-1
+7.399550E+9	-2.174971E-2	-9.167441E-1
+7.399565E+9	-2.261511E-2	-9.168787E-1
+7.399580E+9	-2.315065E-2	-9.151509E-1
+7.399595E+9	-2.345961E-2	-9.156126E-1
+7.399610E+9	-2.214181E-2	-9.168295E-1
+7.399625E+9	-2.293371E-2	-9.166517E-1
+7.399640E+9	-2.356406E-2	-9.161047E-1
+7.399655E+9	-2.333407E-2	-9.153493E-1
+7.399670E+9	-2.352683E-2	-9.148552E-1
+7.399685E+9	-2.375869E-2	-9.155165E-1
+7.399700E+9	-2.387756E-2	-9.160734E-1
+7.399715E+9	-2.486379E-2	-9.161750E-1
+7.399730E+9	-2.491195E-2	-9.159732E-1
+7.399745E+9	-2.443756E-2	-9.156230E-1
+7.399760E+9	-2.411542E-2	-9.167137E-1
+7.399775E+9	-2.553623E-2	-9.177497E-1
+7.399790E+9	-2.563730E-2	-9.171478E-1
+7.399805E+9	-2.491387E-2	-9.155232E-1
+7.399820E+9	-2.551834E-2	-9.158624E-1
+7.399835E+9	-2.550120E-2	-9.167625E-1
+7.399850E+9	-2.505690E-2	-9.163766E-1
+7.399865E+9	-2.489364E-2	-9.162176E-1
+7.399880E+9	-2.518839E-2	-9.159468E-1
+7.399895E+9	-2.552528E-2	-9.162405E-1
+7.399910E+9	-2.576785E-2	-9.161889E-1
+7.399925E+9	-2.697112E-2	-9.166694E-1
+7.399940E+9	-2.783451E-2	-9.171929E-1
+7.399955E+9	-2.736837E-2	-9.162736E-1
+7.399970E+9	-2.786249E-2	-9.157214E-1
+7.399985E+9	-2.832517E-2	-9.159391E-1
+7.400000E+9	-2.869723E-2	-9.165211E-1
